dataset,project,path,version,codeLine,statement,varTotal,optTotal,array,bracketDepth,bracketTotal,keywordTotal,methodTotal,typeTotal,logic,lengthEle,lengthWord,depth,suspicious,accuracy,miss_line,predict
defect4j,time,org/joda/time/chrono/ZonedChronology,3,347,            return offset;,4,0,0,0,0,1,2,2,0,8,14,1,0.22523,0,0,-1
defect4j,time,org/joda/time/chrono/BasicGJChronology,3,190,                    dayOfYear++;,2,0,0,0,0,0,0,0,0,3,12,10,0.19685,0,0,-1
defect4j,time,org/joda/time/MutableDateTime,3,639,"            setMillis(type.getField(getChronology()).add(getMillis(), amount));",0,0,0,5,10,0,0,0,0,15,67,4,0.16667,0,0,-1
defect4j,time,org/joda/time/MutableDateTime,3,660,"            setMillis(getChronology().years().add(getMillis(), years));",2,1,0,5,10,0,12,0,0,15,59,3,0.16667,1,0,-1
defect4j,time,org/joda/time/MutableDateTime,3,723,"            setMillis(getChronology().weeks().add(getMillis(), weeks));",14,2,0,5,10,0,18,0,0,35,59,1,0.16667,1,1,-1
defect4j,time,org/joda/time/field/ZeroIsMaxDateTimeField,4,148,        return getWrappedField().getMaximumValue() + 1;,4,2,0,2,4,1,16,0,0,23,47,1,0.5,0,0,-1
defect4j,time,org/joda/time/Partial,4,447,                            DurationField rangeField = fieldType.getRangeDurationType().getField(iChronology);,2,0,0,2,4,0,0,0,0,2,82,5,0.2,0,0,-1
defect4j,time,org/joda/time/Partial,4,448,                            DurationField loopRangeField = loopType.getRangeDurationType().getField(iChronology);,10,1,0,2,4,0,20,2,0,34,85,3,0.2,0,0,-1
defect4j,time,org/joda/time/Partial,4,449,                            if (rangeField.compareTo(loopRangeField) > 0) {,0,1,0,2,5,0,6,0,0,7,47,15,0.2,0,0,-1
defect4j,time,org/joda/time/DateTimeFieldType,4,457,            return iRangeType;,2,0,0,0,0,1,0,0,0,2,18,5,0.05556,0,0,-1
defect4j,time,org/joda/time/Partial,4,446,                        } else if (compare == 0) {,6,4,0,1,4,0,0,0,0,10,26,4,0.05263,0,0,-1
defect4j,time,org/joda/time/Partial,4,443,                        int compare = unitField.compareTo(loopUnitField);,2,0,0,1,2,0,6,0,0,8,49,13,0.05,0,0,-1
defect4j,time,org/joda/time/Partial,4,444,                        if (compare > 0) {,4,1,0,1,3,0,0,0,0,6,18,3,0.05,0,0,-1
defect4j,time,org/joda/time/Partial,4,439,                for (; i < iTypes.length; i++) {,8,1,0,1,3,0,0,0,0,10,32,8,0.04348,0,0,-1
defect4j,time,org/joda/time/Partial,4,440,                    DateTimeFieldType loopType = iTypes[i];,2,1,0,1,2,0,0,0,0,3,39,4,0.04348,0,0,-1
defect4j,time,org/joda/time/Partial,4,442,                    if (loopUnitField.isSupported()) {,0,0,0,2,5,0,6,0,0,6,34,6,0.04348,0,0,-1
defect4j,time,org/joda/time/Partial,4,432,            DateTimeFieldType[] newTypes = new DateTimeFieldType[iTypes.length + 1];,2,0,0,2,4,1,0,2,0,5,72,8,0.04167,0,0,-1
defect4j,time,org/joda/time/Partial,4,433,            int[] newValues = new int[newTypes.length];,10,0,0,2,4,0,0,0,0,11,43,3,0.04167,0,0,-1
defect4j,time,org/joda/time/Partial,4,436,            int i = 0;,2,0,0,0,0,0,0,0,0,2,10,7,0.04167,0,0,-1
defect4j,time,org/joda/time/Partial,4,437,            DurationField unitField = fieldType.getDurationType().getField(iChronology);,8,0,0,2,4,0,8,2,0,19,76,3,0.04167,0,0,-1
defect4j,time,org/joda/time/Partial,4,457,"            System.arraycopy(iValues, 0, newValues, 0, i);",0,0,0,1,2,0,10,0,0,10,46,7,0.04167,0,0,-1
defect4j,time,org/joda/time/Partial,4,459,            newValues[i] = value;,2,0,1,1,2,0,0,0,0,7,21,6,0.04167,0,0,-1
defect4j,time,org/joda/time/Partial,4,460,"            System.arraycopy(iTypes, i, newTypes, i + 1, newTypes.length - i - 1);",8,2,0,1,2,0,10,0,0,20,70,7,0.04167,0,0,-1
defect4j,time,org/joda/time/Partial,4,461,"            System.arraycopy(iValues, i, newValues, i + 1, newValues.length - i - 1);",10,2,0,1,2,0,18,0,0,31,73,3,0.04167,0,0,-1
defect4j,time,org/joda/time/Partial,4,465,"            iChronology.validate(newPartial, newValues);",0,0,0,1,2,0,8,0,0,8,44,7,0.04167,0,0,-1
defect4j,time,org/joda/time/Partial,4,466,            return newPartial;,16,2,0,0,0,1,2,0,0,22,18,3,0.04167,0,0,-1
defect4j,time,org/joda/time/Partial,4,430,        int index = indexOf(fieldType);,6,0,0,1,2,0,4,0,0,10,31,3,0.03846,0,0,-1
defect4j,time,org/joda/time/Partial,4,431,        if (index == -1) {,2,1,0,1,3,0,0,0,0,4,18,4,0.03846,0,0,-1
defect4j,time,org/joda/time/Partial,4,427,        if (fieldType == null) {,4,1,0,1,3,0,0,0,0,6,24,3,0.03704,0,0,-1
defect4j,time,org/joda/time/Partial,4,300,    },10,0,0,0,1,0,6,2,0,19,1,4,0.03333,0,0,-1
defect4j,time,org/joda/time/PeriodType,5,690,"            throw new UnsupportedOperationException(""Field is not supported"");",0,0,0,1,2,0,0,2,0,3,66,7,3.0,0,0,-1
defect4j,time,org/joda/time/Period,5,895,        int[] values = getValues();  // cloned,4,1,0,2,4,0,0,0,0,5,38,4,1.0,0,0,-1
defect4j,time,org/joda/time/Period,5,896,"        getPeriodType().setIndexedField(this, PeriodType.YEAR_INDEX, values, years);",6,0,0,2,4,0,8,0,0,14,76,3,1.0,0,0,-1
defect4j,time,org/joda/time/Period,5,1629,            months = months % 12;,4,1,0,0,0,0,0,0,0,6,21,6,1.0,1,0,-1
defect4j,time,org/joda/time/Period,5,1628,"            years = FieldUtils.safeAdd(years, months / 12);",4,1,0,1,2,0,6,0,0,12,47,6,0.81818,1,0,-1
defect4j,time,org/joda/time/Period,5,1625,        int years = getYears();,2,0,0,1,2,0,2,0,0,4,23,5,0.5625,0,0,-1
defect4j,time,org/joda/time/Period,5,1626,        int months = getMonths();,2,0,0,1,2,0,2,0,0,4,25,5,0.5625,0,0,-1
defect4j,time,org/joda/time/Period,5,1618,"        long millis = getMillis();  // no overflow can happen, even with Integer.MAX_VALUEs",2,0,0,1,2,0,2,0,0,4,83,5,0.5,0,0,-1
defect4j,time,org/joda/time/Period,5,1619,        millis += (((long) getSeconds()) * ((long) DateTimeConstants.MILLIS_PER_SECOND));,0,0,0,6,12,0,0,0,0,18,81,4,0.5,0,0,-1
defect4j,time,org/joda/time/Period,5,1620,        millis += (((long) getMinutes()) * ((long) DateTimeConstants.MILLIS_PER_MINUTE));,6,1,0,6,12,0,2,0,0,10,81,4,0.5,0,0,-1
defect4j,time,org/joda/time/Period,5,1621,        millis += (((long) getHours()) * ((long) DateTimeConstants.MILLIS_PER_HOUR));,2,0,0,6,12,0,0,0,0,2,77,9,0.5,0,0,-1
defect4j,time,org/joda/time/Period,5,1623,        millis += (((long) getWeeks()) * ((long) DateTimeConstants.MILLIS_PER_WEEK));,0,0,0,6,12,0,8,0,0,8,77,5,0.5,0,0,-1
defect4j,time,org/joda/time/Period,5,1624,"        Period result = new Period(millis, type, ISOChronology.getInstanceUTC());",8,1,0,2,4,0,4,4,0,17,73,1,0.5,0,0,-1
defect4j,time,org/joda/time/PeriodType,5,535,        if (cached != null) {,2,1,0,1,3,0,0,0,0,3,21,4,0.5,0,0,-1
defect4j,time,org/joda/time/PeriodType,5,539,        List<DurationFieldType> list = new ArrayList<DurationFieldType>(Arrays.asList(types));,2,0,0,2,4,0,6,8,0,16,86,4,0.5,0,0,-1
defect4j,time,org/joda/time/PeriodType,5,540,        if (list.remove(DurationFieldType.years()) == false) {,0,1,0,3,7,0,8,0,0,10,54,4,0.5,0,0,-1
defect4j,time,org/joda/time/chrono/GJChronology,6,975,"                instant = iGregorianField.add(instant, value);",2,0,0,1,2,0,8,0,0,11,46,7,4.0,1,1,-1
defect4j,time,org/joda/time/chrono/GJChronology,6,978,                    if (instant + iGapDuration < iCutover) {,14,2,0,1,3,0,10,2,0,28,40,1,4.0,0,0,-1
defect4j,time,org/joda/time/chrono/GJChronology,6,979,                        instant = gregorianToJulian(instant);,2,0,0,1,2,0,4,0,0,7,37,11,4.0,1,0,-1
defect4j,time,org/joda/time/chrono/GJChronology,6,339,            instant = iJulianChronology.getDateTimeMillis,2,0,0,0,0,0,4,0,0,7,45,6,1.6,0,0,-1
defect4j,time,org/joda/time/chrono/GJChronology,6,341,            if (instant >= iCutoverMillis) {,4,1,0,1,3,0,0,0,0,5,32,6,1.6,0,0,-1
defect4j,time,org/joda/time/LocalDate,6,1965,"            return iInstant.withLocalMillis(iField.add(iInstant.getLocalMillis(), value));",2,1,0,3,6,1,0,0,0,3,78,4,1.33333,0,0,-1
defect4j,time,org/joda/time/IllegalFieldValueException,6,314,        return iMessage;,2,0,0,0,0,1,0,0,0,2,16,4,1.33333,0,0,-1
defect4j,time,org/joda/time/LocalDate,6,1500,        return getChronology().weekOfWeekyear().get(getLocalMillis());,2,1,0,4,8,1,12,0,0,18,62,1,1.0,0,0,-1
defect4j,time,org/joda/time/LocalDate,6,1531,        return getChronology().dayOfWeek().get(getLocalMillis());,0,0,0,4,8,1,8,0,0,8,57,5,1.0,0,0,-1
defect4j,time,org/joda/time/LocalDate,6,1663,"        return withLocalMillis(getChronology().weekOfWeekyear().set(getLocalMillis(), weekOfWeekyear));",0,0,0,5,10,1,0,0,0,16,95,4,1.0,0,0,-1
defect4j,time,org/joda/time/LocalDate,6,1763,"        return new Property(this, getChronology().weekyear());",2,1,0,3,6,1,6,2,0,11,54,3,1.0,0,0,-1
defect4j,time,org/joda/time/LocalDate,6,1894,            super();,2,0,0,1,2,0,6,0,0,9,8,4,1.0,0,0,-1
defect4j,time,org/joda/time/LocalDate,6,1896,            iField = field;,4,0,0,0,0,0,0,0,0,5,15,5,1.0,0,0,-1
defect4j,time,org/joda/time/chrono/GJChronology,6,922,                return gregorianToJulianByWeekyear(instant);,2,0,0,1,2,1,0,4,0,6,44,4,0.8,0,0,-1
defect4j,time,org/joda/time/chrono/GJChronology,6,96,"        newInstant = to.weekyear().set(0, from.weekyear().get(instant));",8,0,0,4,8,3,10,6,0,28,64,1,0.8,0,0,-1
defect4j,time,org/joda/time/chrono/GJChronology,6,330,        if ((base = getBase()) != null) {,2,2,0,3,7,0,10,0,0,16,33,3,0.61538,0,0,-1
defect4j,time,org/joda/time/chrono/GJChronology,6,335,        long instant = iGregorianChronology.getDateTimeMillis,2,0,0,0,0,0,0,0,0,2,53,4,0.61538,0,0,-1
defect4j,time,org/joda/time/chrono/GJChronology,6,337,        if (instant < iCutoverMillis) {,4,1,0,1,3,0,0,0,0,5,31,4,0.61538,0,0,-1
defect4j,time,org/joda/time/chrono/GJChronology,6,346,        return instant;,2,0,0,0,0,1,0,0,0,2,15,4,0.61538,0,0,-1
defect4j,time,org/joda/time/chrono/GJChronology,6,974,            if (instant >= iCutover) {,4,1,0,1,3,0,0,0,0,5,26,4,0.57143,0,0,-1
defect4j,time,org/joda/time/format/DateTimeFormatter,7,701,        DateTimeParser parser = requireParser();,2,0,0,1,2,0,2,2,0,6,40,4,0.17391,0,0,-1
defect4j,time,org/joda/time/format/DateTimeFormatter,7,707,        Chronology chrono = instant.getChronology();,2,0,0,1,2,0,4,2,0,8,44,4,0.17391,0,0,-1
defect4j,time,org/joda/time/format/DateTimeFormatter,7,708,        long instantLocal = instantMillis + chrono.getZone().getOffset(instantMillis);,4,0,0,2,4,0,0,2,0,6,78,5,0.17391,1,0,-1
defect4j,time,org/joda/time/format/DateTimeFormatter,7,710,        int defaultYear = chrono.year().get(instantLocal);,2,0,0,2,4,0,4,0,0,7,50,4,0.17391,1,0,-1
defect4j,time,org/joda/time/format/DateTimeFormatter,7,712,        DateTimeParserBucket bucket = new DateTimeParserBucket(,16,0,0,0,1,0,14,6,0,38,55,3,0.17391,0,0,-1
defect4j,time,org/joda/time/format/DateTimeParserBucket,7,358,"                saveField(DateTimeFieldType.year(), iDefaultYear);",0,0,0,2,4,0,8,0,0,8,50,9,0.15385,0,0,-1
defect4j,time,org/joda/time/format/DateTimeParserBucket,7,359,"                return computeMillis(resetFields, text);",0,0,0,1,2,1,6,0,0,6,40,9,0.15385,0,0,-1
defect4j,time,org/joda/time/MutableDateTime,7,353,    },8,1,1,0,1,0,10,8,0,31,1,3,0.10811,0,0,-1
defect4j,time,org/joda/time/format/DateTimeParserBucket,7,421,                    SavedField t = array[j];,2,0,1,1,2,0,0,2,0,8,24,10,0.07273,0,0,-1
defect4j,time,org/joda/time/format/DateTimeParserBucket,7,422,                    array[j] = array[j-1];,2,1,1,2,4,0,0,0,0,10,22,10,0.07273,0,0,-1
defect4j,time,org/joda/time/format/DateTimeParserBucket,7,423,                    array[j-1] = t;,10,1,1,1,2,0,4,0,0,18,15,3,0.07273,0,0,-1
defect4j,time,org/joda/time/chrono/BasicChronology,7,419,            year--;,2,0,0,0,0,0,0,0,0,3,7,6,0.07143,0,0,-1
defect4j,time,org/joda/time/IllegalFieldValueException,7,53,"            buf.append(""must be in the range ["")",0,0,0,1,3,0,4,0,0,5,36,12,0.0678,0,0,-1
defect4j,time,org/joda/time/IllegalFieldValueException,7,50,        } else if (upperBound == null) {,2,1,0,1,4,0,0,0,0,3,32,5,0.05556,0,0,-1
defect4j,time,org/joda/time/format/ISODateTimeFormat,7,971,        if (dtx == null) {,4,2,0,1,3,0,0,0,0,6,18,4,0.05405,0,0,-1
defect4j,time,org/joda/time/format/ISODateTimeFormat,7,977,        return dtx;,2,0,0,0,0,1,0,0,0,2,11,4,0.05405,0,0,-1
defect4j,time,org/joda/time/IllegalFieldValueException,7,108,"        super(createMessage(fieldType.getName(), value, lowerBound, upperBound, null));",0,0,0,3,6,0,12,0,0,14,79,3,0.05263,0,0,-1
defect4j,time,org/joda/time/IllegalFieldValueException,7,109,        iDateTimeFieldType = fieldType;,6,1,0,0,0,0,0,0,0,8,31,3,0.05263,0,0,-1
defect4j,time,org/joda/time/IllegalFieldValueException,7,110,        iDurationFieldType = null;,4,1,0,0,0,0,0,0,0,6,26,3,0.05263,0,0,-1
defect4j,time,org/joda/time/IllegalFieldValueException,7,115,        iUpperBound = upperBound;,4,0,0,0,0,0,0,0,0,5,25,4,0.05263,0,0,-1
defect4j,time,org/joda/time/IllegalFieldValueException,7,116,        iMessage = super.getMessage();,4,0,0,1,2,0,0,0,0,5,30,4,0.05263,0,0,-1
defect4j,time,org/joda/time/DateTimeZone,8,218,                return DateTimeZone.UTC;,4,0,0,0,0,1,0,0,0,4,24,9,1.0,0,0,-1
defect4j,time,org/joda/time/DateTimeZone,8,274,            return DateTimeZone.UTC;,4,0,1,0,0,1,0,0,0,6,24,3,1.0,0,0,-1
defect4j,time,org/joda/time/DateTimeZone,8,660,            buf.append('-');,4,0,0,1,2,0,4,2,0,10,16,3,0.08333,1,1,-1
defect4j,time,org/joda/time/DateTimeZone,8,661,            offset = -offset;,4,0,0,0,0,0,0,0,0,6,17,6,0.08333,0,0,-1
defect4j,time,org/joda/time/DateTimeZone,8,383,            zone = ref.get();,2,0,0,1,2,0,0,0,0,2,17,4,0.05263,0,0,-1
defect4j,time,org/joda/time/DateTimeZone,8,384,            if (zone != null) {,2,1,0,1,3,0,0,0,0,3,19,6,0.05263,0,0,-1
defect4j,time,org/joda/time/DateTimeZone,8,216,            int offset = parseOffset(id);,2,0,0,1,2,0,4,0,0,6,29,7,0.03571,0,0,-1
defect4j,time,org/joda/time/DateTimeZone,8,217,            if (offset == 0L) {,2,1,0,1,3,0,0,0,0,3,19,6,0.03571,0,0,-1
defect4j,time,org/joda/time/DateTimeZone,8,629,        Chronology chrono = new BaseChronology() {,2,0,0,1,3,0,0,4,0,6,42,4,0.03333,0,0,-1
defect4j,time,org/joda/time/DateTimeZone,8,643,        return -(int) offsetFormatter().withChronology(chrono).parseMillis(str);,2,0,0,4,8,1,10,4,0,18,72,3,0.03333,0,0,-1
defect4j,time,org/joda/time/DateTimeZone,9,265,            } else {,0,0,0,0,2,0,0,0,0,2,8,4,0.2,1,0,-1
defect4j,time,org/joda/time/DateTimeZone,9,637,        },6,0,0,0,1,0,0,0,0,6,1,4,0.08333,1,1,-1
defect4j,time,org/joda/time/DateTimeZone,9,359,            if (zone != null) {,2,1,0,1,3,0,0,0,0,3,19,6,0.05263,0,0,-1
defect4j,time,org/joda/time/format/DateTimeFormatterBuilder,9,2308,                negative = true;,2,0,0,0,0,0,0,0,0,4,16,7,0.05,0,0,-1
defect4j,time,org/joda/time/DateTimeZone,9,605,            public DateTimeZone getZone() {,2,0,1,1,3,0,0,2,0,8,31,10,0.03333,0,0,-1
defect4j,time,org/joda/time/DateTimeZone,9,619,    },2,0,0,0,1,0,4,0,0,6,1,5,0.03333,0,0,-1
defect4j,time,org/joda/time/MonthDay,10,334,"        this(monthOfYear, dayOfMonth, null);",4,0,0,1,2,0,0,0,0,4,36,4,2.0,0,0,-1
defect4j,time,org/joda/time/MonthDay,10,79,    private static final DateTimeFieldType[] FIELD_TYPES = new DateTimeFieldType[] {,2,0,0,2,5,3,10,4,0,19,80,1,2.0,0,0,-1
defect4j,time,org/joda/time/MonthDay,10,84,    private static final DateTimeFormatter PARSER = new DateTimeFormatterBuilder(),2,0,0,1,2,3,0,4,0,9,78,2,2.0,0,0,-1
defect4j,time,org/joda/time/MonthDay,10,395,        return 2;,2,0,0,0,0,1,6,0,0,8,9,9,2.0,0,0,-1
defect4j,time,org/joda/time/MonthDay,10,408,        switch (index) {,2,0,0,1,3,0,0,0,0,2,16,4,2.0,0,0,-1
defect4j,time,org/joda/time/MonthDay,10,410,            return chrono.monthOfYear();,0,0,0,1,2,1,4,0,0,4,28,6,2.0,0,0,-1
defect4j,time,org/joda/time/MonthDay,10,412,            return chrono.dayOfMonth();,2,0,0,1,2,1,0,0,0,4,27,7,2.0,0,0,-1
defect4j,time,org/joda/time/MonthDay,10,426,        return FIELD_TYPES[index];,0,0,1,1,2,1,0,0,0,4,26,5,2.0,0,0,-1
defect4j,time,org/joda/time/chrono/BasicGJChronology,10,129,        return MAX_DAYS_PER_MONTH_ARRAY[month - 1];,2,1,1,1,2,1,0,0,0,5,43,5,2.0,0,0,-1
defect4j,time,org/joda/time/chrono/BasicDayOfMonthDateTimeField,10,89,                return iChronology.getDaysInMonthMax(month);,6,1,0,1,2,1,8,0,0,16,44,3,2.0,0,0,-1
defect4j,time,org/joda/time/format/DateTimeFormat,10,147,"    private static final Map<String, DateTimeFormatter> cPatternedCache = new HashMap<String, DateTimeFormatter>(7);",2,0,0,1,2,0,8,0,0,11,112,8,2.0,0,0,-1
defect4j,time,org/joda/time/format/DateTimeFormat,10,170,        return createFormatterForPattern(pattern);,0,0,0,1,2,1,4,0,0,4,42,5,2.0,0,0,-1
defect4j,time,org/joda/time/format/DateTimeFormat,10,401,        int[] indexRef = new int[1];,8,1,0,2,4,0,4,0,0,13,28,1,2.0,0,0,-1
defect4j,time,org/joda/time/format/DateTimeFormat,10,403,        for (int i=0; i<length; i++) {,14,1,0,1,3,0,0,2,0,18,30,3,2.0,0,0,-1
defect4j,time,org/joda/time/format/DateTimeFormat,10,404,            indexRef[0] = i;,2,0,1,1,2,0,0,0,0,5,16,6,2.0,0,0,-1
defect4j,time,org/joda/time/format/DateTimeFormat,10,405,"            String token = parseToken(pattern, indexRef);",2,0,0,1,2,0,14,2,0,18,45,3,2.0,0,0,-1
defect4j,time,org/joda/time/format/DateTimeFormat,10,406,            i = indexRef[0];,12,0,1,1,2,0,4,2,0,22,16,3,2.0,0,0,-1
defect4j,time,org/joda/time/format/DateTimeFormat,10,408,            int tokenLen = token.length();,2,0,0,1,2,0,4,0,0,6,30,7,2.0,0,0,-1
defect4j,time,org/joda/time/format/DateTimeFormat,10,414,            switch (c) {,2,0,0,1,3,0,0,0,0,2,12,6,2.0,0,0,-1
defect4j,time,org/joda/time/format/DateTimeFormat,10,479,                if (tokenLen >= 3) {,2,1,0,1,3,0,0,0,0,3,20,7,2.0,0,0,-1
defect4j,time,org/joda/time/format/DateTimeFormat,10,486,                    builder.appendMonthOfYear(tokenLen);,0,0,0,1,2,0,12,0,0,14,36,3,2.0,0,0,-1
defect4j,time,org/joda/time/format/DateTimeFormat,10,488,                break;,14,1,0,0,0,0,4,6,0,26,6,3,2.0,0,0,-1
defect4j,time,org/joda/time/format/DateTimeFormat,10,490,                builder.appendDayOfMonth(tokenLen);,0,0,0,1,2,0,14,0,0,14,35,3,2.0,0,0,-1
defect4j,time,org/joda/time/format/DateTimeFormat,10,550,                if (sub.length() == 1) {,0,1,0,2,5,0,4,0,0,5,24,7,2.0,0,0,-1
defect4j,time,org/joda/time/format/DateTimeFormat,10,557,                break;,2,1,0,0,0,0,0,0,0,3,6,4,2.0,0,0,-1
defect4j,time,org/joda/time/chrono/BaseChronology,11,256,        int[] values = new int[size];,16,3,0,2,4,0,10,0,0,29,29,3,1.0,0,0,-1
defect4j,time,org/joda/time/chrono/BaseChronology,11,258,            for (int i = 0; i < size; i++) {,18,2,0,1,3,0,4,0,0,26,32,6,1.0,0,0,-1
defect4j,time,org/joda/time/chrono/BaseChronology,11,259,                DurationField field = period.getFieldType(i).getField(this);,14,3,1,2,4,0,16,2,0,39,60,3,1.0,0,0,-1
defect4j,time,org/joda/time/chrono/BaseChronology,11,261,"                startInstant = field.add(startInstant, value);",2,0,0,1,2,0,12,0,0,15,46,3,1.0,0,0,-1
defect4j,time,org/joda/time/chrono/BaseChronology,11,262,                values[i] = value;,2,1,0,1,2,0,0,0,0,3,18,4,1.0,0,0,-1
defect4j,time,org/joda/time/chrono/BaseChronology,11,265,        return values;,6,0,0,0,0,1,8,0,0,14,14,3,1.0,0,0,-1
defect4j,time,org/joda/time/chrono/BaseChronology,11,276,        int size = period.size();,2,0,0,1,2,0,4,0,0,6,25,5,1.0,0,0,-1
defect4j,time,org/joda/time/chrono/BaseChronology,11,277,        int[] values = new int[size];,4,0,1,2,4,0,4,0,0,11,29,3,1.0,0,0,-1
defect4j,time,org/joda/time/chrono/BaseChronology,11,278,        if (duration != 0) {,6,0,0,1,3,0,0,0,0,6,20,4,1.0,0,0,-1
defect4j,time,org/joda/time/tz/DateTimeZoneBuilder,11,252,        if (iRuleSets.size() > 0) {,2,2,0,2,5,0,4,0,0,8,27,4,1.0,0,0,-1
defect4j,time,org/joda/time/tz/DateTimeZoneBuilder,11,258,        iRuleSets.add(new RuleSet());,0,0,0,2,4,0,4,2,0,6,29,5,1.0,0,0,-1
defect4j,time,org/joda/time/tz/DateTimeZoneBuilder,11,310,            OfYear ofYear = new OfYear,4,1,0,0,0,0,12,4,0,22,26,1,1.0,0,0,-1
defect4j,time,org/joda/time/tz/DateTimeZoneBuilder,11,312,"            Recurrence recurrence = new Recurrence(ofYear, nameKey, saveMillis);",8,0,0,1,2,0,0,4,0,12,68,6,1.0,0,0,-1
defect4j,time,org/joda/time/field/PreciseDurationDateTimeField,12,129,            return (instant + 1) % iUnitMillis + iUnitMillis - 1;,6,4,0,1,2,1,0,0,0,10,53,6,4.0,0,0,-1
defect4j,time,org/joda/time/LocalDateTime,12,615,        return type.getField(getChronology()).isSupported();,4,0,0,3,6,3,4,4,0,14,52,1,1.33333,1,1,-1
defect4j,time,org/joda/time/LocalDateTime,12,600,        return type.getField(getChronology()).get(getLocalMillis());,0,0,0,4,8,1,0,0,0,13,60,4,0.8,0,0,-1
defect4j,time,org/joda/time/LocalDate,12,548,        return fieldType.getField(getChronology()).get(getLocalMillis());,4,3,0,4,8,1,0,0,0,7,65,4,0.8,1,1,-1
defect4j,time,org/joda/time/LocalDateTime,12,569,                return getChronology().year().get(getLocalMillis());,6,0,0,4,8,1,0,0,0,6,52,4,0.7619,0,0,-1
defect4j,time,org/joda/time/LocalDateTime,12,571,                return getChronology().monthOfYear().get(getLocalMillis());,0,0,0,4,8,1,18,0,0,19,59,3,0.7619,0,0,-1
defect4j,time,org/joda/time/LocalDateTime,12,575,                return getChronology().millisOfDay().get(getLocalMillis());,4,0,0,4,8,1,8,0,0,12,59,3,0.7619,0,0,-1
defect4j,time,org/joda/time/LocalDate,12,542,        if (fieldType == null) {,4,0,0,1,3,0,6,2,0,13,24,3,0.7619,1,1,-1
defect4j,time,org/joda/time/LocalDate,12,545,        if (isSupported(fieldType) == false) {,0,0,0,2,5,0,0,0,0,7,38,4,0.7619,1,1,-1
defect4j,time,org/joda/time/LocalDate,12,567,            return type.getField(getChronology()).isSupported();,12,1,0,3,6,1,12,0,0,27,52,1,0.66667,0,0,-1
defect4j,time,org/joda/time/LocalDate,12,563,        DurationFieldType durType = type.getDurationType();,2,0,0,1,2,0,4,2,0,8,51,4,0.61538,0,0,-1
defect4j,time,org/joda/time/LocalDateTime,12,199,        int yearOfEra = calendar.get(Calendar.YEAR);,8,0,0,1,2,0,8,0,0,17,44,1,0.57143,0,0,-1
defect4j,time,org/joda/time/LocalDateTime,12,200,        return new LocalDateTime(,0,0,0,0,1,1,0,0,0,2,25,4,0.57143,0,0,-1
defect4j,time,org/joda/time/LocalDate,12,211,        return new LocalDate(,0,0,0,0,1,1,0,2,0,2,21,6,0.57143,0,0,-1
defect4j,time,org/joda/time/LocalDateTime,12,196,        if (calendar == null) {,2,1,0,1,3,0,0,0,0,3,23,4,0.5,0,0,-1
defect4j,time,org/joda/time/LocalDate,12,207,        if (calendar == null) {,2,1,0,1,3,0,0,0,0,3,23,4,0.5,0,0,-1
defect4j,time,org/joda/time/LocalDateTime,12,546,                return chrono.monthOfYear();,0,0,0,1,2,1,8,0,0,10,28,3,0.37209,0,0,-1
defect4j,time,org/joda/time/LocalDateTime,12,548,                return chrono.dayOfMonth();,0,0,0,1,2,1,8,0,0,9,27,1,0.37209,0,0,-1
defect4j,time,org/joda/time/Period,13,967,        int[] values = getValues();  // cloned,2,0,0,2,4,0,2,0,0,4,38,5,1.0,0,0,-1
defect4j,time,org/joda/time/Period,13,968,"        getPeriodType().setIndexedField(this, PeriodType.MILLI_INDEX, values, millis);",4,1,0,2,4,0,0,0,0,5,78,7,1.0,0,0,-1
defect4j,time,org/joda/time/format/FormatUtils,13,338,                return calculateDigitCount(-value) + 1;,2,0,0,1,2,1,12,0,0,15,39,4,0.5,0,0,-1
defect4j,time,org/joda/time/format/FormatUtils,13,238,            if (value != Integer.MIN_VALUE) {,6,1,0,1,3,0,0,0,0,7,33,6,0.33333,0,0,-1
defect4j,time,org/joda/time/format/FormatUtils,13,239,                value = -value;,4,0,0,0,0,0,0,0,0,6,15,8,0.33333,0,0,-1
defect4j,time,org/joda/time/format/FormatUtils,13,81,                digits = 3;,2,0,0,0,0,0,0,0,0,3,11,9,0.25,0,0,-1
defect4j,time,org/joda/time/format/FormatUtils,13,251,            int d = ((value + 1) * 13421772) >> 27;,4,3,0,2,4,0,6,0,0,13,39,4,0.25,0,0,-1
defect4j,time,org/joda/time/format/FormatUtils,13,252,            buf.append((char) (d + '0'));,2,1,0,3,6,0,4,0,0,8,29,8,0.25,0,0,-1
defect4j,time,org/joda/time/format/FormatUtils,13,254,            buf.append((char) (value - (d << 3) - (d << 1) + '0'));,8,4,0,5,10,0,8,0,0,21,55,4,0.25,0,0,-1
defect4j,time,org/joda/time/format/FormatUtils,13,247,        } else if (value < 100) {,2,0,0,1,4,0,8,2,0,12,25,10,0.2,0,0,-1
defect4j,time,org/joda/time/format/PeriodFormatterBuilder,13,1103,                    sum -= 4; // remove three digits and decimal point,4,1,1,0,0,0,0,0,0,8,50,1,0.125,0,0,-1
defect4j,time,org/joda/time/Period,13,110,"        return new Period(new int[] {years, 0, 0, 0, 0, 0, 0, 0, 0}, PeriodType.standard());",4,1,0,4,8,1,4,2,0,11,84,3,0.07143,0,0,-1
defect4j,time,org/joda/time/format/PeriodFormatterBuilder,13,1651,                sum += iText.length();,2,0,0,1,2,0,4,0,0,6,22,6,0.07143,1,1,-1
defect4j,time,org/joda/time/format/PeriodFormatterBuilder,13,1100,                sum++;,2,0,0,0,0,0,0,0,0,3,6,7,0.07143,0,0,-1
defect4j,time,org/joda/time/format/PeriodFormatterBuilder,13,1101,                if (iFieldType == SECONDS_OPTIONAL_MILLIS &&,4,2,0,0,1,0,0,0,0,6,44,7,0.07143,0,0,-1
defect4j,time,org/joda/time/format/PeriodFormatterBuilder,13,1127,                value = (int) (valueLong / DateTimeConstants.MILLIS_PER_SECOND);,4,1,0,2,4,0,0,0,0,5,64,4,0.06667,0,0,-1
defect4j,time,org/joda/time/IllegalFieldValueException,14,314,        return iMessage;,2,0,0,0,0,1,0,0,0,2,16,4,18.0,0,0,-1
defect4j,time,org/joda/time/chrono/BasicMonthOfYearDateTimeField,14,206,        if (valueToAdd == 0) {,2,1,0,1,3,0,0,0,0,3,22,4,4.92308,0,0,-1
defect4j,time,org/joda/time/chrono/BasicMonthOfYearDateTimeField,14,213,"                instant = partial.getFieldType(i).getField(iChronology).set(instant, values[i]);",2,0,1,4,8,0,14,0,0,21,80,8,4.92308,0,0,-1
defect4j,time,org/joda/time/MonthDay,14,518,        int[] newValues = getValues();,2,0,0,2,4,0,8,0,0,10,30,1,4.92308,0,0,-1
defect4j,time,org/joda/time/DateTimeUtils,14,334,        if (partial == null) {,2,1,0,1,3,0,0,0,0,3,22,4,1.88235,0,0,-1
defect4j,time,org/joda/time/DateTimeUtils,14,337,        DurationFieldType lastType = null;,4,0,0,0,0,0,4,2,0,11,34,3,1.88235,0,0,-1
defect4j,time,org/joda/time/DateTimeUtils,14,338,        for (int i = 0; i < partial.size(); i++) {,8,1,0,2,5,2,8,4,0,24,42,1,1.88235,0,0,-1
defect4j,time,org/joda/time/DateTimeUtils,14,340,            if (i > 0) {,2,1,0,1,3,0,0,0,0,3,12,6,1.88235,0,0,-1
defect4j,time,org/joda/time/DateTimeUtils,14,345,            lastType = loopField.getDurationField().getType();,2,0,0,2,4,0,0,2,0,5,50,6,1.88235,0,0,-1
defect4j,time,org/joda/time/base/AbstractPartial,14,223,        return index;,2,0,0,0,0,1,0,2,0,5,13,6,0.95522,0,0,-1
defect4j,time,org/joda/time/MonthDay,14,352,"        super(new int[] {monthOfYear, dayOfMonth}, chronology);",6,2,1,3,6,0,0,0,0,14,55,6,0.91429,0,0,-1
defect4j,time,org/joda/time/MonthDay,14,652,"        return withFieldAdded(DurationFieldType.months(), FieldUtils.safeNegate(months));",0,0,0,3,6,1,12,0,0,12,81,5,0.9,0,0,-1
defect4j,time,org/joda/time/MonthDay,14,408,        switch (index) {,2,0,0,1,3,0,0,0,0,2,16,4,0.86486,0,0,-1
defect4j,time,org/joda/time/base/AbstractPartial,14,204,                return i;,4,1,0,0,0,1,0,0,0,6,9,3,0.82051,0,0,-1
defect4j,time,org/joda/time/base/AbstractPartial,14,219,        int index = indexOf(type);,2,0,0,1,2,0,4,0,0,6,26,5,0.75294,0,0,-1
defect4j,time,org/joda/time/base/AbstractPartial,14,220,        if (index == -1) {,2,1,0,1,3,0,0,0,0,4,18,4,0.75294,0,0,-1
defect4j,time,org/joda/time/base/AbstractPartial,14,203,            if (getFieldType(i).getDurationType() == type) {,2,1,0,3,7,0,6,0,0,9,48,6,0.66667,0,0,-1
defect4j,time,org/joda/time/field/FieldUtils,15,138,                return -val1;,2,0,0,0,0,1,0,0,0,3,13,5,0.08333,1,0,-1
defect4j,time,org/joda/time/format/DateTimeFormatter,16,698,        DateTimeParser parser = requireParser();,2,0,0,1,2,0,2,2,0,6,40,4,6.125,0,0,-1
defect4j,time,org/joda/time/format/DateTimeFormatter,16,704,        Chronology chrono = instant.getChronology();,2,0,0,1,2,0,4,2,0,8,44,4,6.125,0,0,-1
defect4j,time,org/joda/time/format/DateTimeFormatter,16,708,        DateTimeParserBucket bucket = new DateTimeParserBucket(,2,0,0,0,1,0,0,4,0,6,55,4,6.125,0,0,-1
defect4j,time,org/joda/time/format/DateTimeFormatter,16,712,        if (iOffsetParsed && bucket.getOffsetInteger() != null) {,4,2,0,2,5,0,8,0,0,15,57,3,6.125,0,0,-1
defect4j,time,org/joda/time/format/DateTimeFormatter,16,717,            chrono = chrono.withZone(bucket.getZone());,2,0,0,2,4,0,8,0,0,11,43,7,6.125,0,0,-1
defect4j,time,org/joda/time/format/DateTimeFormatter,16,720,        if (iZone != null) {,2,1,0,1,3,0,0,0,0,3,20,4,6.125,0,0,-1
defect4j,time,org/joda/time/format/DateTimeFormatter,16,723,        return newPos;,4,1,0,0,0,1,0,0,0,5,14,3,6.125,0,0,-1
defect4j,time,org/joda/time/format/DateTimeParserBucket,16,358,"                return computeMillis(resetFields, text);",2,0,0,1,2,1,16,0,0,19,40,1,4.45455,0,0,-1
defect4j,time,org/joda/time/base/BaseDateTime,16,329,        iChronology = checkChronology(chronology);,4,0,0,1,2,0,12,2,0,19,42,3,3.0625,0,0,-1
defect4j,time,org/joda/time/MutableDateTime,16,564,        super.setChronology(chronology);,4,0,0,1,2,0,0,0,0,4,32,5,3.0625,0,0,-1
defect4j,time,org/joda/time/MutableDateTime,16,565,    },4,0,0,0,1,0,4,0,0,8,1,5,3.0625,0,0,-1
defect4j,time,org/joda/time/MutableDateTime,16,351,"        super(year, monthOfYear, dayOfMonth,",2,0,0,0,1,0,10,0,0,12,36,1,2.57895,0,0,-1
defect4j,time,org/joda/time/field/BaseDurationField,16,150,            return 0;,2,0,0,0,0,1,0,0,0,2,9,4,1.88462,0,0,-1
defect4j,time,org/joda/time/format/DateTimeParserBucket,16,518,            return 1;,0,0,0,0,0,1,4,0,0,6,9,7,1.48485,0,0,-1
defect4j,time,org/joda/time/format/DateTimeParserBucket,16,421,                    SavedField t = array[j];,2,0,1,1,2,0,0,2,0,8,24,10,1.225,0,0,-1
defect4j,time,org/joda/time/format/DateTimeParserBucket,16,422,                    array[j] = array[j-1];,2,1,1,2,4,0,0,0,0,10,22,10,1.225,0,0,-1
defect4j,time,org/joda/time/format/DateTimeParserBucket,16,423,                    array[j-1] = t;,4,1,1,1,2,0,0,0,0,8,15,10,1.225,0,0,-1
defect4j,time,org/joda/time/format/ISODateTimeFormat,16,971,        if (dtx == null) {,2,1,0,1,3,0,0,0,0,3,18,4,0.83051,0,0,-1
defect4j,time,org/joda/time/format/ISODateTimeFormat,16,972,            dtx = new DateTimeFormatterBuilder(),4,0,0,1,2,0,4,2,0,12,36,3,0.83051,0,0,-1
defect4j,time,org/joda/time/format/ISODateTimeFormat,16,977,        return dtx;,10,0,0,0,0,1,0,0,0,10,11,3,0.83051,0,0,-1
defect4j,time,org/joda/time/format/ISODateTimeFormat,16,935,        if (ttx == null) {,8,1,0,1,3,0,0,0,0,9,18,6,0.75385,0,0,-1
defect4j,time,org/joda/time/format/ISODateTimeFormat,16,936,            ttx = new DateTimeFormatterBuilder(),2,0,0,1,2,0,0,2,0,5,36,6,0.75385,0,0,-1
defect4j,time,org/joda/time/format/ISODateTimeFormat,16,897,        if (tx == null) {,2,1,0,1,3,0,0,0,0,3,17,4,0.72059,0,0,-1
defect4j,time,org/joda/time/format/ISODateTimeFormat,16,898,            tx = new DateTimeFormatterBuilder(),2,0,0,1,2,0,0,2,0,5,35,6,0.72059,0,0,-1
defect4j,time,org/joda/time/DateTimeZone,17,1167,        long instantBefore = convertUTCToLocal(instant - 3 * DateTimeConstants.MILLIS_PER_HOUR);,8,2,0,1,2,0,2,0,0,12,88,5,0.5,1,0,-1
defect4j,time,org/joda/time/DateTimeZone,17,1169,        if (instantBefore == instantAfter) {,2,0,0,1,3,0,2,0,0,4,36,5,0.5,1,0,-1
defect4j,time,org/joda/time/DateTimeZone,17,1174,        long local = convertUTCToLocal(instant);,2,0,0,1,2,0,4,0,0,6,40,5,0.5,1,0,-1
defect4j,time,org/joda/time/DateTimeZone,17,1175,"        return convertLocalToUTC(local, false, earlierOrLater ? instantAfter : instantBefore);",12,1,0,1,2,1,4,0,0,18,86,1,0.5,1,0,-1
defect4j,time,org/joda/time/DateTime,17,331,"        super(year, monthOfYear, dayOfMonth,",4,1,0,0,1,0,6,0,0,12,36,3,0.05882,0,0,-1
defect4j,time,org/joda/time/DateTime,17,1098,        if (hours == 0) {,2,1,0,1,3,0,0,0,0,3,17,4,0.05,0,0,-1
defect4j,time,org/joda/time/DateTime,17,1101,"        long instant = getChronology().hours().add(getMillis(), hours);",2,0,0,4,8,0,10,0,0,12,63,5,0.05,0,0,-1
defect4j,time,org/joda/time/base/AbstractInstant,17,71,        return getChronology().getZone();,0,1,0,2,4,1,8,0,0,10,33,3,0.01887,0,0,-1
defect4j,time,org/joda/time/tz/DateTimeZoneBuilder,17,1531,                return iWallOffsets[i];,2,0,1,1,2,1,0,0,0,6,23,1,0.01639,0,0,-1
defect4j,time,org/joda/time/tz/CachedDateTimeZone,17,202,            return iNextInfo.getOffset(millis);,8,1,0,1,2,1,10,6,0,25,35,1,0.00862,0,0,-1
defect4j,time,org/joda/time/DateTime,17,582,"        return (newMillis == getMillis() ? this : new DateTime(newMillis, getChronology()));",4,1,0,4,8,1,4,2,0,11,84,6,0.005,0,0,-1
defect4j,time,org/joda/time/chrono/ZonedChronology,17,319,"            instant = iField.add(instant + offset, value);",6,1,0,1,2,0,6,0,0,14,46,5,0.00476,0,0,-1
defect4j,time,org/joda/time/chrono/GJChronology,18,356,        if ((base = getBase()) != null) {,2,1,0,3,7,0,2,0,0,7,33,4,0.05556,0,0,-1
defect4j,time,org/joda/time/chrono/GJChronology,18,364,            instant = iGregorianChronology.getDateTimeMillis,2,1,0,0,0,0,0,0,0,3,48,4,0.05556,1,0,-1
defect4j,time,org/joda/time/IllegalFieldValueException,18,53,"            buf.append(""must be in the range ["")",6,1,0,1,3,0,8,0,0,15,36,3,0.01961,0,0,-1
defect4j,time,org/joda/time/IllegalFieldValueException,18,50,        } else if (upperBound == null) {,2,1,0,1,4,0,0,0,0,3,32,5,0.01563,0,0,-1
defect4j,time,org/joda/time/IllegalFieldValueException,18,108,"        super(createMessage(fieldType.getName(), value, lowerBound, upperBound, null));",2,0,0,3,6,0,16,0,0,21,79,3,0.01471,0,0,-1
defect4j,time,org/joda/time/IllegalFieldValueException,18,109,        iDateTimeFieldType = fieldType;,8,1,0,0,0,0,8,0,0,19,31,3,0.01471,0,0,-1
defect4j,time,org/joda/time/IllegalFieldValueException,18,111,        iFieldName = fieldType.getName();,2,0,0,1,2,0,4,0,0,7,33,4,0.01471,0,0,-1
defect4j,time,org/joda/time/IllegalFieldValueException,18,112,        iNumberValue = value;,6,0,0,0,0,0,10,0,0,17,21,3,0.01471,0,0,-1
defect4j,time,org/joda/time/IllegalFieldValueException,18,114,        iLowerBound = lowerBound;,6,0,0,0,0,0,4,2,0,13,25,3,0.01471,0,0,-1
defect4j,time,org/joda/time/IllegalFieldValueException,18,116,        iMessage = super.getMessage();,4,0,0,1,2,0,0,0,0,5,30,4,0.01471,0,0,-1
defect4j,time,org/joda/time/IllegalFieldValueException,18,117,    },6,1,0,0,1,0,4,0,0,11,1,5,0.01471,0,0,-1
defect4j,time,org/joda/time/IllegalFieldValueException,18,41,        StringBuffer buf = new StringBuffer(),2,0,0,1,2,3,4,12,0,21,37,1,0.01282,0,0,-1
defect4j,time,org/joda/time/IllegalFieldValueException,18,44,        if (lowerBound == null) {,10,2,0,1,3,0,2,0,0,16,25,3,0.01282,0,0,-1
defect4j,time,org/joda/time/IllegalFieldValueException,18,59,        if (explain != null) {,2,1,0,1,3,0,0,0,0,3,22,4,0.01282,0,0,-1
defect4j,time,org/joda/time/DateTime,19,331,"        super(year, monthOfYear, dayOfMonth,",6,0,0,0,1,0,0,0,0,6,36,4,0.06667,0,0,-1
defect4j,time,org/joda/time/DateTime,19,333,    },4,0,0,0,1,0,0,0,0,4,1,7,0.06667,0,0,-1
defect4j,time,org/joda/time/tz/CachedDateTimeZone,19,210,            return iNextInfo.getOffset(millis);,0,0,0,1,2,1,6,0,0,6,35,6,0.00877,0,0,-1
defect4j,time,org/joda/time/format/DateTimeFormatterBuilder,19,2116,                buf.append(iZeroOffsetPrintText);,0,0,0,1,2,0,6,0,0,6,33,8,0.008,0,0,-1
defect4j,time,org/joda/time/format/DateTimeFormatterBuilder,19,1924,                if (buf != null) {,6,2,0,1,3,0,8,0,0,18,18,1,0.00422,0,0,-1
defect4j,time,org/joda/time/format/DateTimeFormatterBuilder,19,1925,                    while (--minDigits >= 0) {,0,0,0,1,3,0,10,0,0,10,26,5,0.00422,0,0,-1
defect4j,time,org/joda/time/format/DateTimeFormatterBuilder,19,1926,                        buf.append('0');,0,0,0,1,2,0,4,0,0,5,16,12,0.00422,0,0,-1
defect4j,time,org/joda/time/chrono/BasicGJChronology,19,190,                    dayOfYear++;,0,1,0,0,0,0,20,0,0,23,12,3,0.00412,0,0,-1
defect4j,time,org/joda/time/format/ISODateTimeFormat,19,953,        if (dt == null) {,4,2,0,1,3,0,0,0,0,6,17,4,0.00319,0,0,-1
defect4j,time,org/joda/time/format/ISODateTimeFormat,19,959,        return dt;,2,0,0,0,0,1,0,0,0,2,10,4,0.00319,0,0,-1
defect4j,time,org/joda/time/format/ISODateTimeFormat,19,916,        if (tt == null) {,2,1,0,1,3,0,0,0,0,3,17,4,0.0031,0,0,-1
defect4j,time,org/joda/time/format/ISODateTimeFormat,19,917,            tt = new DateTimeFormatterBuilder(),4,0,0,1,2,0,0,0,0,5,35,4,0.0031,0,0,-1
defect4j,time,org/joda/time/format/ISODateTimeFormat,19,922,        return tt;,2,0,0,0,0,1,0,0,0,2,10,4,0.0031,0,0,-1
defect4j,time,org/joda/time/format/DateTimeFormatterBuilder,19,1875,"                printTo(buf, null, instant, chrono);",0,0,0,1,2,0,8,0,0,9,36,7,0.00302,0,0,-1
defect4j,time,org/joda/time/format/ISODateTimeFormat,19,879,        if (t == null) {,0,1,0,1,3,0,8,0,0,10,16,4,0.00302,0,0,-1
defect4j,time,org/joda/time/format/ISODateTimeFormat,19,880,            t = new DateTimeFormatterBuilder(),4,0,0,1,2,0,0,4,0,10,34,6,0.00302,0,0,-1
defect4j,time,org/joda/time/format/ISODateTimeFormat,19,885,        return t;,2,0,0,0,0,1,0,0,0,2,9,4,0.00302,0,0,-1
defect4j,time,org/joda/time/format/ISODateTimeFormat,19,1482,        if (hmsf == null) {,2,1,0,1,3,0,0,0,0,3,19,4,0.00299,0,0,-1
defect4j,time,org/joda/time/format/DateTimeFormatterBuilder,20,2542,            for (String id : ALL_IDS) {,0,0,0,1,3,0,14,0,0,14,27,6,0.125,1,0,-1
defect4j,time,org/joda/time/format/DateTimeFormatterBuilder,20,2544,                    bucket.setZone(DateTimeZone.forID(id));,0,0,0,2,4,0,10,0,0,10,39,10,0.125,1,0,-1
defect4j,time,org/joda/time/format/DateTimeFormatterBuilder,20,2545,                    return position + id.length();,6,1,0,1,2,1,4,0,0,14,30,1,0.125,1,0,-1
defect4j,time,org/joda/time/format/DateTimeFormatterBuilder,20,2498,    static enum TimeZoneId,2,0,0,0,0,1,0,0,0,3,22,2,0.11111,0,0,-1
defect4j,time,org/joda/time/format/DateTimeFormatterBuilder,20,2501,        INSTANCE;,2,0,0,0,0,0,0,0,0,2,9,3,0.11111,0,0,-1
defect4j,time,org/joda/time/format/DateTimeFormatterBuilder,20,2506,            for (String id : ALL_IDS) {,4,0,0,1,3,0,0,2,0,6,27,5,0.11111,0,0,-1
defect4j,time,org/joda/time/format/DateTimeFormatterBuilder,20,2509,            MAX_LENGTH = max;,2,0,0,0,0,1,0,0,0,3,17,2,0.11111,0,0,-1
defect4j,time,org/joda/time/format/DateTimeFormatterBuilder,20,2510,        },2,1,0,0,1,0,10,0,0,14,1,1,0.11111,0,0,-1
defect4j,time,org/joda/time/format/DateTimeFormatterBuilder,20,2513,            return MAX_LENGTH;,10,0,0,0,0,1,10,0,0,24,18,1,0.11111,0,0,-1
defect4j,time,org/joda/time/format/DateTimeParserBucket,20,159,        iSavedState = null;,2,0,0,0,0,0,0,0,0,3,19,4,0.1,0,0,-1
defect4j,time,org/joda/time/format/DateTimeFormatterBuilder,20,1094,"        DateTimeFormat.appendPatternTo(this, pattern);",10,0,0,1,2,0,10,2,0,23,46,3,0.07143,0,0,-1
defect4j,time,org/joda/time/format/DateTimeFormat,20,378,    },4,0,0,0,1,0,0,4,0,8,1,4,0.07143,0,0,-1
defect4j,time,org/joda/time/DateTime,20,407,"        super(year, monthOfYear, dayOfMonth,",8,1,0,0,1,0,0,0,0,9,36,3,0.0625,0,0,-1
defect4j,time,org/joda/time/base/AbstractDuration,22,80,        return new Period(getMillis());,2,1,0,2,4,1,6,2,0,11,31,1,0.5,0,0,-1
defect4j,time,org/joda/time/tz/FixedDateTimeZone,22,57,        return iWallOffset;,0,0,0,0,0,1,4,0,0,5,19,7,0.33333,0,0,-1
defect4j,time,org/joda/time/Period,22,382,        super(duration);,2,0,0,1,2,0,0,0,0,2,16,4,0.12903,0,0,-1
defect4j,time,org/joda/time/DateTimeZone,22,254,        if (hoursOffset == 0 && minutesOffset == 0) {,2,0,0,1,3,0,0,0,0,3,45,10,0.08511,0,0,-1
defect4j,time,org/joda/time/DateTimeZone,22,260,        int offset = 0;,2,1,0,0,0,0,0,0,0,3,15,4,0.08511,0,0,-1
defect4j,time,org/joda/time/DateTimeZone,22,262,"            int hoursInMinutes = FieldUtils.safeMultiply(hoursOffset, 60);",2,0,0,1,2,0,6,0,0,8,62,7,0.08511,0,0,-1
defect4j,time,org/joda/time/DateTimeZone,22,266,"                minutesOffset = FieldUtils.safeAdd(hoursInMinutes, minutesOffset);",6,1,0,1,2,0,2,0,0,10,66,4,0.08511,0,0,-1
defect4j,time,org/joda/time/DateTimeZone,22,272,        return forOffsetMillis(offset);,6,1,0,1,2,1,6,0,0,13,31,3,0.08511,0,0,-1
defect4j,time,org/joda/time/base/BasePeriod,22,224,    },0,0,0,0,1,0,6,0,0,6,1,5,0.08333,1,0,-1
defect4j,time,org/joda/time/DateTimeZone,22,282,        String id = printOffset(millisOffset);,2,0,0,1,2,0,4,2,0,8,38,4,0.07143,0,0,-1
defect4j,time,org/joda/time/DateTimeZone,22,283,"        return fixedOffsetZone(id, millisOffset);",8,1,0,1,2,1,0,0,0,10,41,5,0.07143,0,0,-1
defect4j,time,org/joda/time/DateTimeZone,22,349,        if (offset == 0) {,2,1,0,1,3,0,0,0,0,3,18,4,0.0597,0,0,-1
defect4j,time,org/joda/time/DateTimeZone,22,352,        if (iFixedOffsetCache == null) {,2,1,0,1,3,0,10,0,0,13,32,3,0.0597,0,0,-1
defect4j,time,org/joda/time/DateTimeZone,22,353,"            iFixedOffsetCache = new HashMap<String, SoftReference<DateTimeZone>>();",2,0,0,1,2,0,0,8,0,11,71,6,0.0597,0,0,-1
defect4j,time,org/joda/time/DateTimeZone,22,356,        Reference<DateTimeZone> ref = iFixedOffsetCache.get(id);,2,0,0,1,2,0,6,4,0,12,56,4,0.0597,0,0,-1
defect4j,time,org/joda/time/DateTimeZone,23,314,            dtz = cProvider.getZone(convId);,2,0,0,1,2,0,6,0,0,9,32,6,1.0,0,0,-1
defect4j,time,org/joda/time/DateTimeZone,23,320,            return dtz;,0,0,0,0,0,1,12,0,0,12,11,5,0.16667,0,0,-1
defect4j,time,org/joda/time/DateTimeZone,23,305,        final String id = zone.getID();,6,1,0,1,2,1,4,2,0,14,31,3,0.14286,0,0,-1
defect4j,time,org/joda/time/DateTimeZone,23,306,"        if (id.equals(""UTC"")) {",0,0,0,2,5,0,4,0,0,5,23,5,0.14286,0,0,-1
defect4j,time,org/joda/time/DateTimeZone,23,311,        DateTimeZone dtz = null;,4,1,0,0,0,0,0,2,0,7,24,3,0.14286,0,0,-1
defect4j,time,org/joda/time/DateTimeZone,23,312,        String convId = getConvertedId(id);,2,0,0,1,2,0,4,2,0,8,35,4,0.14286,0,0,-1
defect4j,time,org/joda/time/DateTimeZone,23,313,        if (convId != null) {,2,1,0,1,3,0,0,0,0,3,21,4,0.14286,0,0,-1
defect4j,time,org/joda/time/format/DateTimeFormat,24,530,                builder.appendWeekOfWeekyear(tokenLen);,6,1,0,1,2,0,16,0,0,25,39,3,12.25,0,0,-1
defect4j,time,org/joda/time/LocalDate,24,496,        return fieldType.getField(getChronology()).get(getLocalMillis());,2,0,0,4,8,1,6,2,0,10,65,5,7.0,0,0,-1
defect4j,time,org/joda/time/LocalDate,24,515,            return type.getField(getChronology()).isSupported();,0,0,0,3,6,1,8,0,0,8,52,7,7.0,0,0,-1
defect4j,time,org/joda/time/chrono/GJChronology,24,336,        long instant = iGregorianChronology.getDateTimeMillis,4,0,0,0,0,0,4,0,0,8,53,1,7.0,0,0,-1
defect4j,time,org/joda/time/chrono/GJChronology,24,338,        if (instant < iCutoverMillis) {,2,0,0,1,3,0,0,0,0,2,31,8,7.0,0,0,-1
defect4j,time,org/joda/time/chrono/GJChronology,24,347,        return instant;,2,0,0,0,0,1,6,0,0,8,15,1,7.0,0,0,-1
defect4j,time,org/joda/time/LocalDate,24,512,        if (DATE_DURATION_TYPES.contains(durType) ||,4,1,0,1,3,0,6,0,0,12,44,3,6.125,0,0,-1
defect4j,time,org/joda/time/format/DateTimeParserBucket,24,488,            return compareReverse,0,0,0,0,0,1,2,0,0,2,21,6,6.125,1,1,-1
defect4j,time,org/joda/time/format/DateTimeFormatter,24,610,        StringBuffer buf = new StringBuffer(requirePrinter().estimatePrintedLength());,4,1,0,3,6,0,4,4,0,13,78,3,4.9,0,0,-1
defect4j,time,org/joda/time/format/DateTimeFormatterBuilder,24,2546,            DateTimePrinter[] elements = iPrinters;,6,0,0,1,2,0,4,2,0,12,39,1,4.45455,0,0,-1
defect4j,time,org/joda/time/format/DateTimeFormatterBuilder,24,2551,            if (locale == null) {,2,1,0,1,3,0,0,0,0,3,21,5,4.45455,0,0,-1
defect4j,time,org/joda/time/format/DateTimeFormatterBuilder,24,2556,            int len = elements.length;,6,0,0,0,0,0,0,0,0,6,26,6,4.45455,0,0,-1
defect4j,time,org/joda/time/format/DateTimeFormatterBuilder,24,2558,"                elements[i].printTo(buf, partial, locale);",0,0,1,2,4,0,8,0,0,12,42,8,4.45455,0,0,-1
defect4j,time,org/joda/time/format/DateTimeFormatterBuilder,24,2560,        },2,0,0,0,1,0,2,2,0,6,1,5,4.45455,0,0,-1
defect4j,time,org/joda/time/format/DateTimeFormatter,24,531,        DateTimePrinter printer = requirePrinter();,2,0,0,1,2,0,2,2,0,6,43,4,4.45455,0,0,-1
defect4j,time,org/joda/time/format/DateTimeFormatter,24,532,        if (partial == null) {,2,1,0,1,3,0,0,0,0,3,22,4,4.45455,0,0,-1
defect4j,time,org/joda/time/format/DateTimeFormatterBuilder,24,1429,"                    FormatUtils.appendPaddedInteger(buf, partial.get(iFieldType), iMinPrintedDigits);",4,0,0,2,4,0,0,0,0,6,81,5,4.45455,0,0,-1
defect4j,time,org/joda/time/format/DateTimeFormatterBuilder,24,1436,        },0,0,0,0,1,0,4,0,0,4,1,7,4.45455,0,0,-1
defect4j,time,org/joda/time/format/DateTimeFormatterBuilder,24,1161,            buf.append(iValue);,2,0,0,1,2,0,0,0,0,2,19,4,4.45455,0,0,-1
defect4j,time,org/joda/time/LocalDate,24,573,        if (partial instanceof LocalDate) {,4,0,0,1,3,0,0,2,0,6,35,3,3.76923,0,0,-1
defect4j,time,org/joda/time/tz/DateTimeZoneBuilder,25,552,                offset = standardOffset;,4,0,0,0,0,0,0,0,0,5,24,8,1.125,0,0,-1
defect4j,time,org/joda/time/DateTime,25,160,"        super(instant, zone);",8,0,0,1,2,0,0,0,0,8,21,3,0.125,0,0,-1
defect4j,time,org/joda/time/DateTime,25,287,    },2,0,0,0,1,0,4,0,0,7,1,6,0.1,0,0,-1
defect4j,time,org/joda/time/chrono/BasicGJChronology,25,190,                    dayOfYear++;,2,1,0,0,0,0,0,0,0,3,12,4,0.06618,0,0,-1
defect4j,time,org/joda/time/tz/CachedDateTimeZone,25,170,            periodStart = next;,4,0,0,0,0,0,0,0,0,5,19,6,0.06429,0,0,-1
defect4j,time,org/joda/time/tz/CachedDateTimeZone,25,171,"            chain = (chain.iNextInfo = new Info(iZone, periodStart));",0,0,0,2,4,0,8,0,0,8,57,6,0.06429,0,0,-1
defect4j,time,org/joda/time/base/BaseDateTime,25,110,"        this(instant, ISOChronology.getInstance(zone));",2,0,0,2,4,0,6,0,0,8,47,4,0.04598,0,0,-1
defect4j,time,org/joda/time/base/BaseDateTime,25,111,    },2,0,0,0,1,0,0,0,0,2,1,6,0.04598,0,0,-1
defect4j,time,org/joda/time/format/DateTimeFormatterBuilder,25,2091,                buf.append('+');,4,0,0,1,2,0,4,0,0,10,16,1,0.04265,0,0,-1
defect4j,time,org/joda/time/base/AbstractInstant,25,424,        return ISODateTimeFormat.dateTime().print(this);,2,0,0,2,4,1,12,0,0,15,48,1,0.04167,0,0,-1
defect4j,time,org/joda/time/format/DateTimeFormatterBuilder,25,1895,                if (buf != null) {,2,1,0,1,3,0,0,0,0,3,18,7,0.0393,0,0,-1
defect4j,time,org/joda/time/format/DateTimeFormatterBuilder,25,2116,            if (displayOffset == 0 && iMinFields <= 2) {,4,3,0,1,3,0,0,0,0,7,44,5,0.03422,0,0,-1
defect4j,time,org/joda/time/format/DateTimeFormatterBuilder,25,2109,                buf.append(':');,0,0,0,1,2,0,8,0,0,11,16,1,0.03409,0,0,-1
defect4j,time,org/joda/time/base/BaseDateTime,25,223,"        this(year, monthOfYear, dayOfMonth, hourOfDay,",8,0,0,0,1,0,0,0,0,8,46,4,0.03333,0,0,-1
defect4j,time,org/joda/time/DateTime,26,1694,"        return withMillis(getChronology().millisOfSecond().set(getMillis(), millis));",0,0,0,5,10,1,12,0,0,12,77,5,1.125,0,0,-1
defect4j,time,org/joda/time/DateTime,26,1646,"        return withMillis(getChronology().hourOfDay().set(getMillis(), hour));",2,0,0,5,10,1,6,0,0,9,70,8,1.0,0,0,-1
defect4j,time,org/joda/time/tz/ZoneInfoProvider,26,162,        return getZone((String)obj);,2,0,0,2,4,1,2,2,0,6,28,5,0.66667,0,0,-1
defect4j,time,org/joda/time/format/DateTimeFormatterBuilder,26,2686,                    isOptional = true;,2,0,0,0,0,0,6,0,0,9,18,5,0.5814,0,0,-1
defect4j,time,org/joda/time/format/DateTimeParserBucket,26,335,            iSavedFields = savedFields = (SavedField[])iSavedFields.clone();,4,0,0,3,6,0,4,2,0,12,64,6,0.56818,0,0,-1
defect4j,time,org/joda/time/format/DateTimeParserBucket,26,336,            iSavedFieldsShared = false;,0,0,0,0,0,0,4,0,0,4,27,11,0.56818,0,0,-1
defect4j,time,org/joda/time/base/BaseDateTime,26,148,"        Chronology chrono = checkChronology(converter.getChronology(instant, zone));",2,0,0,2,4,0,10,2,0,14,76,4,0.5,0,0,-1
defect4j,time,org/joda/time/base/BaseDateTime,26,150,"        iMillis = checkInstant(converter.getInstantMillis(instant, chrono), chrono);",2,0,0,2,4,0,12,0,0,15,76,4,0.5,0,0,-1
defect4j,time,org/joda/time/base/BaseDateTime,26,146,        super();,2,0,0,1,2,0,6,0,0,8,8,3,0.4717,0,0,-1
defect4j,time,org/joda/time/base/BaseDateTime,26,147,        InstantConverter converter = ConverterManager.getInstance().getInstantConverter(instant);,2,0,0,2,4,0,8,2,0,12,89,4,0.4717,0,0,-1
defect4j,time,org/joda/time/tz/CachedDateTimeZone,26,220,            return iNextInfo.getStandardOffset(millis);,0,0,0,1,2,1,10,0,0,10,43,1,0.44444,0,0,-1
defect4j,time,org/joda/time/tz/CachedDateTimeZone,26,170,            periodStart = next;,4,0,0,0,0,0,4,0,0,9,19,3,0.36842,0,0,-1
defect4j,time,org/joda/time/tz/CachedDateTimeZone,26,171,"            chain = (chain.iNextInfo = new Info(iZone, periodStart));",10,0,0,2,4,0,0,2,0,14,57,6,0.36842,0,0,-1
defect4j,time,org/joda/time/tz/DateTimeZoneBuilder,26,1547,            long[] transitions = iTransitions;,4,1,0,1,2,0,12,0,0,18,34,1,0.36364,0,0,-1
defect4j,time,org/joda/time/tz/DateTimeZoneBuilder,26,1548,"            int i = Arrays.binarySearch(transitions, instant);",2,0,0,1,2,0,12,0,0,14,50,4,0.36364,0,0,-1
defect4j,time,org/joda/time/tz/DateTimeZoneBuilder,26,1549,            if (i >= 0) {,2,1,0,1,3,0,0,0,0,3,13,5,0.36364,0,0,-1
defect4j,time,org/joda/time/tz/CachedDateTimeZone,26,214,            if (iNextInfo == null || millis < iNextInfo.iPeriodStart) {,8,3,0,1,3,0,0,0,0,11,59,5,0.36364,0,0,-1
defect4j,time,org/joda/time/tz/CachedDateTimeZone,26,215,                if (iStandardOffset == Integer.MIN_VALUE) {,6,1,0,1,3,0,0,0,0,7,43,7,0.36364,0,0,-1
defect4j,time,org/joda/time/format/PeriodFormatterBuilder,27,192,        if (formatter == null) {,2,1,0,1,3,0,0,0,0,3,24,4,1.0,0,0,-1
defect4j,time,org/joda/time/format/PeriodFormatterBuilder,27,195,        clearPrefix();,2,0,0,1,2,0,6,0,0,9,14,4,1.0,0,0,-1
defect4j,time,org/joda/time/format/PeriodFormatterBuilder,27,818,"                return new Object[] {Literal.EMPTY, Literal.EMPTY};",8,0,0,2,4,1,10,2,0,20,51,3,1.0,1,1,-1
defect4j,time,org/joda/time/format/PeriodFormatter,27,326,"        throw new IllegalArgumentException(FormatUtils.createErrorMessage(text, newPos));",0,0,0,2,4,0,8,2,0,10,81,5,0.14286,0,0,-1
defect4j,time,org/joda/time/format/PeriodFormatterBuilder,27,1304,"                setFieldValue(period, SECONDS, parseInt(text, position, length));",0,0,0,2,4,0,14,0,0,14,65,9,0.14286,0,0,-1
defect4j,time,org/joda/time/MutablePeriod,27,925,"        super.setField(DurationFieldType.seconds(), seconds);",4,0,0,2,4,0,4,0,0,8,53,5,0.04545,0,0,-1
defect4j,time,org/joda/time/MutablePeriod,27,947,"        super.setField(DurationFieldType.millis(), millis);",4,1,0,2,4,0,8,0,0,14,51,3,0.04545,0,0,-1
defect4j,time,org/joda/time/MutablePeriod,27,948,    },2,0,0,0,1,0,0,0,0,2,1,5,0.04545,0,0,-1
defect4j,time,org/joda/time/format/PeriodFormatterBuilder,27,1303,            } else if (fractPos < 0) {,2,1,0,1,4,0,0,0,0,3,26,6,0.04545,0,0,-1
defect4j,time,org/joda/time/format/PeriodFormatterBuilder,27,1520,                period.setSeconds(value);,2,0,0,1,2,1,6,2,0,11,25,1,0.04545,0,0,-1
defect4j,time,org/joda/time/format/PeriodFormatterBuilder,27,1523,                period.setMillis(value);,0,0,0,1,2,0,6,0,0,6,24,7,0.04545,0,0,-1
defect4j,time,org/joda/time/format/PeriodFormatterBuilder,27,901,            return ~position;,2,0,0,0,0,1,0,0,0,3,17,5,0.03226,0,0,-1
defect4j,time,org/joda/time/format/PeriodFormatterBuilder,27,1720,                        position += parsedForm.length();,8,1,0,1,2,0,0,0,0,10,32,3,0.02941,0,0,-1
defect4j,time,org/joda/time/format/PeriodFormatterBuilder,27,874,            String text = iText;,4,0,0,0,0,0,0,2,0,6,20,5,0.02381,0,0,-1
defect4j,time,org/joda/time/format/PeriodFormatterBuilder,27,876,"            if (periodStr.regionMatches(true, position, text, 0, textLength)) {",0,0,0,2,5,0,4,0,0,4,67,6,0.02381,0,0,-1
defect4j,time,org/joda/time/format/PeriodFormatterBuilder,27,877,                return position + textLength;,4,1,0,0,0,1,0,0,0,5,29,7,0.02381,0,0,-1
defect4j,time,org/joda/time/format/PeriodFormatter,27,320,            if (newPos >= text.length()) {,2,1,0,2,5,0,4,0,0,7,30,6,0.02326,0,0,-1
defect4j,time,org/joda/time/Partial,2,218,                if (compare < 0 || (compare != 0 && loopUnitField.isSupported() == false)) {,8,5,0,3,7,0,4,0,0,18,76,3,0.00719,1,0,-1
defect4j,time,org/joda/time/MutableDateTime,3,660,"            setMillis(getChronology().years().add(getMillis(), years));",2,1,0,5,10,0,12,0,0,15,59,3,0.16667,1,0,-1
defect4j,time,org/joda/time/MutableDateTime,3,723,"            setMillis(getChronology().weeks().add(getMillis(), weeks));",14,2,0,5,10,0,18,0,0,35,59,1,0.16667,1,1,-1
defect4j,time,org/joda/time/MutableDateTime,3,776,    },2,0,0,0,1,0,0,0,0,2,1,6,0.0,1,1,-1
defect4j,time,org/joda/time/MutableDateTime,3,847,"            setMillis(getChronology().seconds().add(getMillis(), seconds));",2,0,0,5,10,0,12,0,0,14,63,3,0.0,1,0,-1
defect4j,time,org/joda/time/Period,5,1629,            months = months % 12;,4,1,0,0,0,0,0,0,0,6,21,6,1.0,1,0,-1
defect4j,time,org/joda/time/Period,5,1628,"            years = FieldUtils.safeAdd(years, months / 12);",4,1,0,1,2,0,6,0,0,12,47,6,0.81818,1,0,-1
defect4j,time,org/joda/time/Period,5,1633,            if (months != 0) {,8,1,0,1,3,0,4,2,0,15,18,1,0.0,1,0,-1
defect4j,time,org/joda/time/Period,5,1634,                result = result.withMonths(months);,2,0,0,1,2,0,6,0,0,9,35,8,0.0,1,0,-1
defect4j,time,org/joda/time/chrono/GJChronology,6,975,"                instant = iGregorianField.add(instant, value);",2,0,0,1,2,0,8,0,0,11,46,7,4.0,1,1,-1
defect4j,time,org/joda/time/chrono/GJChronology,6,979,                        instant = gregorianToJulian(instant);,2,0,0,1,2,0,4,0,0,7,37,11,4.0,1,0,-1
defect4j,time,org/joda/time/format/DateTimeFormatter,7,708,        long instantLocal = instantMillis + chrono.getZone().getOffset(instantMillis);,4,0,0,2,4,0,0,2,0,6,78,5,0.17391,1,0,-1
defect4j,time,org/joda/time/format/DateTimeFormatter,7,710,        int defaultYear = chrono.year().get(instantLocal);,2,0,0,2,4,0,4,0,0,7,50,4,0.17391,1,0,-1
defect4j,time,org/joda/time/DateTimeZone,8,660,            buf.append('-');,4,0,0,1,2,0,4,2,0,10,16,3,0.08333,1,1,-1
defect4j,time,org/joda/time/DateTimeZone,8,286,                minutesOffset = hoursInMinutes - minutesOffset;,6,1,0,0,0,0,0,0,0,8,47,8,0.0,1,0,-1
defect4j,time,org/joda/time/DateTimeZone,9,637,        },6,0,0,0,1,0,0,0,0,6,1,4,0.08333,1,1,-1
defect4j,time,org/joda/time/base/BaseSingleFieldPeriod,10,89,        if (start == null || end == null) {,14,3,0,1,3,0,4,2,0,24,35,4,0.4,1,1,-1
defect4j,time,org/joda/time/base/BaseSingleFieldPeriod,10,104,"        int[] values = chrono.get(zeroInstance, chrono.set(start, 0L), chrono.set(end, 0L));",2,0,0,4,8,0,18,0,0,20,84,5,0.4,1,0,-1
defect4j,time,org/joda/time/tz/ZoneInfoCompiler,11,68,    static ThreadLocal<Boolean> cVerbose = new ThreadLocal<Boolean>();,2,0,0,1,2,1,0,8,0,11,66,2,0.33333,1,0,-1
defect4j,time,org/joda/time/tz/ZoneInfoCompiler,11,70,        cVerbose.set(Boolean.FALSE);,6,0,0,1,2,0,10,0,0,17,28,1,0.33333,1,0,-1
defect4j,time,org/joda/time/LocalDateTime,12,615,        return type.getField(getChronology()).isSupported();,4,0,0,3,6,3,4,4,0,14,52,1,1.33333,1,1,-1
defect4j,time,org/joda/time/LocalDate,12,548,        return fieldType.getField(getChronology()).get(getLocalMillis());,4,3,0,4,8,1,0,0,0,7,65,4,0.8,1,1,-1
defect4j,time,org/joda/time/LocalDate,12,542,        if (fieldType == null) {,4,0,0,1,3,0,6,2,0,13,24,3,0.7619,1,1,-1
defect4j,time,org/joda/time/format/PeriodFormatterBuilder,13,1651,                sum += iText.length();,2,0,0,1,2,0,4,0,0,6,22,6,0.07143,1,1,-1
defect4j,time,org/joda/time/field/FieldUtils,15,138,                return -val1;,2,0,0,0,0,1,0,0,0,3,13,5,0.08333,1,0,-1
defect4j,time,org/joda/time/DateTimeZone,17,1167,        long instantBefore = convertUTCToLocal(instant - 3 * DateTimeConstants.MILLIS_PER_HOUR);,8,2,0,1,2,0,2,0,0,12,88,5,0.5,1,0,-1
defect4j,time,org/joda/time/DateTimeZone,17,1169,        if (instantBefore == instantAfter) {,2,0,0,1,3,0,2,0,0,4,36,5,0.5,1,0,-1
defect4j,time,org/joda/time/DateTimeZone,17,1174,        long local = convertUTCToLocal(instant);,2,0,0,1,2,0,4,0,0,6,40,5,0.5,1,0,-1
defect4j,time,org/joda/time/DateTimeZone,17,1175,"        return convertLocalToUTC(local, false, earlierOrLater ? instantAfter : instantBefore);",12,1,0,1,2,1,4,0,0,18,86,1,0.5,1,0,-1
defect4j,time,org/joda/time/DateTimeZone,17,900,        } else if (offsetLocal >= 0) {,0,0,0,1,4,0,0,0,0,5,30,4,0.00139,1,1,-1
defect4j,time,org/joda/time/DateTimeZone,17,910,        return offsetAdjusted;,2,0,0,0,0,1,0,0,0,2,22,4,0.00138,1,1,-1
defect4j,time,org/joda/time/chrono/GJChronology,18,364,            instant = iGregorianChronology.getDateTimeMillis,2,1,0,0,0,0,0,0,0,3,48,4,0.05556,1,0,-1
defect4j,time,org/joda/time/chrono/GJChronology,18,489,"            fields.millisOfSecond = new CutoverField(julian.millisOfSecond(), fields.millisOfSecond, iCutoverMillis);",10,0,0,2,4,0,4,2,0,17,105,6,0.00104,1,1,-1
defect4j,time,org/joda/time/DateTimeZone,19,900,        } else if (offsetLocal > 0) {,0,0,0,1,4,0,8,0,0,8,29,5,0.00139,1,0,-1
defect4j,time,org/joda/time/format/DateTimeFormatterBuilder,20,2545,                    return position + id.length();,6,1,0,1,2,1,4,0,0,14,30,1,0.125,1,0,-1
defect4j,time,org/joda/time/DateTimeZone,23,564,"            map.put(""MIT"", ""Pacific/Apia"");",4,0,0,1,2,0,4,0,0,11,31,3,0.14286,1,0,-1
defect4j,time,org/joda/time/DateTimeZone,23,583,"            map.put(""MET"", ""Asia/Tehran"");",2,0,0,1,2,0,10,4,0,18,30,3,0.14286,1,0,-1
defect4j,time,org/joda/time/DateTimeZone,25,900,        return offsetAdjusted;,4,1,0,0,0,1,0,0,0,5,22,3,0.01261,1,1,-1
defect4j,time,org/joda/time/chrono/ZonedChronology,26,467,"            long result = iZone.convertLocalToUTC(localInstant, false);",2,0,0,1,2,0,6,0,0,9,59,6,0.08377,1,0,-1
defect4j,time,org/joda/time/chrono/ZonedChronology,26,448,"               return iZone.convertLocalToUTC(localInstant, false);",0,0,0,1,2,1,6,0,0,7,52,8,0.0,1,0,-1
defect4j,time,org/joda/time/chrono/ZonedChronology,26,540,"                return iZone.convertLocalToUTC(localInstant, false);",2,0,0,1,2,1,0,0,0,2,52,5,0.0,1,0,-1
defect4j,time,org/joda/time/format/PeriodFormatterBuilder,27,818,"                return new Object[] {Literal.EMPTY, Literal.EMPTY};",8,0,0,2,4,1,10,2,0,20,51,3,1.0,1,1,-1
