dataset,project,path,version,codeLine,statement,varTotal,optTotal,array,bracketDepth,bracketTotal,keywordTotal,methodTotal,typeTotal,logic,lengthEle,lengthWord,depth,suspicious,accuracy,miss_line,predict
defect4j,chart,org/jfree/chart/plot/CategoryPlot,1,1613,"        setRenderer(0, renderer, true);",0,0,0,1,2,0,0,0,0,3,31,4,0.25,0,0,-1
defect4j,chart,org/jfree/chart/plot/CategoryPlot,1,1614,    },0,0,0,0,1,0,0,0,0,1,1,4,0.25,0,0,-1
defect4j,chart,org/jfree/chart/plot/CategoryPlot,1,1665,        CategoryItemRenderer existing,6,0,0,0,0,0,4,2,0,12,29,4,0.14286,0,0,-1
defect4j,chart,org/jfree/chart/plot/CategoryPlot,1,1667,        if (existing != null) {,0,0,0,1,3,0,0,0,0,4,23,4,0.14286,0,0,-1
defect4j,chart,org/jfree/chart/plot/CategoryPlot,1,1672,"        this.renderers.set(index, renderer);",2,0,0,1,2,0,6,0,0,8,36,5,0.14286,0,0,-1
defect4j,chart,org/jfree/chart/plot/CategoryPlot,1,1673,        if (renderer != null) {,2,1,0,1,3,0,0,0,0,3,23,4,0.14286,0,0,-1
defect4j,chart,org/jfree/chart/plot/CategoryPlot,1,1674,            renderer.setPlot(this);,0,0,0,1,2,0,4,0,0,4,23,7,0.14286,0,0,-1
defect4j,chart,org/jfree/chart/plot/CategoryPlot,1,1675,            renderer.addChangeListener(this);,6,0,0,1,2,1,4,0,0,11,33,2,0.14286,0,0,-1
defect4j,chart,org/jfree/chart/plot/CategoryPlot,1,1679,        configureRangeAxes();,2,1,0,1,2,0,2,0,0,5,21,3,0.14286,0,0,-1
defect4j,chart,org/jfree/chart/plot/CategoryPlot,1,1682,            fireChangeEvent();,0,0,0,1,2,0,2,0,0,2,18,7,0.14286,0,0,-1
defect4j,chart,org/jfree/chart/plot/CategoryPlot,1,1684,    },2,0,0,0,1,0,4,0,0,6,1,7,0.14286,0,0,-1
defect4j,chart,org/jfree/chart/plot/CategoryPlot,1,1358,            dataset.addChangeListener(this);,4,0,0,1,2,0,8,0,0,12,32,3,0.04762,0,0,-1
defect4j,chart,org/jfree/chart/plot/CategoryPlot,1,1045,            Plot parent = getParent();,2,0,0,1,2,0,2,2,0,6,26,6,0.04545,0,0,-1
defect4j,chart,org/jfree/chart/plot/CategoryPlot,1,1352,        CategoryDataset existing = (CategoryDataset) this.datasets.get(index);,4,0,0,2,4,0,4,4,0,12,70,4,0.04545,0,0,-1
defect4j,chart,org/jfree/chart/plot/CategoryPlot,1,1353,        if (existing != null) {,2,1,0,1,3,0,0,0,0,3,23,4,0.04545,0,0,-1
defect4j,chart,org/jfree/chart/plot/CategoryPlot,1,1356,"        this.datasets.set(index, dataset);",2,0,0,1,2,0,6,0,0,8,34,5,0.04545,0,0,-1
defect4j,chart,org/jfree/chart/plot/CategoryPlot,1,1357,        if (dataset != null) {,2,1,0,1,3,0,0,0,0,3,22,4,0.04545,0,0,-1
defect4j,chart,org/jfree/chart/plot/CategoryPlot,1,1362,"        DatasetChangeEvent event = new DatasetChangeEvent(this, dataset,",4,0,0,0,1,0,0,4,0,8,64,4,0.04545,0,0,-1
defect4j,chart,org/jfree/chart/plot/CategoryPlot,1,1365,        datasetChanged(event);,0,0,0,1,2,0,4,0,0,4,22,5,0.04545,0,0,-1
defect4j,chart,org/jfree/chart/renderer/category/LineAndShapeRenderer,1,201,"        this(true, true);",4,1,0,1,2,0,0,4,0,11,17,3,0.03704,0,0,-1
defect4j,chart,org/jfree/chart/renderer/category/AbstractCategoryItemRenderer,1,1791,        LegendItemCollection result = new LegendItemCollection();,2,0,0,1,2,0,0,4,0,6,57,4,0.02703,0,0,-1
defect4j,chart,org/jfree/chart/renderer/category/AbstractCategoryItemRenderer,1,1792,        if (this.plot == null) {,2,1,0,1,3,0,0,0,0,3,24,4,0.02703,0,0,-1
defect4j,chart,org/jfree/chart/renderer/category/AbstractCategoryItemRenderer,1,1796,        CategoryDataset dataset = this.plot.getDataset(index);,4,0,0,1,2,0,4,2,0,10,54,4,0.02703,0,0,-1
defect4j,chart,org/jfree/chart/renderer/category/AbstractCategoryItemRenderer,1,1797,        if (dataset != null) {,2,1,0,1,3,0,0,0,0,3,22,4,0.02703,1,0,-1
defect4j,chart,org/jfree/chart/renderer/category/AbstractCategoryItemRenderer,1,1798,            return result;,2,0,0,0,0,1,0,0,0,2,14,6,0.02703,0,0,-1
defect4j,chart,org/jfree/chart/plot/CategoryPlot,1,1727,        return this.renderers.indexOf(renderer);,2,0,0,1,2,1,4,0,0,6,40,5,0.02703,0,0,-1
defect4j,chart,org/jfree/data/category/DefaultCategoryDataset,1,259,"        addValue(new Double(value), rowKey, columnKey);",2,0,0,2,4,0,6,2,0,10,47,5,0.02326,0,0,-1
defect4j,chart,org/jfree/chart/renderer/category/LineAndShapeRenderer,1,212,        this.seriesLinesVisible = new BooleanList();,2,0,0,1,2,0,0,2,0,5,44,4,0.02,0,0,-1
defect4j,chart,org/jfree/chart/renderer/category/LineAndShapeRenderer,1,213,        this.baseLinesVisible = lines;,4,0,0,0,0,0,0,0,0,5,30,4,0.02,0,0,-1
defect4j,chart,org/jfree/chart/renderer/category/LineAndShapeRenderer,1,214,        this.seriesShapesVisible = new BooleanList();,2,0,0,1,2,0,0,2,0,5,45,4,0.02,0,0,-1
defect4j,chart,org/jfree/chart/renderer/category/LineAndShapeRenderer,1,215,        this.baseShapesVisible = shapes;,0,0,0,0,0,0,0,0,0,0,32,4,0.02,0,0,-1
defect4j,chart,org/jfree/chart/renderer/category/LineAndShapeRenderer,1,216,        this.seriesShapesFilled = new BooleanList();,2,0,0,1,2,0,0,2,0,5,44,4,0.02,0,0,-1
defect4j,chart,org/jfree/chart/renderer/category/LineAndShapeRenderer,1,217,        this.baseShapesFilled = true;,2,0,0,0,0,0,0,0,0,4,29,4,0.02,0,0,-1
defect4j,chart,org/jfree/chart/renderer/category/LineAndShapeRenderer,1,219,        this.drawOutlines = true;,2,0,0,0,0,0,0,0,0,4,25,4,0.02,0,0,-1
defect4j,chart,org/jfree/chart/renderer/category/LineAndShapeRenderer,1,220,        this.useOutlinePaint = false;,2,0,0,0,0,0,0,0,0,4,29,4,0.02,0,0,-1
defect4j,chart,org/jfree/chart/renderer/category/LineAndShapeRenderer,1,221,        this.useSeriesOffset = false;  // preserves old behaviour,2,0,0,0,0,0,0,0,0,4,57,4,0.02,0,0,-1
defect4j,chart,org/jfree/chart/renderer/category/LineAndShapeRenderer,1,222,        this.itemMargin = 0.0;,2,0,0,0,0,0,0,0,0,3,22,4,0.02,0,0,-1
defect4j,chart,org/jfree/data/general/AbstractDataset,1,191,            if (listeners[i] == DatasetChangeListener.class) {,0,1,1,2,5,0,0,2,0,7,50,6,0.01724,0,0,-1
defect4j,chart,org/jfree/data/general/AbstractDataset,1,192,                ((DatasetChangeListener) listeners[i + 1]).datasetChanged(,2,1,1,3,7,0,6,2,0,13,58,3,0.01724,0,0,-1
defect4j,chart,org/jfree/chart/LegendItemCollection,1,107,        return this.items.size();,2,0,0,1,2,1,2,0,0,4,25,5,0.01667,0,0,-1
defect4j,chart,org/jfree/chart/LegendItemCollection,1,68,    public LegendItemCollection() {,2,0,0,1,3,1,0,0,0,3,31,2,0.01563,0,0,-1
defect4j,chart,org/jfree/chart/LegendItemCollection,1,69,        this.items = new java.util.ArrayList();,8,0,0,1,2,0,0,0,0,9,39,4,0.01563,0,0,-1
defect4j,chart,org/jfree/chart/LegendItemCollection,1,70,    },2,0,0,0,1,1,0,0,0,3,1,2,0.01563,0,0,-1
defect4j,chart,org/jfree/data/category/DefaultCategoryDataset,1,243,"        this.data.addObject(new SelectableValue(value), rowKey, columnKey);",4,0,0,2,4,0,6,2,0,12,67,5,0.01266,0,0,-1
defect4j,chart,org/jfree/data/category/DefaultCategoryDataset,1,244,        fireDatasetChanged(new DatasetChangeInfo());,0,0,0,2,4,0,2,2,0,4,44,5,0.01266,0,0,-1
defect4j,chart,org/jfree/data/category/AbstractCategoryDataset,1,64,        super();,2,0,0,1,2,0,6,0,0,9,8,6,0.01053,0,0,-1
defect4j,chart,org/jfree/data/category/DefaultCategoryDataset,1,80,    public DefaultCategoryDataset() {,2,0,0,1,3,1,0,0,0,3,33,2,0.01053,0,0,-1
defect4j,chart,org/jfree/data/category/DefaultCategoryDataset,1,81,        this.data = new KeyedObjects2D();,2,0,0,1,2,0,0,2,0,5,33,4,0.01053,0,0,-1
defect4j,chart,org/jfree/data/category/DefaultCategoryDataset,1,83,        setSelectionState(this);,0,0,0,1,2,0,2,0,0,2,24,5,0.01053,0,0,-1
defect4j,chart,org/jfree/data/KeyedObjects2D,1,257,"        setObject(object, rowKey, columnKey);",0,0,0,1,2,0,8,0,0,8,37,5,0.01031,0,0,-1
defect4j,chart,org/jfree/data/KeyedObjects2D,1,258,    },4,0,0,0,1,0,0,0,0,5,1,8,0.01031,0,0,-1
defect4j,chart,org/jfree/data/ComparableObjectItem,2,72,"    public ComparableObjectItem(Comparable x, Object y) {",6,0,0,1,3,1,0,4,0,11,53,2,1.33333,0,0,-1
defect4j,chart,org/jfree/data/ComparableObjectItem,2,73,        if (x == null) {,10,1,0,1,3,0,4,0,0,15,16,3,1.33333,0,0,-1
defect4j,chart,org/jfree/data/ComparableObjectItem,2,76,        this.x = x;,4,0,0,0,0,0,0,0,0,5,11,4,1.33333,0,0,-1
defect4j,chart,org/jfree/data/ComparableObjectItem,2,95,        return this.obj;,2,0,0,0,0,1,0,0,0,2,16,5,1.33333,0,0,-1
defect4j,chart,org/jfree/data/ComparableObjectSeries,2,67,    private int maximumItemCount = Integer.MAX_VALUE;,6,0,0,0,0,1,0,0,0,7,49,2,1.33333,0,0,-1
defect4j,chart,org/jfree/data/ComparableObjectSeries,2,99,        this.data = new java.util.ArrayList();,10,0,0,1,2,0,4,0,0,15,38,4,1.33333,0,0,-1
defect4j,chart,org/jfree/data/ComparableObjectSeries,2,100,        this.autoSort = autoSort;,4,0,0,0,0,0,0,0,0,5,25,4,1.33333,0,0,-1
defect4j,chart,org/jfree/data/ComparableObjectSeries,2,101,        this.allowDuplicateXValues = allowDuplicateXValues;,4,0,0,0,0,0,0,0,0,5,51,4,1.33333,0,0,-1
defect4j,chart,org/jfree/data/ComparableObjectSeries,2,131,        return this.data.size();,0,0,0,1,2,1,0,0,0,4,24,4,1.33333,0,0,-1
defect4j,chart,org/jfree/data/ComparableObjectSeries,2,216,        if (item == null) {,2,1,0,1,3,0,0,0,0,3,19,4,1.33333,0,0,-1
defect4j,chart,org/jfree/data/time/TimeSeries,3,1050,        if (start < 0) {,2,1,0,1,3,0,0,0,0,3,16,4,0.5,0,0,-1
defect4j,chart,org/jfree/data/time/TimeSeries,3,1053,        if (end < start) {,6,2,0,1,3,0,0,0,0,8,18,4,0.5,0,0,-1
defect4j,chart,org/jfree/data/time/TimeSeries,3,1056,        TimeSeries copy = (TimeSeries) super.clone();,4,0,0,2,4,0,0,4,0,8,45,4,0.5,0,0,-1
defect4j,chart,org/jfree/data/time/TimeSeries,3,1057,        copy.data = new java.util.ArrayList();,10,0,0,1,2,0,0,0,0,11,38,4,0.5,1,0,-1
defect4j,chart,org/jfree/data/time/TimeSeries,3,1058,        if (this.data.size() > 0) {,8,1,0,2,5,0,2,4,0,15,27,3,0.5,0,0,-1
defect4j,chart,org/jfree/data/time/TimeSeries,3,1059,            for (int index = start; index <= end; index++) {,10,1,0,1,3,0,0,0,0,12,48,6,0.5,0,0,-1
defect4j,chart,org/jfree/data/time/TimeSeries,3,1062,                TimeSeriesDataItem clone = (TimeSeriesDataItem) item.clone();,6,0,0,2,4,0,4,4,0,15,61,3,0.5,0,0,-1
defect4j,chart,org/jfree/data/time/TimeSeries,3,1064,                    copy.add(clone);,0,0,0,1,2,0,6,0,0,6,16,11,0.5,0,0,-1
defect4j,chart,org/jfree/chart/util/AbstractObjectList,4,166,        return -1;,0,0,0,0,0,1,4,0,0,6,10,3,6.45333,0,0,-1
defect4j,chart,org/jfree/chart/axis/Axis,4,1222,        Object[] listeners = this.listenerList.getListenerList();,4,0,0,2,4,0,2,2,0,8,57,4,4.65385,0,0,-1
defect4j,chart,org/jfree/chart/axis/Axis,4,1223,        for (int i = listeners.length - 2; i >= 0; i -= 2) {,10,2,0,1,3,0,0,0,0,13,52,4,4.65385,0,0,-1
defect4j,chart,org/jfree/chart/event/AxisChangeEvent,4,61,        super(axis);,2,0,0,1,2,0,0,0,0,2,12,4,4.65385,0,0,-1
defect4j,chart,org/jfree/chart/event/AxisChangeEvent,4,62,        this.axis = axis;,6,0,0,0,0,1,0,2,0,10,17,1,4.65385,0,0,-1
defect4j,chart,org/jfree/chart/axis/Axis,4,1043,        this.plot = plot;,4,0,0,0,0,0,0,0,0,5,17,4,3.78125,0,0,-1
defect4j,chart,org/jfree/chart/util/AbstractObjectList,4,161,        for (int index = 0; index < this.size; index++) {,10,1,0,1,3,0,4,0,0,17,49,3,3.78125,0,0,-1
defect4j,chart,org/jfree/chart/util/AbstractObjectList,4,162,            if (this.objects[index] == object) {,0,0,0,2,5,0,0,0,0,7,36,4,3.78125,0,0,-1
defect4j,chart,org/jfree/chart/util/AbstractObjectList,4,163,                return (index);,2,0,0,1,2,1,0,0,0,2,15,9,3.78125,0,0,-1
defect4j,chart,org/jfree/chart/axis/Axis,4,1030,        return this.plot;,2,0,0,0,0,1,0,0,0,2,17,5,3.72308,0,0,-1
defect4j,chart,org/jfree/chart/axis/Axis,4,309,        this.label = label;,4,0,0,0,0,0,0,0,0,5,19,4,3.29252,0,0,-1
defect4j,chart,org/jfree/chart/axis/Axis,4,310,        this.visible = DEFAULT_AXIS_VISIBLE;,4,0,0,0,0,0,0,0,0,5,36,4,3.29252,0,0,-1
defect4j,chart,org/jfree/chart/axis/Axis,4,311,        this.labelFont = DEFAULT_AXIS_LABEL_FONT;,4,0,0,0,0,0,0,0,0,5,41,4,3.29252,0,0,-1
defect4j,chart,org/jfree/chart/axis/Axis,4,312,        this.labelPaint = DEFAULT_AXIS_LABEL_PAINT;,4,0,0,0,0,0,0,0,0,5,43,4,3.29252,0,0,-1
defect4j,chart,org/jfree/chart/axis/Axis,4,314,        this.labelAngle = 0.0;,2,0,0,0,0,0,0,0,0,3,22,4,3.29252,0,0,-1
defect4j,chart,org/jfree/chart/axis/Axis,4,315,        this.labelToolTip = null;,4,0,0,0,0,0,6,0,0,11,25,3,3.29252,0,0,-1
defect4j,chart,org/jfree/chart/axis/Axis,4,318,        this.axisLineVisible = true;,2,0,0,0,0,0,6,0,0,10,28,3,3.29252,0,0,-1
defect4j,chart,org/jfree/chart/axis/Axis,4,319,        this.axisLinePaint = DEFAULT_AXIS_LINE_PAINT;,4,0,0,0,0,0,0,0,0,5,45,4,3.29252,0,0,-1
defect4j,chart,org/jfree/chart/axis/Axis,4,320,        this.axisLineStroke = DEFAULT_AXIS_LINE_STROKE;,4,0,0,0,0,0,0,0,0,5,47,4,3.29252,0,0,-1
defect4j,chart,org/jfree/chart/axis/Axis,4,323,        this.tickLabelFont = DEFAULT_TICK_LABEL_FONT;,4,0,0,0,0,0,0,0,0,5,45,4,3.29252,0,0,-1
defect4j,chart,org/jfree/chart/axis/Axis,4,324,        this.tickLabelPaint = DEFAULT_TICK_LABEL_PAINT;,8,0,0,0,0,0,0,0,0,10,47,4,3.29252,0,0,-1
defect4j,chart,org/jfree/chart/axis/Axis,4,325,        this.tickLabelInsets = DEFAULT_TICK_LABEL_INSETS;,6,0,0,0,0,0,4,0,0,11,49,3,3.29252,0,0,-1
defect4j,chart,org/jfree/chart/axis/Axis,4,327,        this.tickMarksVisible = DEFAULT_TICK_MARKS_VISIBLE;,4,0,0,0,0,0,2,0,0,7,51,3,3.29252,0,0,-1
defect4j,chart,org/jfree/chart/axis/Axis,4,329,        this.tickMarkPaint = DEFAULT_TICK_MARK_PAINT;,4,0,0,0,0,0,0,0,0,5,45,4,3.29252,0,0,-1
defect4j,chart,org/jfree/chart/axis/Axis,4,330,        this.tickMarkInsideLength = DEFAULT_TICK_MARK_INSIDE_LENGTH;,4,0,0,0,0,0,0,0,0,5,60,4,3.29252,0,0,-1
defect4j,chart,org/jfree/chart/axis/Axis,4,331,        this.tickMarkOutsideLength = DEFAULT_TICK_MARK_OUTSIDE_LENGTH;,4,0,0,0,0,0,0,0,0,5,62,4,3.29252,0,0,-1
defect4j,chart,org/jfree/chart/axis/Axis,4,334,        this.minorTickMarkInsideLength = 0.0f;,2,0,0,0,0,0,0,0,0,3,38,4,3.29252,0,0,-1
defect4j,chart,org/jfree/chart/axis/Axis,4,335,        this.minorTickMarkOutsideLength = 2.0f;,2,0,0,0,0,0,0,0,0,3,39,4,3.29252,0,0,-1
defect4j,chart,org/jfree/chart/axis/Axis,4,337,        this.plot = null;,2,0,0,0,0,0,0,0,0,3,17,4,3.29252,0,0,-1
defect4j,chart,org/jfree/chart/axis/Axis,4,339,        this.listenerList = new EventListenerList();,6,0,0,1,2,0,2,2,0,11,44,3,3.29252,0,0,-1
defect4j,chart,org/jfree/chart/util/ObjectList,4,85,        return super.get(index);,10,1,0,1,2,1,0,0,0,11,24,3,3.06329,0,0,-1
defect4j,chart,org/jfree/chart/util/ObjectList,4,95,"        super.set(index, object);",6,0,0,1,2,0,0,0,0,6,25,5,3.06329,0,0,-1
defect4j,chart,org/jfree/chart/plot/PlotOrientation,4,72,    private PlotOrientation(String name) {,6,1,0,1,3,1,0,2,0,10,38,2,3.00621,0,0,-1
defect4j,chart,org/jfree/chart/plot/PlotOrientation,4,73,        this.name = name;,4,0,0,0,0,0,0,0,0,5,17,4,3.00621,0,0,-1
defect4j,chart,org/jfree/chart/plot/PlotOrientation,4,74,    },4,0,1,0,1,0,0,0,0,6,1,9,3.00621,0,0,-1
defect4j,chart,org/jfree/chart/plot/PlotOrientation,4,57,    public static final PlotOrientation HORIZONTAL,6,0,0,0,0,3,0,2,0,11,46,1,3.00621,0,0,-1
defect4j,chart,org/jfree/chart/plot/PlotOrientation,4,61,    public static final PlotOrientation VERTICAL,2,0,0,0,0,3,0,2,0,7,44,2,3.00621,0,0,-1
defect4j,chart,org/jfree/chart/util/AbstractObjectList,4,123,        if (index < 0) {,2,0,0,1,3,0,0,2,0,5,16,4,2.95122,0,0,-1
defect4j,chart,org/jfree/chart/util/AbstractObjectList,4,131,        this.objects[index] = object;,8,0,1,1,2,0,0,0,0,12,29,4,2.95122,0,0,-1
defect4j,chart,org/jfree/chart/util/AbstractObjectList,4,132,"        this.size = Math.max(this.size, index + 1);",6,1,0,1,2,0,4,0,0,12,43,4,2.95122,0,0,-1
defect4j,chart,org/jfree/chart/event/ChartChangeEvent,4,131,        this.type = type;,4,0,0,0,0,0,0,0,0,5,17,4,2.95122,0,0,-1
defect4j,chart,org/jfree/chart/axis/Axis,4,143,"    public static final Font DEFAULT_AXIS_LABEL_FONT = new Font(""Tahoma"",",2,0,0,0,1,3,0,4,0,10,69,2,2.91566,0,0,-1
defect4j,chart,org/jfree/chart/axis/Axis,4,150,    public static final RectangleInsets DEFAULT_AXIS_LABEL_INSETS,2,0,0,0,0,3,0,2,0,7,61,2,2.91566,0,0,-1
defect4j,chart,org/jfree/chart/axis/Axis,4,157,    public static final Stroke DEFAULT_AXIS_LINE_STROKE = new BasicStroke(1.0f);,2,0,0,1,2,3,0,4,0,9,76,2,2.91566,0,0,-1
defect4j,chart,org/jfree/chart/axis/Axis,4,163,"    public static final Font DEFAULT_TICK_LABEL_FONT = new Font(""Tahoma"",",4,1,0,0,1,3,0,4,0,13,69,1,2.91566,0,0,-1
defect4j,chart,org/jfree/chart/axis/Axis,4,167,    public static final Paint DEFAULT_TICK_LABEL_PAINT = Color.black;,6,0,0,0,0,3,0,2,0,11,65,2,2.91566,0,0,-1
defect4j,chart,org/jfree/data/xy/XYSeries,5,527,"        return addOrUpdate(new Double(x), new Double(y));",2,0,0,3,6,2,0,0,0,3,49,1,1.0,0,0,-1
defect4j,chart,org/jfree/data/xy/XYSeries,5,564,"                this.data.add(-index - 1, new XYDataItem(x, y));",0,0,0,2,4,0,0,0,0,6,48,4,1.0,1,1,-1
defect4j,chart,org/jfree/data/xy/XYSeries,5,563,            if (this.autoSort) {,2,0,0,1,3,0,0,0,0,2,20,7,0.5,0,0,-1
defect4j,chart,org/jfree/chart/util/ShapeList,6,121,        return super.hashCode();,2,0,0,1,2,1,0,0,0,2,24,5,1.0,0,0,-1
defect4j,chart,org/jfree/chart/util/ShapeList,6,137,            Shape shape = getShape(i);,2,0,0,1,2,0,4,2,0,8,26,6,1.0,0,0,-1
defect4j,chart,org/jfree/chart/util/ShapeList,6,138,            if (shape != null) {,2,1,0,1,3,0,0,0,0,3,20,6,1.0,0,0,-1
defect4j,chart,org/jfree/chart/util/ShapeList,6,139,                stream.writeInt(i);,0,0,0,1,2,0,6,0,0,6,19,9,1.0,0,0,-1
defect4j,chart,org/jfree/chart/util/ShapeList,6,140,"                SerialUtilities.writeShape(shape, stream);",0,0,0,1,2,0,8,0,0,8,42,9,1.0,0,0,-1
defect4j,chart,org/jfree/chart/util/ShapeList,6,143,                stream.writeInt(-1);,0,0,0,1,2,0,4,0,0,5,20,9,1.0,0,0,-1
defect4j,chart,org/jfree/chart/util/ShapeList,6,163,            int index = stream.readInt();,2,0,0,1,2,0,4,0,0,6,29,7,1.0,0,0,-1
defect4j,chart,org/jfree/data/time/TimePeriodValues,7,552,        return this.maxMiddleIndex;,0,0,0,0,0,1,0,0,0,1,27,4,1.0,0,0,-1
defect4j,chart,org/jfree/data/time/TimePeriodValues,7,267,                this.minStartIndex = index;           ,4,0,0,0,0,0,0,0,0,5,27,8,0.25,0,0,-1
defect4j,chart,org/jfree/data/time/TimeSeries,9,883,"            throw new IllegalArgumentException(""Requires start <= end."");",4,0,0,1,2,0,2,6,0,13,61,3,1.0,0,0,-1
defect4j,chart,org/jfree/data/time/TimeSeries,9,924,        if (end == null) {,2,1,0,1,3,0,2,0,0,5,18,4,1.0,0,0,-1
defect4j,chart,org/jfree/data/time/TimeSeries,9,927,        if (start.compareTo(end) > 0) {,8,1,0,2,5,1,6,6,0,22,31,2,1.0,0,0,-1
defect4j,chart,org/jfree/data/time/TimeSeries,9,931,        boolean emptyRange = false;,2,0,0,0,0,0,0,0,0,3,27,5,1.0,0,0,-1
defect4j,chart,org/jfree/data/time/TimeSeries,9,932,        int startIndex = getIndex(start);,4,0,0,1,2,0,4,0,0,9,33,3,1.0,0,0,-1
defect4j,chart,org/jfree/data/time/TimeSeries,9,933,        if (startIndex < 0) {,4,1,0,1,3,1,0,0,0,6,21,1,1.0,0,0,-1
defect4j,chart,org/jfree/data/time/TimeSeries,9,934,            startIndex = -(startIndex + 1);,4,1,0,1,2,0,4,0,0,11,31,6,1.0,0,0,-1
defect4j,chart,org/jfree/data/time/TimeSeries,9,935,            if (startIndex == this.data.size()) {,4,1,0,2,5,0,2,0,0,7,37,6,1.0,0,0,-1
defect4j,chart,org/jfree/chart/util/ShapeUtilities,11,265,        if (p1 == null) {,2,1,0,1,3,0,0,0,0,3,17,4,0.06667,0,0,-1
defect4j,chart,org/jfree/chart/util/ShapeUtilities,11,268,        if (p2 == null) {,2,1,0,1,3,0,0,0,0,3,17,4,0.06667,0,0,-1
defect4j,chart,org/jfree/chart/plot/MultiplePiePlot,12,135,        this(null);,8,1,0,1,2,0,2,2,0,14,11,9,0.5,0,0,-1
defect4j,chart,org/jfree/data/general/AbstractDataset,12,160,        List list = Arrays.asList(this.listenerList.getListenerList());,6,1,0,2,4,0,6,2,0,15,63,3,0.5,0,0,-1
defect4j,chart,org/jfree/data/general/AbstractDataset,12,161,        return list.contains(listener);,0,0,0,1,2,1,6,0,0,6,31,5,0.5,0,0,-1
defect4j,chart,org/jfree/chart/plot/MultiplePiePlot,12,145,        this.dataset = dataset;,4,0,0,0,0,0,0,0,0,5,23,4,0.33333,1,0,-1
defect4j,chart,org/jfree/chart/plot/MultiplePiePlot,12,146,        PiePlot piePlot = new PiePlot(null);,4,0,0,1,2,0,0,6,0,11,36,2,0.33333,0,0,-1
defect4j,chart,org/jfree/chart/plot/MultiplePiePlot,12,147,        this.pieChart = new JFreeChart(piePlot);,4,0,0,1,2,0,0,2,0,7,40,4,0.33333,0,0,-1
defect4j,chart,org/jfree/chart/plot/MultiplePiePlot,12,148,        this.pieChart.removeLegend();,2,0,0,1,2,0,2,0,0,4,29,5,0.33333,0,0,-1
defect4j,chart,org/jfree/chart/plot/MultiplePiePlot,12,149,        this.dataExtractOrder = TableOrder.BY_COLUMN;,6,0,0,0,0,0,0,0,0,7,45,4,0.33333,0,0,-1
defect4j,chart,org/jfree/chart/plot/MultiplePiePlot,12,151,"        TextTitle seriesTitle = new TextTitle(""Series Title"",",4,0,0,0,1,0,0,6,0,11,53,3,0.33333,0,0,-1
defect4j,chart,org/jfree/chart/plot/MultiplePiePlot,12,153,        seriesTitle.setPosition(RectangleEdge.BOTTOM);,4,0,0,1,2,0,4,0,0,8,46,5,0.33333,0,0,-1
defect4j,chart,org/jfree/chart/plot/MultiplePiePlot,12,154,        this.pieChart.setTitle(seriesTitle);,2,0,0,1,2,0,4,0,0,6,36,5,0.33333,0,0,-1
defect4j,chart,org/jfree/chart/plot/MultiplePiePlot,12,155,"        this.aggregatedItemsKey = ""Other"";",2,0,0,0,0,0,0,0,0,4,34,4,0.33333,0,0,-1
defect4j,chart,org/jfree/chart/plot/MultiplePiePlot,12,157,        this.sectionPaints = new HashMap();,2,0,0,1,2,0,0,2,0,5,35,4,0.33333,0,0,-1
defect4j,chart,org/jfree/chart/JFreeChart,12,664,        removeSubtitle(getLegend());,0,0,0,2,4,0,4,0,0,4,28,5,0.33333,0,0,-1
defect4j,chart,org/jfree/chart/JFreeChart,12,795,        this.subtitles.remove(title);,2,0,0,1,2,0,4,0,0,6,29,5,0.33333,0,0,-1
defect4j,chart,org/jfree/chart/util/TableOrder,12,69,    private TableOrder(String name) {,4,0,0,1,3,1,0,2,0,7,33,2,0.33333,0,0,-1
defect4j,chart,org/jfree/chart/util/TableOrder,12,70,        this.name = name;,4,0,0,0,0,0,0,0,0,5,17,4,0.33333,0,0,-1
defect4j,chart,org/jfree/chart/util/TableOrder,12,55,"    public static final TableOrder BY_ROW = new TableOrder(""TableOrder.BY_ROW"");",2,0,0,1,2,3,0,4,0,10,76,2,0.33333,0,0,-1
defect4j,chart,org/jfree/chart/util/TableOrder,12,58,    public static final TableOrder BY_COLUMN ,2,0,0,0,0,3,0,2,0,7,40,2,0.33333,0,0,-1
defect4j,chart,org/jfree/chart/title/LegendTitle,12,542,            return true;   ,0,0,0,0,0,1,0,0,0,1,12,6,0.33333,0,0,-1
defect4j,chart,org/jfree/chart/JFreeChart,12,574,        this.title = title;,4,0,0,0,0,0,0,0,0,6,19,3,0.25,0,0,-1
defect4j,chart,org/jfree/chart/JFreeChart,12,575,        if (title != null) {,2,1,0,1,3,0,0,0,0,3,20,4,0.25,0,0,-1
defect4j,chart,org/jfree/chart/JFreeChart,12,959,        if (this.backgroundPaint != null) {,6,1,0,1,3,0,4,0,0,11,35,3,0.25,0,0,-1
defect4j,chart,org/jfree/chart/JFreeChart,12,960,            if (!this.backgroundPaint.equals(paint)) {,4,0,0,2,5,0,8,0,0,14,42,3,0.25,0,0,-1
defect4j,chart,org/jfree/chart/JFreeChart,12,962,                fireChartChanged();,0,0,0,1,2,0,2,0,0,2,19,9,0.25,0,0,-1
defect4j,chart,org/jfree/chart/JFreeChart,12,628,        return getLegend(0);,2,0,0,1,2,1,4,0,0,6,20,8,0.2,0,0,-1
defect4j,chart,org/jfree/chart/block/BorderArrangement,13,495,        this.centerBlock = null;,2,0,0,0,0,0,0,0,0,3,24,4,1.0,0,0,-1
defect4j,chart,org/jfree/chart/block/BorderArrangement,13,497,        this.bottomBlock = null;,2,0,0,0,0,0,0,0,0,3,24,4,1.0,0,0,-1
defect4j,chart,org/jfree/chart/block/BorderArrangement,13,498,        this.leftBlock = null;,2,0,0,0,0,0,0,0,0,3,22,4,1.0,0,0,-1
defect4j,chart,org/jfree/chart/block/BorderArrangement,13,499,        this.rightBlock = null;,2,0,0,0,0,0,0,0,0,3,23,4,1.0,0,0,-1
defect4j,chart,org/jfree/chart/block/AbstractBlock,13,151,        return this.width;,2,0,0,0,0,1,0,0,0,2,18,5,1.0,0,0,-1
defect4j,chart,org/jfree/chart/block/EmptyBlock,13,85,"        return new Size2D(calculateTotalWidth(getWidth()), ",2,0,0,2,5,1,4,6,0,12,50,3,1.0,0,0,-1
defect4j,chart,org/jfree/chart/plot/Marker,14,144,        this(Color.gray);,4,0,0,1,2,0,0,0,0,4,17,5,0.36,0,0,-1
defect4j,chart,org/jfree/chart/plot/Marker,14,145,    },6,0,0,0,1,0,0,0,0,7,1,4,0.36,0,0,-1
defect4j,chart,org/jfree/chart/plot/ValueMarker,14,69,        this.value = value;,4,0,0,0,0,0,0,0,0,5,19,4,0.36,0,0,-1
defect4j,chart,org/jfree/chart/plot/ValueMarker,14,70,    },0,0,0,0,1,0,6,0,0,6,1,7,0.36,0,0,-1
defect4j,chart,org/jfree/chart/plot/XYPlot,14,2232,"        return removeDomainMarker(marker, Layer.FOREGROUND);",4,0,0,1,2,1,4,0,0,8,52,5,0.33333,0,0,-1
defect4j,chart,org/jfree/chart/plot/XYPlot,14,2248,"        return removeDomainMarker(0, marker, layer);",0,0,0,1,2,1,16,0,0,16,44,3,0.33333,0,0,-1
defect4j,chart,org/jfree/chart/plot/XYPlot,14,2265,"    	return removeDomainMarker(index, marker, layer, true);",6,1,0,1,2,1,8,0,0,16,54,3,0.33333,0,0,-1
defect4j,chart,org/jfree/chart/plot/XYPlot,14,2286,            markers = (ArrayList) this.foregroundDomainMarkers.get(new Integer(,4,0,0,1,4,0,2,4,0,11,67,6,0.33333,0,0,-1
defect4j,chart,org/jfree/chart/plot/XYPlot,14,2293,        boolean removed = markers.remove(marker);,2,0,0,1,2,0,6,0,0,8,41,5,0.33333,1,0,-1
defect4j,chart,org/jfree/chart/ChartFactory,15,694,        PiePlot3D plot = new PiePlot3D(dataset);,2,0,0,1,2,0,2,0,0,4,40,5,0.33333,0,0,-1
defect4j,chart,org/jfree/chart/ChartFactory,15,695,"        plot.setInsets(new RectangleInsets(0.0, 5.0, 5.0, 5.0));",0,0,0,2,4,0,4,2,0,6,56,5,0.33333,0,0,-1
defect4j,chart,org/jfree/chart/ChartFactory,15,699,        if (urls) {,4,0,0,1,3,0,8,0,0,13,11,3,0.33333,0,0,-1
defect4j,chart,org/jfree/chart/ChartFactory,15,702,"        return new JFreeChart(title, JFreeChart.DEFAULT_TITLE_FONT, plot, ",0,0,0,0,1,1,0,0,0,2,65,4,0.33333,0,0,-1
defect4j,chart,org/jfree/data/general/DatasetUtilities,15,152,        if (dataset == null) {,2,1,0,1,3,0,0,0,0,3,22,4,0.33333,0,0,-1
defect4j,chart,org/jfree/chart/plot/PiePlot,15,551,        return this.dataset;,2,0,0,0,0,1,0,0,0,2,20,5,0.2,0,0,-1
defect4j,chart,org/jfree/chart/plot/PiePlot3D,15,126,    private double depthFactor = 0.12;,2,0,0,0,0,1,0,0,0,3,34,2,0.2,0,0,-1
defect4j,chart,org/jfree/chart/plot/PiePlot,15,731,        this.circular = circular;,4,0,0,0,0,0,0,0,0,5,25,4,0.16667,0,0,-1
defect4j,chart,org/jfree/chart/plot/PiePlot,15,732,        if (notify) {,2,0,0,1,3,0,0,0,0,2,13,4,0.16667,0,0,-1
defect4j,chart,org/jfree/chart/title/LegendTitle,15,472,            return result;   ,2,0,0,0,0,1,0,0,0,2,14,6,0.1,0,0,-1
defect4j,chart,org/jfree/chart/plot/Plot,15,519,        if (insets == null) {,4,1,0,1,3,0,0,2,0,8,21,3,0.05556,0,0,-1
defect4j,chart,org/jfree/chart/plot/Plot,15,525,                notifyListeners(new PlotChangeEvent(this));,4,0,0,2,4,0,2,2,0,9,43,8,0.05556,0,0,-1
defect4j,chart,org/jfree/chart/util/RectangleInsets,15,192,            return false;   ,6,0,0,0,0,1,4,0,0,12,13,4,0.05,0,0,-1
defect4j,chart,org/jfree/chart/renderer/RendererState,15,62,    public RendererState(PlotRenderingInfo info) {,6,0,0,1,3,3,0,6,0,15,46,1,0.04348,0,0,-1
defect4j,chart,org/jfree/chart/renderer/RendererState,15,63,        this.info = info;,4,0,0,0,0,0,0,0,0,5,17,4,0.04348,0,0,-1
defect4j,chart,org/jfree/chart/plot/Plot,15,963,        if (orientation == null) {,2,1,0,1,3,0,0,0,0,4,26,3,0.03448,0,0,-1
defect4j,chart,org/jfree/chart/plot/Plot,15,966,        if (this.backgroundPaint == null) {,2,1,0,1,3,0,0,0,0,3,35,4,0.03448,0,0,-1
defect4j,chart,org/jfree/chart/plot/Plot,15,969,        Paint p = this.backgroundPaint;,4,0,0,0,0,0,0,2,0,6,31,4,0.03448,0,0,-1
defect4j,chart,org/jfree/chart/plot/Plot,15,970,        if (p instanceof GradientPaint) {,2,0,0,1,3,0,0,2,0,4,33,5,0.03448,0,0,-1
defect4j,chart,org/jfree/chart/plot/Plot,15,985,        Composite originalComposite = g2.getComposite();,2,0,0,1,2,0,4,2,0,8,48,4,0.03448,0,0,-1
defect4j,chart,org/jfree/chart/plot/Plot,15,986,"        g2.setComposite(AlphaComposite.getInstance(AlphaComposite.SRC_OVER,",4,0,0,0,2,0,8,0,0,12,67,5,0.03448,0,0,-1
defect4j,chart,org/jfree/chart/plot/Plot,15,1005,        if (this.backgroundImage != null) {,2,1,0,1,3,0,0,0,0,3,35,4,0.03448,0,0,-1
defect4j,chart,org/jfree/chart/JFreeChart,15,1195,"            EntityCollection e = drawTitle(this.title, g2, nonTitleArea, ",6,0,0,0,1,0,12,2,0,21,60,3,0.03333,0,0,-1
defect4j,chart,org/jfree/chart/JFreeChart,15,1197,            if (e != null) {,6,1,0,1,3,0,0,0,0,8,16,3,0.03333,0,0,-1
defect4j,chart,org/jfree/chart/JFreeChart,15,1252,            y = frame.getY();   ,10,1,0,1,2,0,6,0,0,19,17,5,0.03333,0,0,-1
defect4j,chart,org/jfree/chart/JFreeChart,15,1306,"            titleArea = createAlignedRectangle2D(size, area, ",4,0,0,0,1,0,6,2,0,13,48,1,0.03333,0,0,-1
defect4j,chart,org/jfree/chart/JFreeChart,15,1309,"            area.setRect(area.getX(), Math.min(area.getY() + size.height, ",4,1,0,2,6,0,16,0,0,21,61,7,0.03333,0,0,-1
defect4j,chart,org/jfree/chart/JFreeChart,15,1343,            EntityBlockResult ebr = (EntityBlockResult) retValue;,4,0,0,1,2,0,0,4,0,8,53,6,0.03333,0,0,-1
defect4j,chart,org/jfree/chart/JFreeChart,15,1344,            result = ebr.getEntityCollection();,4,0,0,1,2,0,4,2,0,11,35,3,0.03333,0,0,-1
defect4j,chart,org/jfree/chart/text/TextBlock,15,105,        if (alignment == null) {,2,1,0,1,3,0,0,0,0,3,24,4,0.03333,0,0,-1
defect4j,chart,org/jfree/chart/text/TextBlock,15,109,    },0,0,0,0,1,0,0,2,0,3,1,7,0.03333,0,0,-1
defect4j,chart,org/jfree/chart/text/TextBlock,15,274,            xAdj = (float) -width / 2.0f;,4,1,0,1,2,0,0,0,0,7,29,6,0.03333,0,0,-1
defect4j,chart,org/jfree/chart/text/G2TextMeasurer,15,61,    public G2TextMeasurer(Graphics2D g2) {,4,0,0,1,3,1,0,2,0,7,38,2,0.03333,0,0,-1
defect4j,chart,org/jfree/chart/text/G2TextMeasurer,15,62,        this.g2 = g2;,6,0,0,0,0,0,4,0,0,11,13,3,0.03333,0,0,-1
defect4j,chart,org/jfree/chart/text/G2TextMeasurer,15,75,        FontMetrics fm = this.g2.getFontMetrics();,4,0,0,1,2,0,2,2,0,8,42,4,0.03333,0,0,-1
defect4j,chart,org/jfree/chart/text/G2TextMeasurer,15,76,"        Rectangle2D bounds = TextUtilities.getTextBounds(text.substring(start, ",2,0,0,0,2,0,10,2,0,14,70,4,0.03333,0,0,-1
defect4j,chart,org/jfree/chart/text/G2TextMeasurer,15,78,        float result = (float) bounds.getWidth();,4,0,0,2,4,0,8,0,0,12,41,5,0.03333,0,0,-1
defect4j,chart,org/jfree/chart/text/G2TextMeasurer,15,79,        return result;,2,0,0,0,0,1,0,0,0,2,14,4,0.03333,0,0,-1
defect4j,chart,org/jfree/chart/text/TextUtilities,15,186,        TextBlock result = new TextBlock();,2,0,0,1,2,0,0,4,0,6,35,4,0.03333,0,0,-1
defect4j,chart,org/jfree/chart/text/TextUtilities,15,187,        BreakIterator iterator = BreakIterator.getLineInstance();,4,0,0,1,2,0,4,2,0,10,57,3,0.03333,0,0,-1
defect4j,chart,org/jfree/chart/text/TextUtilities,15,190,        int lines = 0;,2,0,0,0,0,0,0,0,0,2,14,5,0.03333,0,0,-1
defect4j,chart,org/jfree/chart/text/TextUtilities,15,191,        int length = text.length();,2,0,0,1,2,0,4,0,0,6,27,5,0.03333,0,0,-1
defect4j,chart,org/jfree/chart/text/TextUtilities,15,192,        while (current < length && lines < maxLines) {,8,3,0,1,3,0,0,0,0,11,46,4,0.03333,0,0,-1
defect4j,chart,org/jfree/chart/text/TextUtilities,15,193,"            int next = nextLineBreak(text, current, maxWidth, iterator, ",6,0,0,0,1,0,10,0,0,17,59,3,0.03333,0,0,-1
defect4j,chart,org/jfree/chart/text/TextUtilities,15,195,            if (next == BreakIterator.DONE) {,6,1,0,1,3,0,0,0,0,7,33,6,0.03333,0,0,-1
defect4j,chart,org/jfree/chart/text/TextUtilities,15,197,                return result;,2,0,0,0,0,1,0,0,0,2,14,8,0.03333,0,0,-1
defect4j,chart,org/jfree/chart/text/TextUtilities,15,239,        int current = start;,4,0,0,0,0,0,0,0,0,4,20,5,0.03333,0,0,-1
defect4j,chart,org/jfree/chart/text/TextUtilities,15,242,        boolean firstWord = true;,2,0,0,0,0,0,0,0,0,3,25,5,0.03333,0,0,-1
defect4j,chart,org/jfree/chart/text/TextUtilities,15,243,"        int newline = text.indexOf('\n', start);",2,0,0,1,2,0,6,0,0,9,40,5,0.03333,0,0,-1
defect4j,chart,org/jfree/chart/text/TextUtilities,15,244,        if (newline < 0) {,2,1,0,1,3,0,0,0,0,3,18,4,0.03333,0,0,-1
defect4j,chart,org/jfree/chart/text/TextUtilities,15,245,            newline = Integer.MAX_VALUE;,6,0,0,0,0,0,0,0,0,7,28,6,0.03333,0,0,-1
defect4j,chart,org/jfree/chart/text/TextUtilities,15,247,        while (((end = iterator.next()) != BreakIterator.DONE)) {,6,1,0,4,9,0,4,0,0,12,57,5,0.03333,0,0,-1
defect4j,chart,org/jfree/chart/text/TextUtilities,15,248,            if (end > newline) {,4,1,0,1,3,0,0,0,0,5,20,6,0.03333,0,0,-1
defect4j,chart,org/jfree/data/category/DefaultIntervalCategoryDataset,16,207,                this.seriesKeys = null;,2,0,0,0,0,0,0,0,0,3,23,8,10.66667,1,0,-1
defect4j,chart,org/jfree/data/category/DefaultIntervalCategoryDataset,16,208,                this.categoryKeys = null;,2,0,0,0,0,0,0,0,0,3,25,8,10.66667,1,0,-1
defect4j,chart,org/jfree/data/category/DefaultIntervalCategoryDataset,16,91,"        this(DataUtilities.createNumberArray2D(starts),",0,0,0,1,3,0,6,0,0,6,47,5,4.92308,0,0,-1
defect4j,chart,org/jfree/data/time/TimeSeries,17,880,"            throw new IllegalArgumentException(""Requires start <= end."");",0,0,0,1,2,0,10,2,0,13,61,3,1.0,0,0,-1
defect4j,chart,org/jfree/data/time/TimeSeries,17,857,"        Object clone = createCopy(0, getItemCount() - 1);",2,1,0,2,4,0,4,2,0,9,49,4,0.5,1,0,-1
defect4j,chart,org/jfree/data/time/TimeSeries,17,876,        if (start < 0) {,6,2,0,1,3,0,0,0,0,8,16,4,0.25,0,0,-1
defect4j,chart,org/jfree/data/time/TimeSeries,17,879,        if (end < start) {,4,1,0,1,3,0,0,0,0,5,18,4,0.25,0,0,-1
defect4j,chart,org/jfree/data/time/TimeSeries,17,140,"        this(name, DEFAULT_DOMAIN_DESCRIPTION, DEFAULT_RANGE_DESCRIPTION, ",6,0,0,0,1,0,0,0,0,6,65,4,0.1,0,0,-1
defect4j,chart,org/jfree/data/time/TimeSeries,17,141,                Day.class);,0,0,0,0,1,0,0,2,0,2,11,6,0.09091,0,0,-1
defect4j,chart,org/jfree/data/time/Day,17,83,    protected static final DateFormat DATE_FORMAT ,2,0,0,0,0,3,0,2,0,7,45,2,0.07143,0,0,-1
defect4j,chart,org/jfree/data/time/Day,17,88,        DATE_FORMAT_SHORT = DateFormat.getDateInstance(DateFormat.SHORT);,8,0,0,1,2,0,8,0,0,16,65,1,0.07143,0,0,-1
defect4j,chart,org/jfree/data/time/Day,17,92,        DATE_FORMAT_MEDIUM = DateFormat.getDateInstance(DateFormat.MEDIUM);,6,0,0,1,2,0,4,0,0,10,67,3,0.07143,0,0,-1
defect4j,chart,org/jfree/data/time/Day,17,96,        DATE_FORMAT_LONG = DateFormat.getDateInstance(DateFormat.LONG);,6,0,0,1,2,0,4,0,0,10,63,3,0.07143,0,0,-1
defect4j,chart,org/jfree/data/DefaultKeyedValues2D,18,455,        Iterator iterator = this.rows.iterator();,4,0,0,1,2,0,2,2,0,8,41,4,2.0,1,0,-1
defect4j,chart,org/jfree/data/DefaultKeyedValues2D,18,457,            DefaultKeyedValues rowData = (DefaultKeyedValues) iterator.next();,2,0,0,2,4,0,4,4,0,10,66,6,2.0,0,0,-1
defect4j,chart,org/jfree/chart/plot/CategoryPlot,19,698,        return this.domainAxes.indexOf(axis);,2,0,0,1,2,1,4,0,0,6,37,5,1.0,1,0,-1
defect4j,chart,org/jfree/chart/plot/CategoryPlot,19,974,        if (result < 0) { // try the parent plot,6,1,0,1,3,0,0,0,0,8,40,4,1.0,0,0,-1
defect4j,chart,org/jfree/chart/plot/CategoryPlot,19,975,            Plot parent = getParent();,2,0,0,1,2,0,2,2,0,6,26,6,1.0,0,0,-1
defect4j,chart,org/jfree/chart/plot/CategoryPlot,19,976,            if (parent instanceof CategoryPlot) {,2,0,0,1,3,0,0,2,0,4,37,7,1.0,0,0,-1
defect4j,chart,org/jfree/chart/plot/CategoryPlot,19,981,        return result;,2,0,0,0,0,1,0,0,0,2,14,4,1.0,0,0,-1
defect4j,chart,org/jfree/chart/axis/NumberAxis,19,431,                r = getDefaultAutoRange();,2,0,0,1,2,0,2,0,0,5,26,8,0.14286,0,0,-1
defect4j,chart,org/jfree/chart/plot/CategoryPlot,19,640,"        setDomainAxis(index, axis, true);",0,0,0,1,2,0,8,0,0,9,33,5,0.125,0,0,-1
defect4j,chart,org/jfree/chart/plot/CategoryPlot,19,653,        if (existing != null) {,2,1,0,1,3,0,8,0,0,11,23,3,0.125,0,0,-1
defect4j,chart,org/jfree/chart/plot/CategoryPlot,19,656,        if (axis != null) {,2,1,0,1,3,0,0,0,0,3,19,4,0.125,0,0,-1
defect4j,chart,org/jfree/chart/plot/CategoryPlot,19,659,"        this.domainAxes.set(index, axis);",2,0,0,1,2,0,6,0,0,8,33,5,0.125,0,0,-1
defect4j,chart,org/jfree/chart/plot/CategoryPlot,19,664,        if (notify) {,2,0,0,1,3,0,4,0,0,6,13,5,0.125,0,0,-1
defect4j,chart,org/jfree/chart/plot/CategoryPlot,19,665,            notifyListeners(new PlotChangeEvent(this));,0,0,0,2,4,0,2,2,0,4,43,7,0.125,0,0,-1
defect4j,chart,org/jfree/chart/axis/ValueAxis,19,1027,        return this.defaultAutoRange;,2,0,0,0,0,1,0,0,0,2,29,5,0.125,0,0,-1
defect4j,chart,org/jfree/chart/plot/CategoryPlot,19,926,        ValueAxis existing = (ValueAxis) this.rangeAxes.get(index);,4,0,0,2,4,0,4,4,0,12,59,4,0.09091,0,0,-1
defect4j,chart,org/jfree/chart/plot/CategoryPlot,19,927,        if (existing != null) {,2,1,0,1,3,0,0,0,0,3,23,4,0.09091,0,0,-1
defect4j,chart,org/jfree/chart/plot/CategoryPlot,19,930,        if (axis != null) {,2,1,0,1,3,0,0,0,0,3,19,4,0.09091,0,0,-1
defect4j,chart,org/jfree/chart/plot/CategoryPlot,19,933,"        this.rangeAxes.set(index, axis);",2,0,0,1,2,0,6,0,0,8,32,5,0.09091,0,0,-1
defect4j,chart,org/jfree/chart/plot/CategoryPlot,19,934,        if (axis != null) {,4,1,0,1,3,0,6,0,0,11,19,3,0.09091,0,0,-1
defect4j,chart,org/jfree/chart/plot/CategoryPlot,19,938,        if (notify) {,2,0,0,1,3,0,0,0,0,2,13,4,0.09091,0,0,-1
defect4j,chart,org/jfree/chart/plot/CategoryPlot,19,3151,        else if (axis == getRangeAxis()) {,4,2,0,2,5,0,2,0,0,8,34,4,0.09091,0,0,-1
defect4j,chart,org/jfree/chart/plot/CategoryPlot,19,473,            domainAxis.setPlot(this);,4,1,0,1,2,0,0,4,0,9,25,7,0.04396,0,0,-1
defect4j,chart,org/jfree/chart/axis/Axis,19,764,            this.tickMarksVisible = flag;,4,0,0,0,0,0,0,0,0,5,29,6,0.04301,0,0,-1
defect4j,chart,org/jfree/chart/plot/CategoryPlot,19,858,                axis.configure();,0,0,0,1,2,0,4,0,0,4,17,9,0.04301,0,0,-1
defect4j,chart,org/jfree/chart/axis/CategoryAxis,19,197,        super(label);,2,0,0,1,2,0,0,0,0,2,13,4,0.04301,0,0,-1
defect4j,chart,org/jfree/chart/plot/Marker,20,265,        return this.outlinePaint;,2,0,0,0,0,1,0,0,0,2,25,5,0.25,0,0,-1
defect4j,chart,org/jfree/chart/plot/Marker,20,238,        return this.stroke;,8,1,0,0,0,1,0,0,0,9,19,3,0.03846,0,0,-1
defect4j,chart,org/jfree/chart/plot/Marker,20,211,        return this.paint;,2,0,0,0,0,1,0,0,0,2,18,5,0.03448,0,0,-1
defect4j,chart,org/jfree/chart/plot/ValueMarker,20,107,        return this.value;,2,0,0,0,0,1,0,0,0,2,18,5,0.03333,0,0,-1
defect4j,chart,org/jfree/chart/plot/ValueMarker,20,95,"        super(paint, stroke, paint, stroke, alpha);",10,0,0,1,2,0,0,0,0,10,43,4,0.01064,1,0,-1
defect4j,chart,org/jfree/chart/plot/ValueMarker,20,96,        this.value = value;,4,0,0,0,0,0,0,0,0,5,19,4,0.01064,0,0,-1
defect4j,chart,org/jfree/data/statistics/DefaultBoxAndWhiskerCategoryDataset,21,740,        this.minimumRangeValue = Double.NaN;,6,0,0,0,0,0,0,0,0,7,36,4,1.0,1,1,-1
defect4j,chart,org/jfree/data/statistics/DefaultBoxAndWhiskerCategoryDataset,21,741,        this.maximumRangeValue = Double.NaN;,6,0,0,0,0,0,0,0,0,7,36,4,1.0,1,0,-1
defect4j,chart,org/jfree/data/KeyedObject,21,103,        this.object = object;,4,0,0,0,0,0,0,0,0,5,21,4,1.0,0,0,-1
defect4j,chart,org/jfree/data/KeyedObject,22,85,        return this.key;,2,0,0,0,0,1,0,0,0,2,16,5,1.38462,0,0,-1
defect4j,chart,org/jfree/chart/event/ChartChangeEvent,23,71,"        this(source, null, ChartChangeEventType.GENERAL);",8,0,0,1,2,0,0,0,0,8,49,3,1.0,0,0,-1
defect4j,chart,org/jfree/chart/event/ChartChangeEvent,23,95,        super(source);,2,0,0,1,2,0,0,0,0,2,14,4,1.0,0,0,-1
defect4j,chart,org/jfree/chart/event/ChartChangeEvent,23,97,        this.type = type;,4,0,0,0,0,0,0,0,0,5,17,4,1.0,0,0,-1
defect4j,chart,org/jfree/chart/event/ChartChangeEventType,23,76,    private ChartChangeEventType(String name) {,8,0,0,1,3,1,0,2,0,12,43,2,1.0,0,0,-1
defect4j,chart,org/jfree/chart/event/ChartChangeEventType,23,77,        this.name = name;,6,0,0,0,0,0,0,0,0,7,17,3,1.0,0,0,-1
defect4j,chart,org/jfree/chart/event/ChartChangeEventType,23,57,    public static final ChartChangeEventType GENERAL ,2,0,0,0,0,3,0,2,0,7,48,2,1.0,0,0,-1
defect4j,chart,org/jfree/chart/event/ChartChangeEventType,23,61,    public static final ChartChangeEventType NEW_DATASET ,2,0,0,0,0,3,0,2,0,7,52,2,1.0,0,0,-1
defect4j,chart,org/jfree/chart/event/ChartChangeEventType,23,65,    public static final ChartChangeEventType DATASET_UPDATED,2,0,0,0,0,3,0,2,0,7,56,2,1.0,0,0,-1
defect4j,chart,org/jfree/chart/text/TextAnchor,23,149,        if (this == obj) {,2,1,0,1,3,0,0,0,0,3,18,4,0.5,0,0,-1
defect4j,chart,org/jfree/chart/text/TextAnchor,23,150,            return true;,6,1,0,0,0,1,0,0,0,8,12,4,0.5,0,0,-1
defect4j,chart,org/jfree/chart/labels/ItemLabelAnchor,23,192,        if (this == o) {,4,1,0,1,3,0,0,0,0,5,16,4,0.5,0,0,-1
defect4j,chart,org/jfree/chart/labels/ItemLabelPosition,23,176,        if (obj == this) {,2,1,0,1,3,0,0,0,0,3,18,4,0.5,0,0,-1
defect4j,chart,org/jfree/chart/labels/ItemLabelPosition,23,179,        if (!(obj instanceof ItemLabelPosition)) {,2,0,0,2,5,0,0,2,0,5,42,4,0.5,0,0,-1
defect4j,chart,org/jfree/chart/labels/ItemLabelPosition,23,182,        ItemLabelPosition that = (ItemLabelPosition) obj;,8,1,0,1,2,0,0,4,0,13,49,3,0.5,0,0,-1
defect4j,chart,org/jfree/chart/labels/ItemLabelPosition,23,183,        if (!this.itemLabelAnchor.equals(that.itemLabelAnchor)) {,8,1,0,2,5,0,2,0,0,12,57,4,0.5,0,0,-1
defect4j,chart,org/jfree/chart/labels/ItemLabelPosition,23,186,        if (!this.textAnchor.equals(that.textAnchor)) {,8,1,0,2,5,0,2,0,0,12,47,4,0.5,0,0,-1
defect4j,chart,org/jfree/chart/labels/ItemLabelPosition,23,189,        if (!this.rotationAnchor.equals(that.rotationAnchor)) {,8,1,0,2,5,0,8,0,0,18,55,3,0.5,0,0,-1
defect4j,chart,org/jfree/chart/util/StrokeList,23,105,        if (obj == null) {,2,1,0,1,3,0,0,0,0,3,18,4,0.33333,0,0,-1
defect4j,chart,org/jfree/chart/util/StrokeList,23,109,        if (obj == this) {,2,1,0,1,3,0,0,0,0,3,18,4,0.33333,0,0,-1
defect4j,chart,org/jfree/chart/util/StrokeList,23,113,        if (obj instanceof StrokeList) {,2,0,0,1,3,0,0,2,0,4,32,5,0.33333,0,0,-1
defect4j,chart,org/jfree/chart/util/StrokeList,23,114,            return super.equals(obj);,4,0,0,1,2,1,0,0,0,4,25,7,0.33333,0,0,-1
defect4j,chart,org/jfree/chart/util/AbstractObjectList,23,178,        if (obj == null) {,2,1,0,1,3,0,0,0,0,3,18,4,0.33333,0,0,-1
defect4j,chart,org/jfree/chart/util/AbstractObjectList,23,182,        if (obj == this) {,2,1,0,1,3,0,0,0,0,3,18,4,0.33333,0,0,-1
defect4j,chart,org/jfree/chart/util/AbstractObjectList,23,186,        if (!(obj instanceof AbstractObjectList)) {,2,0,0,2,5,0,0,2,0,5,43,4,0.33333,0,0,-1
defect4j,chart,org/jfree/chart/util/AbstractObjectList,23,190,        AbstractObjectList other = (AbstractObjectList) obj;,4,0,0,1,2,0,0,4,0,8,52,4,0.33333,0,0,-1
defect4j,chart,org/jfree/chart/util/AbstractObjectList,23,192,        for (int i = 0; i < listSize; i++) {,8,1,0,1,3,0,0,0,0,10,36,4,0.33333,0,0,-1
defect4j,chart,org/jfree/chart/util/PaintList,23,97,        if (obj == this) {,2,1,0,1,3,0,4,0,0,7,18,3,0.33333,0,0,-1
defect4j,chart,org/jfree/chart/util/PaintList,23,102,            int listSize = size();,4,0,0,1,2,3,2,2,0,11,22,1,0.33333,0,0,-1
defect4j,chart,org/jfree/chart/util/PaintList,23,103,            for (int i = 0; i < listSize; i++) {,8,1,0,1,3,0,0,0,0,10,36,6,0.33333,0,0,-1
defect4j,chart,org/jfree/chart/util/ShapeList,23,108,        if (obj == this) {,2,1,0,1,3,0,0,0,0,3,18,4,0.33333,0,0,-1
defect4j,chart,org/jfree/chart/util/ShapeList,23,112,        if (obj instanceof ShapeList) {,2,0,0,1,3,0,0,2,0,4,31,5,0.33333,0,0,-1
defect4j,chart,org/jfree/chart/util/ShapeList,23,113,            return super.equals(obj);,4,0,0,1,2,1,0,0,0,4,25,7,0.33333,0,0,-1
defect4j,chart,org/jfree/chart/util/PaintUtilities,23,78,        if (p1 == null) {,2,1,0,1,3,0,4,0,0,7,17,3,0.33333,0,0,-1
defect4j,chart,org/jfree/data/statistics/DefaultStatisticalCategoryDataset,25,90,    public DefaultStatisticalCategoryDataset() {,2,0,0,1,3,1,0,0,0,3,44,2,16.0,0,0,-1
defect4j,chart,org/jfree/data/statistics/DefaultStatisticalCategoryDataset,25,91,        this.data = new KeyedObjects2D();,2,0,0,1,2,0,0,2,0,5,33,4,16.0,0,0,-1
defect4j,chart,org/jfree/data/statistics/DefaultStatisticalCategoryDataset,25,92,        this.minimumRangeValue = Double.NaN;,10,0,0,0,0,0,0,0,0,12,36,4,16.0,0,0,-1
defect4j,chart,org/jfree/data/statistics/DefaultStatisticalCategoryDataset,25,94,        this.minimumRangeValueIncStdDev = Double.NaN;,8,0,0,0,0,0,0,0,0,9,45,3,16.0,0,0,-1
defect4j,chart,org/jfree/data/statistics/DefaultStatisticalCategoryDataset,25,95,        this.maximumRangeValueIncStdDev = Double.NaN;,6,0,0,0,0,0,4,0,0,11,45,3,16.0,0,0,-1
defect4j,chart,org/jfree/data/statistics/DefaultStatisticalCategoryDataset,25,107,        Number result = null;,2,0,0,0,0,0,0,2,0,4,21,4,16.0,0,0,-1
defect4j,chart,org/jfree/data/statistics/DefaultStatisticalCategoryDataset,25,108,        MeanAndStandardDeviation masd ,2,0,0,0,0,0,0,2,0,4,29,4,16.0,0,0,-1
defect4j,chart,org/jfree/data/statistics/DefaultStatisticalCategoryDataset,25,110,        if (masd != null) {,6,4,0,1,3,0,0,0,0,10,19,4,16.0,0,0,-1
defect4j,chart,org/jfree/data/statistics/DefaultStatisticalCategoryDataset,25,111,            result = masd.getMean();,2,0,0,1,2,0,4,0,0,7,24,6,16.0,0,0,-1
defect4j,chart,org/jfree/data/statistics/DefaultStatisticalCategoryDataset,25,113,        return result;,4,0,0,0,0,1,0,0,0,4,14,4,16.0,0,0,-1
defect4j,chart,org/jfree/data/statistics/DefaultStatisticalCategoryDataset,25,169,        Number result = null;,2,0,0,0,0,0,0,2,0,4,21,4,16.0,0,0,-1
defect4j,chart,org/jfree/data/statistics/DefaultStatisticalCategoryDataset,25,170,        MeanAndStandardDeviation masd ,2,0,0,0,0,0,0,2,0,4,29,4,16.0,0,0,-1
defect4j,chart,org/jfree/data/statistics/DefaultStatisticalCategoryDataset,25,172,        if (masd != null) {,2,1,0,1,3,0,0,0,0,3,19,4,16.0,0,0,-1
defect4j,chart,org/jfree/data/statistics/DefaultStatisticalCategoryDataset,25,175,        return result;,2,0,0,0,0,1,0,0,0,2,14,4,16.0,0,0,-1
defect4j,chart,org/jfree/data/statistics/DefaultStatisticalCategoryDataset,25,246,        return this.data.getRowKey(row);,2,0,0,1,2,1,4,0,0,6,32,5,16.0,0,0,-1
defect4j,chart,org/jfree/data/statistics/DefaultStatisticalCategoryDataset,25,264,        return this.data.getRowCount();,8,1,0,1,2,1,2,0,0,11,31,3,16.0,0,0,-1
defect4j,chart,org/jfree/data/statistics/DefaultStatisticalCategoryDataset,25,273,        return this.data.getColumnCount();,2,0,0,1,2,1,2,0,0,4,34,5,16.0,0,0,-1
defect4j,chart,org/jfree/data/statistics/DefaultStatisticalCategoryDataset,25,286,"        add(new Double(mean), new Double(standardDeviation), rowKey, columnKey);",8,2,0,3,6,0,10,4,0,24,72,3,16.0,0,0,-1
defect4j,chart,org/jfree/data/statistics/DefaultStatisticalCategoryDataset,25,287,    },2,0,0,0,1,0,4,0,0,6,1,9,16.0,0,0,-1
defect4j,chart,org/jfree/data/statistics/DefaultStatisticalCategoryDataset,25,299,        MeanAndStandardDeviation item = new MeanAndStandardDeviation(,6,0,0,0,1,1,0,6,0,13,61,2,16.0,0,0,-1
defect4j,chart,org/jfree/data/statistics/DefaultStatisticalCategoryDataset,25,301,"        this.data.addObject(item, rowKey, columnKey);",2,0,0,1,2,0,8,0,0,10,45,5,16.0,0,0,-1
defect4j,chart,org/jfree/data/statistics/DefaultStatisticalCategoryDataset,25,302,        double m = 0.0;,16,0,0,0,0,0,0,0,0,17,15,3,16.0,0,0,-1
defect4j,chart,org/jfree/data/statistics/DefaultStatisticalCategoryDataset,25,303,        double sd = 0.0;,2,0,0,0,0,0,0,0,0,2,16,5,16.0,0,0,-1
defect4j,chart,org/jfree/data/statistics/DefaultStatisticalCategoryDataset,25,304,        if (mean != null) {,2,1,0,1,3,0,0,0,0,3,19,4,16.0,0,0,-1
defect4j,chart,org/jfree/data/statistics/DefaultStatisticalCategoryDataset,25,307,        if (standardDeviation != null) {,6,1,0,1,3,0,0,0,0,8,32,3,16.0,0,0,-1
defect4j,chart,org/jfree/data/statistics/DefaultStatisticalCategoryDataset,25,308,            sd = standardDeviation.doubleValue();   ,6,1,0,1,2,0,8,0,0,17,37,6,16.0,0,0,-1
defect4j,chart,org/jfree/data/statistics/DefaultStatisticalCategoryDataset,25,311,        if (!Double.isNaN(m)) {,0,0,0,2,5,0,6,0,0,7,23,4,16.0,0,0,-1
defect4j,chart,org/jfree/data/statistics/DefaultStatisticalCategoryDataset,25,312,            if (Double.isNaN(this.maximumRangeValue) ,2,0,0,1,3,0,4,0,0,6,40,8,16.0,0,0,-1
defect4j,chart,org/jfree/data/statistics/DefaultStatisticalCategoryDataset,25,314,                this.maximumRangeValue = m;,8,0,0,0,0,0,0,0,0,10,27,3,16.0,0,0,-1
defect4j,chart,org/jfree/data/statistics/DefaultStatisticalCategoryDataset,25,318,        if (!Double.isNaN(m + sd)) {,4,1,0,2,5,0,4,0,0,10,28,4,16.0,0,0,-1
defect4j,chart,org/jfree/data/statistics/DefaultStatisticalCategoryDataset,25,321,                this.maximumRangeValueIncStdDev = m + sd;,6,1,0,0,0,0,0,0,0,8,41,8,16.0,0,0,-1
defect4j,chart,org/jfree/data/statistics/DefaultStatisticalCategoryDataset,25,325,        if (!Double.isNaN(m)) {,2,0,0,2,5,3,0,2,0,7,23,2,16.0,0,0,-1
defect4j,chart,org/jfree/data/statistics/DefaultStatisticalCategoryDataset,25,326,            if (Double.isNaN(this.minimumRangeValue) ,2,0,0,1,3,0,4,0,0,6,40,8,16.0,0,0,-1
defect4j,chart,org/jfree/data/statistics/DefaultStatisticalCategoryDataset,25,328,                this.minimumRangeValue = m;,4,0,0,0,0,0,0,0,0,5,27,8,16.0,0,0,-1
defect4j,chart,org/jfree/data/statistics/DefaultStatisticalCategoryDataset,25,332,        if (!Double.isNaN(m - sd)) {,4,1,0,2,5,0,4,0,0,10,28,4,16.0,0,0,-1
defect4j,chart,org/jfree/data/statistics/DefaultStatisticalCategoryDataset,25,335,                this.minimumRangeValueIncStdDev = m - sd;,6,1,0,0,0,0,0,0,0,8,41,8,16.0,0,0,-1
defect4j,chart,org/jfree/data/statistics/DefaultStatisticalCategoryDataset,25,378,        if (includeInterval) {,6,0,0,1,3,0,0,0,0,7,22,3,16.0,0,0,-1
defect4j,chart,org/jfree/data/statistics/DefaultStatisticalCategoryDataset,25,379,            if (!Double.isNaN(this.minimumRangeValueIncStdDev) ,6,0,0,1,3,0,4,0,0,12,50,3,16.0,0,0,-1
defect4j,chart,org/jfree/data/statistics/DefaultStatisticalCategoryDataset,25,389,        return result;,2,0,0,0,0,1,0,0,0,2,14,4,16.0,0,0,-1
defect4j,chart,org/jfree/data/general/AbstractDataset,25,96,    protected AbstractDataset() {,2,0,0,1,3,1,0,0,0,3,29,2,16.0,0,0,-1
defect4j,chart,org/jfree/data/general/AbstractDataset,25,98,        this.listenerList = new EventListenerList();,4,0,0,1,2,0,0,2,0,8,44,3,16.0,0,0,-1
defect4j,chart,org/jfree/data/general/AbstractDataset,25,134,"        this.listenerList.add(DatasetChangeListener.class, listener);",2,0,0,1,2,0,4,2,0,8,61,5,16.0,0,0,-1
defect4j,chart,org/jfree/data/general/AbstractDataset,25,187,        for (int i = listeners.length - 2; i >= 0; i -= 2) {,10,2,0,1,3,0,0,0,0,13,52,4,16.0,0,0,-1
defect4j,chart,org/jfree/data/Range,25,85,"    public Range(double lower, double upper) {",6,0,0,1,3,1,0,0,0,7,42,2,16.0,0,0,-1
defect4j,chart,org/jfree/data/Range,25,91,        this.lower = lower;,4,0,0,0,0,0,0,0,0,5,19,4,16.0,0,0,-1
defect4j,chart,org/jfree/data/Range,25,92,        this.upper = upper;,4,0,0,0,0,0,0,0,0,6,19,3,16.0,0,0,-1
defect4j,chart,org/jfree/data/Range,25,110,        return this.upper;,4,0,0,0,0,1,0,0,0,4,18,3,16.0,0,0,-1
defect4j,chart,org/jfree/data/Range,25,140,        return (value >= this.lower && value <= this.upper);,8,3,0,1,2,1,0,0,0,11,52,5,16.0,0,0,-1
defect4j,chart,org/jfree/data/Range,25,199,        if (range1 == null) {,2,1,0,1,3,0,0,0,0,3,21,4,16.0,0,0,-1
defect4j,chart,org/jfree/data/Range,25,200,            return range2;,2,0,0,0,0,1,0,0,0,2,14,6,16.0,0,0,-1
defect4j,chart,org/jfree/data/Range,25,231,        if (value < range.getLowerBound()) {,2,1,0,2,5,0,4,0,0,7,36,4,16.0,0,0,-1
defect4j,chart,org/jfree/data/Range,25,234,        else if (value > range.getUpperBound()) {,2,1,0,2,5,0,4,0,0,7,41,5,16.0,0,0,-1
defect4j,chart,org/jfree/data/Range,25,238,            return range;,2,0,0,0,0,1,0,0,0,2,13,7,16.0,0,0,-1
defect4j,chart,org/jfree/data/KeyedObjects2D,25,74,    public KeyedObjects2D() {,2,0,0,1,3,1,0,0,0,3,25,2,16.0,0,0,-1
defect4j,chart,org/jfree/data/KeyedObjects2D,25,76,        this.columnKeys = new java.util.ArrayList();,10,1,0,1,2,0,0,0,0,12,44,3,16.0,0,0,-1
defect4j,chart,org/jfree/data/KeyedObjects2D,25,77,        this.rows = new java.util.ArrayList();,8,0,0,1,2,0,0,0,0,9,38,4,16.0,0,0,-1
defect4j,chart,org/jfree/data/KeyedObjects2D,25,78,    },0,0,0,0,1,0,2,2,0,4,1,5,16.0,0,0,-1
defect4j,chart,org/jfree/data/KeyedObjects2D,25,86,        return this.rowKeys.size();,2,0,0,1,2,1,2,0,0,4,27,5,16.0,0,0,-1
defect4j,chart,org/jfree/data/KeyedObjects2D,25,95,        return this.columnKeys.size();,4,0,0,1,2,1,6,0,0,10,30,3,16.0,0,0,-1
defect4j,chart,org/jfree/data/KeyedObjects2D,25,108,        Object result = null;,8,1,0,0,0,0,0,2,0,11,21,3,16.0,0,0,-1
defect4j,chart,org/jfree/data/KeyedObjects2D,25,109,        KeyedObjects rowData = (KeyedObjects) this.rows.get(row);,4,0,0,2,4,0,4,4,0,12,57,4,16.0,0,0,-1
defect4j,chart,org/jfree/data/KeyedObjects2D,25,110,        if (rowData != null) {,2,1,0,1,3,0,0,0,0,3,22,4,16.0,0,0,-1
defect4j,chart,org/jfree/data/KeyedObjects2D,25,111,            Comparable columnKey = (Comparable) this.columnKeys.get(column);,4,0,0,2,4,0,4,4,0,12,64,6,16.0,0,0,-1
defect4j,chart,org/jfree/data/KeyedObjects2D,25,112,            if (columnKey != null) {,2,1,0,1,3,0,0,0,0,3,24,6,16.0,0,0,-1
defect4j,chart,org/jfree/data/KeyedObjects2D,25,113,                result = rowData.getObject(columnKey);,2,0,0,1,2,0,6,0,0,9,38,8,16.0,0,0,-1
defect4j,chart,org/jfree/data/KeyedObjects2D,25,116,        return result;,2,0,0,0,0,1,0,0,0,2,14,4,16.0,0,0,-1
defect4j,chart,org/jfree/data/KeyedObjects2D,25,128,        return (Comparable) this.rowKeys.get(row);,2,0,0,2,4,1,4,2,0,8,42,5,16.0,0,0,-1
defect4j,chart,org/jfree/data/KeyedObjects2D,25,159,        return (Comparable) this.columnKeys.get(column);,0,0,0,2,4,1,0,0,0,7,48,4,16.0,0,0,-1
defect4j,chart,org/jfree/data/KeyedObjects2D,25,227,        int rowIndex = this.rowKeys.indexOf(rowKey);,4,0,0,1,2,0,4,0,0,8,44,5,16.0,0,0,-1
defect4j,chart,org/jfree/data/KeyedObjects2D,25,228,        if (rowIndex >= 0) {,6,1,0,1,3,0,0,0,0,8,20,3,16.0,0,0,-1
defect4j,chart,org/jfree/data/KeyedObjects2D,25,229,            row = (KeyedObjects) this.rows.get(rowIndex);,4,0,0,2,4,0,4,2,0,11,45,6,16.0,0,0,-1
defect4j,chart,org/jfree/data/KeyedObjects2D,25,232,            this.rowKeys.add(rowKey);,2,0,0,1,2,0,4,0,0,6,25,7,16.0,0,0,-1
defect4j,chart,org/jfree/data/KeyedObjects2D,25,233,            row = new KeyedObjects();,2,0,0,1,2,0,0,2,0,5,25,6,16.0,0,0,-1
defect4j,chart,org/jfree/data/KeyedObjects2D,25,234,            this.rows.add(row);,2,0,0,1,2,0,4,0,0,6,19,7,16.0,0,0,-1
defect4j,chart,org/jfree/data/KeyedObjects2D,25,238,        if (columnIndex < 0) {,2,1,0,1,3,0,0,0,0,3,22,4,16.0,0,0,-1
defect4j,chart,org/jfree/chart/axis/CategoryAxis,26,736,        if (space == null) {,2,1,0,1,3,0,4,0,0,7,20,3,242.0,0,0,-1
defect4j,chart,org/jfree/chart/axis/CategoryAxis,26,741,        if (!isVisible()) {,0,0,0,2,5,0,2,0,0,3,19,4,242.0,0,0,-1
defect4j,chart,org/jfree/chart/axis/CategoryAxis,26,746,        double tickLabelHeight = 0.0;,2,0,0,0,0,0,0,0,0,2,29,5,242.0,0,0,-1
defect4j,chart,org/jfree/chart/axis/CategoryAxis,26,747,        double tickLabelWidth = 0.0;,2,0,0,0,0,0,0,0,0,2,28,5,242.0,0,0,-1
defect4j,chart,org/jfree/chart/axis/CategoryAxis,26,752,"            refreshTicks(g2, state, plotArea, edge);",2,0,0,1,2,0,16,0,0,18,40,3,242.0,0,0,-1
defect4j,chart,org/jfree/chart/axis/CategoryAxis,26,756,            else if (edge == RectangleEdge.BOTTOM) {,6,1,0,1,3,0,0,0,0,7,40,7,242.0,0,0,-1
defect4j,chart,org/jfree/chart/axis/CategoryAxis,26,768,"        Rectangle2D labelEnclosure = getLabelEnclosure(g2, edge);",2,0,0,1,2,0,6,2,0,10,57,4,242.0,0,0,-1
defect4j,chart,org/jfree/chart/axis/CategoryAxis,26,769,        double labelHeight = 0.0;,4,0,0,0,0,0,4,0,0,9,25,3,242.0,0,0,-1
defect4j,chart,org/jfree/chart/axis/CategoryAxis,26,781,        return space;,6,1,1,0,0,1,0,0,0,9,13,3,242.0,0,0,-1
defect4j,chart,org/jfree/chart/axis/CategoryAxis,26,973,        List ticks = new java.util.ArrayList();,8,0,0,1,2,0,0,2,0,10,39,4,242.0,0,0,-1
defect4j,chart,org/jfree/chart/axis/CategoryAxis,26,976,        if (dataArea.getHeight() <= 0.0 || dataArea.getWidth() < 0.0) {,0,3,0,3,7,0,8,0,0,11,63,4,242.0,0,0,-1
defect4j,chart,org/jfree/chart/axis/CategoryAxis,26,981,        List categories = plot.getCategoriesForAxis(this);,2,0,0,1,2,0,4,2,0,8,50,4,242.0,0,0,-1
defect4j,chart,org/jfree/chart/axis/CategoryAxis,26,984,        if (categories != null) {,4,1,0,1,3,0,4,0,0,9,25,3,242.0,0,0,-1
defect4j,chart,org/jfree/chart/axis/CategoryAxis,26,985,            CategoryLabelPosition position ,2,0,0,0,0,0,0,2,0,4,30,6,242.0,0,0,-1
defect4j,chart,org/jfree/chart/axis/CategoryAxis,26,987,            float r = this.maximumCategoryLabelWidthRatio;,4,0,0,0,0,0,0,0,0,4,46,7,242.0,0,0,-1
defect4j,chart,org/jfree/chart/axis/CategoryAxis,26,988,            if (r <= 0.0) {,2,1,0,1,3,0,0,0,0,3,15,6,242.0,0,0,-1
defect4j,chart,org/jfree/chart/axis/CategoryAxis,26,989,                r = position.getWidthRatio();   ,2,0,0,1,2,0,4,0,0,7,29,8,242.0,0,0,-1
defect4j,chart,org/jfree/chart/axis/CategoryAxis,26,992,            float l = 0.0f;,2,0,0,0,0,0,0,0,0,2,15,7,242.0,0,0,-1
defect4j,chart,org/jfree/chart/axis/CategoryAxis,26,1005,            int categoryIndex = 0;,2,0,0,0,0,0,0,0,0,2,22,7,242.0,0,0,-1
defect4j,chart,org/jfree/chart/axis/CategoryAxis,26,1006,            Iterator iterator = categories.iterator();,2,0,0,1,2,0,4,2,0,8,42,6,242.0,0,0,-1
defect4j,chart,org/jfree/chart/axis/CategoryAxis,26,1027,        return ticks;,2,0,0,0,0,1,0,0,0,2,13,4,242.0,0,0,-1
defect4j,chart,org/jfree/chart/axis/AxisState,26,184,        return this.max;,2,0,0,0,0,1,0,0,0,2,16,5,242.0,0,0,-1
defect4j,chart,org/jfree/chart/axis/AxisState,26,193,        this.max = max;,4,0,0,0,0,0,0,0,0,5,15,4,242.0,0,0,-1
defect4j,chart,org/jfree/chart/axis/CategoryLabelPositions,26,289,        CategoryLabelPosition result = null;,2,0,0,0,0,0,0,2,0,4,36,4,242.0,0,0,-1
defect4j,chart,org/jfree/chart/axis/CategoryLabelPositions,26,290,        if (edge == RectangleEdge.TOP) {,6,1,0,1,3,0,0,0,0,7,32,4,242.0,0,0,-1
defect4j,chart,org/jfree/chart/axis/CategoryLabelPositions,26,293,        else if (edge == RectangleEdge.BOTTOM) {,6,1,0,1,3,0,0,0,0,7,40,5,242.0,0,0,-1
defect4j,chart,org/jfree/chart/axis/CategoryLabelPosition,26,219,        return this.widthType;   ,2,0,0,0,0,1,0,0,0,2,22,5,242.0,0,0,-1
defect4j,chart,org/jfree/chart/axis/CategoryLabelPosition,26,228,        return this.widthRatio;   ,2,0,0,0,0,1,0,0,0,2,23,5,242.0,0,0,-1
defect4j,chart,org/jfree/chart/plot/CategoryPlot,26,721,        AxisLocation result = null;,2,0,0,0,0,0,0,2,0,4,27,4,242.0,0,0,-1
defect4j,chart,org/jfree/chart/plot/CategoryPlot,26,722,        if (index < this.domainAxisLocations.size()) {,4,1,0,2,5,0,2,0,0,7,46,4,242.0,0,0,-1
defect4j,chart,org/jfree/chart/plot/CategoryPlot,26,723,            result = (AxisLocation) this.domainAxisLocations.get(index);,4,0,0,2,4,0,4,2,0,11,60,6,242.0,0,0,-1
defect4j,chart,org/jfree/chart/plot/CategoryPlot,26,725,        if (result == null) {,2,1,0,1,3,0,0,0,0,3,21,4,242.0,0,0,-1
defect4j,chart,org/jfree/chart/plot/CategoryPlot,26,816,        AxisLocation location = getDomainAxisLocation(index);,2,0,0,1,2,0,4,2,0,8,53,4,242.0,0,0,-1
defect4j,chart,org/jfree/chart/plot/CategoryPlot,26,817,        if (location != null) {,2,1,0,1,3,0,0,0,0,3,23,4,242.0,0,0,-1
defect4j,chart,org/jfree/chart/plot/CategoryPlot,26,818,"            result = Plot.resolveDomainAxisLocation(location, this.orientation);",4,0,0,1,2,0,6,0,0,11,68,6,242.0,0,0,-1
defect4j,chart,org/jfree/chart/plot/CategoryPlot,26,823,        return result;,2,0,0,0,0,1,0,0,0,2,14,4,242.0,0,0,-1
defect4j,chart,org/jfree/chart/plot/CategoryPlot,26,976,        AxisLocation result = null;,2,0,0,0,0,0,0,2,0,4,27,4,242.0,0,0,-1
defect4j,chart,org/jfree/chart/plot/CategoryPlot,26,978,            result = (AxisLocation) this.rangeAxisLocations.get(index);,4,0,0,2,4,0,4,2,0,11,59,6,242.0,0,0,-1
defect4j,chart,org/jfree/chart/plot/CategoryPlot,26,980,        if (result == null) {,8,0,0,1,3,3,4,4,0,19,21,1,242.0,0,0,-1
defect4j,chart,org/jfree/chart/plot/CategoryPlot,26,1067,        AxisLocation location = getRangeAxisLocation(index);,2,0,0,1,2,0,4,2,0,8,52,4,242.0,0,0,-1
defect4j,chart,org/jfree/chart/plot/CategoryPlot,26,1070,        if (result == null) {,4,1,0,1,3,0,8,0,0,14,21,4,242.0,0,0,-1
defect4j,chart,org/jfree/chart/plot/CategoryPlot,26,1073,        return result;,2,0,0,0,0,1,0,0,0,2,14,4,242.0,0,0,-1
defect4j,chart,org/jfree/chart/plot/CategoryPlot,26,1727,        LegendItemCollection result = this.fixedLegendItems;,4,0,0,0,0,0,0,2,0,6,52,4,242.0,0,0,-1
defect4j,chart,org/jfree/chart/plot/CategoryPlot,26,1729,            result = new LegendItemCollection();,8,0,0,1,2,1,0,4,0,14,36,1,242.0,0,0,-1
defect4j,chart,org/jfree/chart/plot/CategoryPlot,26,1731,            int count = this.datasets.size();,10,0,0,1,2,3,2,2,0,17,33,1,242.0,0,0,-1
defect4j,chart,org/jfree/chart/plot/CategoryPlot,26,1732,            for (int datasetIndex = 0; datasetIndex < count; datasetIndex++) {,8,1,0,1,3,0,0,0,0,10,66,6,242.0,0,0,-1
defect4j,chart,org/jfree/chart/plot/CategoryPlot,26,1733,                CategoryDataset dataset = getDataset(datasetIndex);,2,0,0,1,2,0,4,2,0,8,51,8,242.0,0,0,-1
defect4j,chart,org/jfree/chart/plot/CategoryPlot,26,1734,                if (dataset != null) {,2,1,0,1,3,0,0,0,0,3,22,8,242.0,0,0,-1
defect4j,chart,org/jfree/chart/plot/CategoryPlot,26,1749,        return result;,2,0,0,0,0,1,0,0,0,2,14,4,242.0,0,0,-1
defect4j,chart,org/jfree/chart/plot/CategoryPlot,26,2410,        if (space == null) {,2,1,0,1,3,0,0,0,0,3,20,4,242.0,0,0,-1
defect4j,chart,org/jfree/chart/plot/CategoryPlot,26,2415,        if (this.fixedDomainAxisSpace != null) {,2,1,0,1,3,0,0,0,0,3,40,4,242.0,0,0,-1
defect4j,chart,org/jfree/chart/plot/CategoryPlot,26,2431,            RectangleEdge domainEdge = Plot.resolveDomainAxisLocation(,2,0,0,0,1,0,4,2,0,8,58,6,242.0,0,0,-1
defect4j,chart,org/jfree/chart/plot/CategoryPlot,26,2433,            if (this.drawSharedDomainAxis) {,2,0,0,1,3,0,0,0,0,2,32,7,242.0,0,0,-1
defect4j,chart,org/jfree/chart/plot/CategoryPlot,26,2441,                if (xAxis != null) {,6,1,0,1,3,0,2,2,0,11,20,3,242.0,0,0,-1
defect4j,chart,org/jfree/chart/plot/CategoryPlot,26,2442,                    RectangleEdge edge = getDomainAxisEdge(i);,2,0,0,1,2,0,4,2,0,8,42,10,242.0,0,0,-1
defect4j,chart,org/jfree/chart/plot/CategoryPlot,26,2448,        return space;,2,0,0,0,0,1,0,0,0,2,13,4,242.0,0,0,-1
defect4j,chart,org/jfree/chart/plot/CategoryPlot,26,2465,        if (space == null) {,2,1,0,1,3,0,0,0,0,3,20,4,242.0,0,0,-1
defect4j,chart,org/jfree/chart/plot/CategoryPlot,26,2470,        if (this.fixedRangeAxisSpace != null) {,2,1,0,1,3,0,0,0,0,3,39,4,242.0,0,0,-1
defect4j,chart,org/jfree/chart/plot/CategoryPlot,26,2486,            for (int i = 0; i < this.rangeAxes.size(); i++) {,8,1,0,2,5,0,2,0,0,12,49,6,242.0,0,0,-1
defect4j,chart,org/jfree/chart/plot/CategoryPlot,26,2487,                Axis yAxis = (Axis) this.rangeAxes.get(i);,4,0,0,2,4,0,4,4,0,12,42,8,242.0,0,0,-1
defect4j,chart,org/jfree/chart/plot/CategoryPlot,26,2488,                if (yAxis != null) {,4,1,0,1,3,0,0,4,0,9,20,3,242.0,0,0,-1
defect4j,chart,org/jfree/chart/plot/CategoryPlot,26,2489,                    RectangleEdge edge = getRangeAxisEdge(i);,10,1,0,1,2,0,0,0,0,12,41,4,242.0,0,0,-1
defect4j,chart,org/jfree/chart/plot/CategoryPlot,26,2490,"                    space = yAxis.reserveSpace(g2, this, plotArea, edge, space);",2,0,0,1,2,0,12,0,0,15,60,10,242.0,0,0,-1
defect4j,chart,org/jfree/chart/plot/CategoryPlot,26,2494,        return space;,2,0,0,0,0,1,0,0,0,2,13,4,242.0,0,0,-1
defect4j,chart,org/jfree/chart/plot/CategoryPlot,26,2508,        AxisSpace space = new AxisSpace();,2,0,0,1,2,0,0,4,0,6,34,4,242.0,0,0,-1
defect4j,chart,org/jfree/chart/plot/CategoryPlot,26,2509,"        space = calculateRangeAxisSpace(g2, plotArea, space);",4,0,0,1,2,0,12,0,0,17,53,3,242.0,0,0,-1
defect4j,chart,org/jfree/chart/plot/CategoryPlot,26,2511,        return space;,2,0,0,0,0,1,0,0,0,2,13,4,242.0,0,0,-1
defect4j,chart,org/jfree/chart/plot/CategoryPlot,26,2536,        boolean b1 = (area.getWidth() <= MINIMUM_WIDTH_TO_DRAW);,4,1,0,2,4,0,4,0,0,9,56,5,242.0,0,0,-1
defect4j,chart,org/jfree/chart/plot/CategoryPlot,26,2537,        boolean b2 = (area.getHeight() <= MINIMUM_HEIGHT_TO_DRAW);,4,1,0,2,4,0,4,0,0,9,58,5,242.0,0,0,-1
defect4j,chart,org/jfree/chart/plot/CategoryPlot,26,2538,        if (b1 || b2) {,4,1,0,1,3,0,4,0,0,10,15,3,242.0,0,0,-1
defect4j,chart,org/jfree/chart/plot/CategoryPlot,26,2543,        if (state == null) {,2,1,0,1,3,0,4,2,0,9,20,3,242.0,0,0,-1
defect4j,chart,org/jfree/chart/plot/CategoryPlot,26,2552,        RectangleInsets insets = getInsets();,2,0,0,1,2,0,2,2,0,6,37,4,242.0,0,0,-1
defect4j,chart,org/jfree/chart/plot/CategoryPlot,26,2553,        insets.trim(area);,2,0,0,1,2,1,0,0,0,4,18,2,242.0,0,0,-1
defect4j,chart,org/jfree/chart/plot/CategoryPlot,26,2556,"        AxisSpace space = calculateAxisSpace(g2, area);",2,0,0,1,2,0,6,2,0,10,47,4,242.0,0,0,-1
defect4j,chart,org/jfree/chart/plot/CategoryPlot,26,2558,        this.axisOffset.trim(dataArea);,2,0,0,1,2,0,4,0,0,6,31,5,242.0,0,0,-1
defect4j,chart,org/jfree/chart/plot/CategoryPlot,26,2560,        state.setDataArea(dataArea);,4,0,0,1,2,1,6,0,0,11,28,1,242.0,0,0,-1
defect4j,chart,org/jfree/chart/plot/CategoryPlot,26,2565,"            getRenderer().drawBackground(g2, this, dataArea);",0,0,0,2,4,0,8,0,0,9,49,3,242.0,0,0,-1
defect4j,chart,org/jfree/chart/plot/CategoryPlot,26,2684,        AxisCollection axisCollection = new AxisCollection();,2,0,0,1,2,0,0,4,0,6,53,4,242.0,0,0,-1
defect4j,chart,org/jfree/chart/plot/CategoryPlot,26,2687,        for (int index = 0; index < this.domainAxes.size(); index++) {,10,1,0,2,5,0,2,0,0,15,62,3,242.0,0,0,-1
defect4j,chart,org/jfree/chart/plot/CategoryPlot,26,2688,            CategoryAxis xAxis = (CategoryAxis) this.domainAxes.get(index);,4,0,0,2,4,0,4,4,0,12,63,6,242.0,0,0,-1
defect4j,chart,org/jfree/chart/plot/CategoryPlot,26,2690,"                axisCollection.add(xAxis, getDomainAxisEdge(index));",0,0,0,2,4,0,10,0,0,10,52,9,242.0,0,0,-1
defect4j,chart,org/jfree/chart/plot/CategoryPlot,26,2695,        for (int index = 0; index < this.rangeAxes.size(); index++) {,8,1,0,2,5,0,2,0,0,12,61,4,242.0,0,0,-1
defect4j,chart,org/jfree/chart/plot/CategoryPlot,26,2696,            ValueAxis yAxis = (ValueAxis) this.rangeAxes.get(index);,10,0,0,2,4,0,4,4,0,19,56,3,242.0,0,0,-1
defect4j,chart,org/jfree/chart/plot/CategoryPlot,26,2697,            if (yAxis != null) {,2,1,0,1,3,0,0,0,0,3,20,6,242.0,0,0,-1
defect4j,chart,org/jfree/chart/plot/CategoryPlot,26,2702,        Map axisStateMap = new HashMap();,2,0,0,1,2,0,0,4,0,6,33,4,242.0,0,0,-1
defect4j,chart,org/jfree/chart/plot/CategoryPlot,26,2705,        double cursor = dataArea.getMinY() - this.axisOffset.calculateTopOutset(,4,1,0,1,3,0,6,0,0,11,72,5,242.0,0,0,-1
defect4j,chart,org/jfree/chart/plot/CategoryPlot,26,2707,        Iterator iterator = axisCollection.getAxesAtTop().iterator();,2,0,0,2,4,0,6,2,0,10,61,4,242.0,0,0,-1
defect4j,chart,org/jfree/chart/plot/CategoryPlot,26,2708,        while (iterator.hasNext()) {,2,0,0,2,5,0,8,0,0,11,28,3,242.0,0,0,-1
defect4j,chart,org/jfree/chart/plot/CategoryPlot,26,3105,        for (int datasetIndex = 0; datasetIndex < this.datasets.size(); ,6,1,0,1,3,0,2,0,0,9,63,4,242.0,0,0,-1
defect4j,chart,org/jfree/chart/plot/CategoryPlot,26,3108,            if (dataset != null) {,2,1,0,1,3,0,0,0,0,3,22,6,242.0,0,0,-1
defect4j,chart,org/jfree/chart/plot/CategoryPlot,26,3106,                datasetIndex++) {,2,0,0,0,2,0,0,0,0,3,17,4,242.0,0,0,-1
defect4j,chart,org/jfree/chart/plot/CategoryPlot,26,3124,        return result;,2,0,0,0,0,1,0,0,0,2,14,4,242.0,0,0,-1
defect4j,chart,org/jfree/chart/plot/CategoryPlot,26,3253,        List result = new ArrayList();,4,0,0,1,2,0,4,4,0,14,30,3,242.0,0,0,-1
defect4j,chart,org/jfree/chart/plot/CategoryPlot,26,3254,        int axisIndex = this.domainAxes.indexOf(axis);,4,0,0,1,2,0,4,0,0,8,46,5,242.0,0,0,-1
defect4j,chart,org/jfree/chart/plot/CategoryPlot,26,3255,        List datasets = datasetsMappedToDomainAxis(axisIndex);,4,0,0,1,2,0,4,4,0,13,54,3,242.0,0,0,-1
defect4j,chart,org/jfree/chart/plot/CategoryPlot,26,3256,        Iterator iterator = datasets.iterator();,4,0,0,1,2,0,4,4,0,13,40,3,242.0,0,0,-1
defect4j,chart,org/jfree/chart/plot/CategoryPlot,26,3257,        while (iterator.hasNext()) {,0,0,0,2,5,0,4,0,0,4,28,5,242.0,0,0,-1
defect4j,chart,org/jfree/chart/plot/CategoryPlot,26,3267,        return result;,4,0,0,0,0,1,0,2,0,7,14,3,242.0,0,0,-1
defect4j,chart,org/jfree/chart/axis/Axis,26,1191,            ChartRenderingInfo owner = plotState.getOwner();,2,0,0,1,2,0,4,2,0,8,48,6,161.33333,0,0,-1
defect4j,chart,org/jfree/chart/axis/Axis,26,1192,                EntityCollection entities = owner.getEntityCollection();,2,0,0,1,2,0,4,2,0,8,56,6,161.33333,1,0,-1
defect4j,chart,org/jfree/chart/plot/PlotRenderingInfo,26,103,        return this.owner;,2,0,0,0,0,1,0,0,0,2,18,5,161.33333,0,0,-1
defect4j,chart,org/jfree/chart/plot/PlotRenderingInfo,26,126,        this.plotArea = area;,4,0,0,0,0,0,0,0,0,5,21,4,161.33333,0,0,-1
defect4j,chart,org/jfree/chart/plot/CategoryPlot,26,1735,                    CategoryItemRenderer renderer = getRenderer(datasetIndex);,6,0,0,1,2,0,4,2,0,13,58,3,147.0,0,0,-1
defect4j,chart,org/jfree/chart/plot/CategoryPlot,26,1737,                        int seriesCount = dataset.getRowCount();,2,0,0,1,2,0,4,0,0,6,40,13,147.0,0,0,-1
defect4j,chart,org/jfree/chart/plot/CategoryPlot,26,1738,                        for (int i = 0; i < seriesCount; i++) {,8,1,0,1,3,0,0,0,0,10,39,12,147.0,0,0,-1
defect4j,chart,org/jfree/chart/plot/CategoryPlot,26,3109,                Integer m = (Integer) this.datasetToDomainAxisMap.get(,8,0,0,1,3,0,2,4,0,15,54,3,147.0,0,0,-1
defect4j,chart,org/jfree/chart/plot/CategoryPlot,26,3111,                if (m == null) {  // a dataset with no mapping is assigned to ,2,1,0,1,3,0,0,0,0,3,61,8,147.0,0,0,-1
defect4j,chart,org/jfree/chart/plot/CategoryPlot,26,3118,                    if (m.intValue() == axisIndex) {,2,1,0,2,5,0,4,0,0,7,32,10,147.0,0,0,-1
defect4j,chart,org/jfree/chart/plot/CategoryPlot,26,3119,                        result.add(dataset);,0,0,0,1,2,0,6,0,0,6,20,13,147.0,0,0,-1
defect4j,chart,org/jfree/chart/plot/CategoryPlot,26,3258,            CategoryDataset dataset = (CategoryDataset) iterator.next();,2,0,0,2,4,0,4,4,0,10,60,6,147.0,0,0,-1
defect4j,chart,org/jfree/chart/plot/CategoryPlot,26,3260,            for (int i = 0; i < dataset.getColumnCount(); i++) {,8,1,0,2,5,3,4,2,0,19,52,1,147.0,0,0,-1
defect4j,chart,org/jfree/chart/plot/PlotRenderingInfo,26,93,        this.dataArea = new Rectangle2D.Double();,6,0,0,1,2,0,0,0,0,7,41,4,80.66667,0,0,-1
defect4j,chart,org/jfree/chart/plot/PlotRenderingInfo,26,94,        this.subplotInfo = new java.util.ArrayList();    ,8,0,0,1,2,0,0,0,0,9,45,4,80.66667,0,0,-1
defect4j,chart,org/jfree/chart/plot/CategoryPlot,26,2664,"        fillBackground(g2, area, this.orientation);",2,0,0,1,2,0,6,0,0,8,43,5,72.2,0,0,-1
defect4j,chart,org/jfree/chart/axis/CategoryAxis,26,404,        if (category == null) {,2,1,0,1,3,0,0,0,0,3,23,4,54.0,0,0,-1
defect4j,chart,org/jfree/chart/axis/CategoryAxis,26,407,        Font result = (Font) this.tickLabelFontMap.get(category);,4,0,0,2,4,0,4,4,0,12,57,4,54.0,0,0,-1
defect4j,chart,org/jfree/chart/axis/CategoryAxis,26,409,        if (result == null) {,2,1,0,1,3,0,0,0,0,3,21,4,54.0,0,0,-1
defect4j,chart,org/jfree/chart/axis/CategoryAxis,26,410,            result = getTickLabelFont();,2,0,0,1,2,0,2,0,0,5,28,6,54.0,0,0,-1
defect4j,chart,org/jfree/chart/axis/CategoryAxis,26,412,        return result;,2,0,0,0,0,1,0,0,0,2,14,4,54.0,0,0,-1
defect4j,chart,org/jfree/chart/axis/CategoryAxis,26,447,        if (category == null) {,2,1,0,1,3,0,0,0,0,3,23,4,54.0,0,0,-1
defect4j,chart,org/jfree/chart/axis/CategoryAxis,26,450,        Paint result = (Paint) this.tickLabelPaintMap.get(category);,10,0,0,2,4,0,8,4,0,23,60,3,54.0,0,0,-1
defect4j,chart,org/jfree/chart/axis/CategoryAxis,26,452,        if (result == null) {,6,1,0,1,3,1,0,2,0,10,21,2,54.0,0,0,-1
defect4j,chart,org/jfree/chart/axis/CategoryAxis,26,455,        return result;,0,0,0,0,0,1,0,0,0,1,14,12,54.0,0,0,-1
defect4j,chart,org/jfree/chart/axis/CategoryAxis,26,1008,                Comparable category = (Comparable) iterator.next();,2,0,0,2,4,0,4,4,0,10,51,8,54.0,0,0,-1
defect4j,chart,org/jfree/chart/axis/CategoryAxis,26,1009,"                TextBlock label = createLabel(category, l * r, edge, g2);",6,1,0,1,2,0,8,2,0,17,57,8,54.0,0,0,-1
defect4j,chart,org/jfree/chart/axis/CategoryAxis,26,1010,                if (edge == RectangleEdge.TOP || edge == RectangleEdge.BOTTOM) {,12,3,0,1,3,0,0,0,0,15,64,8,54.0,0,0,-1
defect4j,chart,org/jfree/chart/axis/CategoryAxis,26,1022,                ticks.add(tick);,0,0,0,1,2,0,12,0,0,12,16,3,54.0,0,0,-1
defect4j,chart,org/jfree/chart/axis/CategoryAxis,26,1023,                categoryIndex = categoryIndex + 1;,4,1,0,0,0,0,0,0,0,6,34,8,54.0,0,0,-1
defect4j,chart,org/jfree/chart/axis/CategoryAxis,26,1046,        return label; ,2,0,0,0,0,1,0,0,0,2,13,4,54.0,0,0,-1
defect4j,chart,org/jfree/chart/axis/CategoryLabelPosition,26,192,        return this.labelAnchor;,2,0,0,0,0,1,0,0,0,2,24,5,54.0,0,0,-1
defect4j,chart,org/jfree/chart/axis/CategoryLabelPosition,26,210,        return this.angle;,2,0,0,0,0,1,0,0,0,2,18,5,54.0,0,0,-1
defect4j,chart,org/jfree/chart/axis/CategoryTick,26,81,"        super("""", TextAnchor.CENTER, rotationAnchor, angle);",8,0,0,1,2,0,0,0,0,9,52,4,54.0,0,0,-1
defect4j,chart,org/jfree/chart/axis/CategoryTick,26,82,        this.category = category;,4,0,0,0,0,0,0,0,0,5,25,4,54.0,0,0,-1
defect4j,chart,org/jfree/chart/axis/CategoryTick,26,83,        this.label = label;,8,0,0,0,0,0,4,0,0,13,19,3,54.0,0,0,-1
defect4j,chart,org/jfree/chart/axis/CategoryTick,26,84,        this.labelAnchor = labelAnchor;,4,0,0,0,0,0,0,0,0,5,31,4,54.0,0,0,-1
defect4j,chart,org/jfree/chart/axis/CategoryTick,26,86,    },6,2,0,0,1,0,0,2,0,10,1,8,54.0,0,0,-1
defect4j,chart,org/jfree/chart/plot/CategoryPlot,26,1739,                            LegendItem item = renderer.getLegendItem(,2,0,0,0,1,0,4,2,0,8,41,14,54.0,0,0,-1
defect4j,chart,org/jfree/chart/plot/CategoryPlot,26,1741,                            if (item != null) {,2,1,0,1,3,0,0,0,0,3,19,14,54.0,0,0,-1
defect4j,chart,org/jfree/chart/plot/CategoryPlot,26,3261,                Comparable category = dataset.getColumnKey(i);,2,0,0,1,2,0,6,2,0,10,46,8,54.0,0,0,-1
defect4j,chart,org/jfree/chart/plot/CategoryPlot,26,3262,                if (!result.contains(category)) {,0,0,0,2,5,0,6,0,0,7,33,8,54.0,0,0,-1
defect4j,chart,org/jfree/chart/util/ShapeUtilities,26,362,        if (base == null) {,2,1,0,1,3,0,0,0,0,3,19,4,54.0,0,0,-1
defect4j,chart,org/jfree/chart/util/ShapeUtilities,26,365,"        AffineTransform rotate = AffineTransform.getRotateInstance(angle, x, y);",2,0,0,1,2,0,10,2,0,14,72,4,54.0,0,0,-1
defect4j,chart,org/jfree/chart/text/TextBlock,26,276,            xAdj = (float) -width / 2.0f;,4,1,0,1,2,0,0,0,0,7,29,6,28.47059,0,0,-1
defect4j,chart,org/jfree/chart/text/G2TextMeasurer,26,64,        this.g2 = g2;,4,0,0,0,0,0,0,0,0,5,13,4,26.88889,0,0,-1
defect4j,chart,org/jfree/chart/text/G2TextMeasurer,26,78,"        Rectangle2D bounds = TextUtilities.getTextBounds(text.substring(start, ",2,0,0,0,2,0,10,2,0,14,70,4,26.88889,0,0,-1
defect4j,chart,org/jfree/chart/text/G2TextMeasurer,26,80,        float result = (float) bounds.getWidth();,2,0,0,2,4,0,4,0,0,6,41,5,26.88889,0,0,-1
defect4j,chart,org/jfree/chart/text/G2TextMeasurer,26,81,        return result;,2,0,0,0,0,1,0,0,0,2,14,4,26.88889,0,0,-1
defect4j,chart,org/jfree/chart/text/TextUtilities,26,189,        BreakIterator iterator = BreakIterator.getLineInstance();,2,0,0,1,2,0,4,4,0,11,57,3,26.88889,0,0,-1
defect4j,chart,org/jfree/chart/renderer/category/AbstractCategoryItemRenderer,1,1797,        if (dataset != null) {,2,1,0,1,3,0,0,0,0,3,22,4,0.02703,1,0,-1
defect4j,chart,org/jfree/data/general/DatasetUtilities,2,1244,                    if (!Double.isNaN(lvalue)) {,2,0,0,2,5,0,0,0,0,2,28,8,0.125,1,0,-1
defect4j,chart,org/jfree/data/general/DatasetUtilities,2,1247,                    if (!Double.isNaN(uvalue)) {,0,0,0,2,5,0,6,0,0,7,28,10,0.125,1,1,-1
defect4j,chart,org/jfree/data/general/DatasetUtilities,2,1252,        },0,1,0,0,1,0,8,0,0,9,1,4,0.125,1,1,-1
defect4j,chart,org/jfree/data/general/DatasetUtilities,2,765,        },2,0,0,0,1,0,2,0,0,4,1,5,0.1,1,1,-1
defect4j,chart,org/jfree/data/time/TimeSeries,3,1057,        copy.data = new java.util.ArrayList();,10,0,0,1,2,0,0,0,0,11,38,4,0.5,1,0,-1
defect4j,chart,org/jfree/data/xy/XYSeries,5,548,        if (index >= 0 && !this.allowDuplicateXValues) {,4,2,0,1,3,0,0,0,0,7,48,4,0.33333,1,0,-1
defect4j,chart,org/jfree/data/time/TimePeriodValues,7,300,            long s = getDataItem(this.minMiddleIndex).getPeriod().getStart(),4,0,0,3,6,0,6,0,0,10,64,7,0.08333,1,0,-1
defect4j,chart,org/jfree/data/time/TimePeriodValues,7,302,            long e = getDataItem(this.minMiddleIndex).getPeriod().getEnd(),4,0,0,3,6,0,6,0,0,10,62,7,0.08333,1,0,-1
defect4j,chart,org/jfree/data/time/TimeSeries,9,944,        if (endIndex < 0) {,2,1,0,1,3,0,0,0,0,3,19,4,1.0,1,0,-1
defect4j,chart,org/jfree/chart/imagemap/StandardToolTipTagFragmentGenerator,10,65,"        return "" title=\"""" + toolTipText",2,1,0,0,0,1,0,0,0,4,32,4,0.0,1,0,-1
defect4j,chart,org/jfree/chart/util/ShapeUtilities,11,275,        PathIterator iterator2 = p1.getPathIterator(null);,2,0,0,1,2,0,4,2,0,8,50,4,0.06667,1,0,-1
defect4j,chart,org/jfree/chart/plot/MultiplePiePlot,12,145,        this.dataset = dataset;,4,0,0,0,0,0,0,0,0,5,23,4,0.33333,1,0,-1
defect4j,chart,org/jfree/chart/plot/XYPlot,14,2293,        boolean removed = markers.remove(marker);,2,0,0,1,2,0,6,0,0,8,41,5,0.33333,1,0,-1
defect4j,chart,org/jfree/data/category/DefaultIntervalCategoryDataset,16,207,                this.seriesKeys = null;,2,0,0,0,0,0,0,0,0,3,23,8,10.66667,1,0,-1
defect4j,chart,org/jfree/data/category/DefaultIntervalCategoryDataset,16,208,                this.categoryKeys = null;,2,0,0,0,0,0,0,0,0,3,25,8,10.66667,1,0,-1
defect4j,chart,org/jfree/data/category/DefaultIntervalCategoryDataset,16,338,        if (categoryKeys.length != this.startData[0].length) {,8,1,0,2,5,0,6,0,0,16,54,4,0.14286,1,0,-1
defect4j,chart,org/jfree/data/time/TimeSeries,17,857,"        Object clone = createCopy(0, getItemCount() - 1);",2,1,0,2,4,0,4,2,0,9,49,4,0.5,1,0,-1
defect4j,chart,org/jfree/data/DefaultKeyedValues2D,18,455,        Iterator iterator = this.rows.iterator();,4,0,0,1,2,0,2,2,0,8,41,4,2.0,1,0,-1
defect4j,chart,org/jfree/data/DefaultKeyedValues2D,18,458,                rowData.removeValue(columnKey);,4,0,0,1,2,0,6,0,0,11,31,3,2.0,1,0,-1
defect4j,chart,org/jfree/data/DefaultKeyedValues,18,318,        if (index < this.keys.size()) {,4,1,0,2,5,0,2,0,0,7,31,4,0.0,1,0,-1
defect4j,chart,org/jfree/chart/plot/CategoryPlot,19,698,        return this.domainAxes.indexOf(axis);,2,0,0,1,2,1,4,0,0,6,37,5,1.0,1,0,-1
defect4j,chart,org/jfree/chart/plot/ValueMarker,20,95,"        super(paint, stroke, paint, stroke, alpha);",10,0,0,1,2,0,0,0,0,10,43,4,0.01064,1,0,-1
defect4j,chart,org/jfree/data/statistics/DefaultBoxAndWhiskerCategoryDataset,21,740,        this.minimumRangeValue = Double.NaN;,6,0,0,0,0,0,0,0,0,7,36,4,1.0,1,1,-1
defect4j,chart,org/jfree/data/statistics/DefaultBoxAndWhiskerCategoryDataset,21,741,        this.maximumRangeValue = Double.NaN;,6,0,0,0,0,0,0,0,0,7,36,4,1.0,1,0,-1
defect4j,chart,org/jfree/data/KeyedObjects2D,22,74,    public KeyedObjects2D() {,2,0,0,1,3,1,0,0,0,3,25,2,1.16129,1,1,-1
defect4j,chart,org/jfree/data/KeyedObjects2D,22,75,        this.rowKeys = new java.util.ArrayList();,8,0,0,1,2,0,0,0,0,9,41,4,1.16129,1,1,-1
defect4j,chart,org/jfree/data/KeyedObjects2D,22,76,        this.columnKeys = new java.util.ArrayList();,8,0,0,1,2,0,0,0,0,9,44,4,1.16129,1,1,-1
defect4j,chart,org/jfree/data/KeyedObjects2D,22,77,        this.rows = new java.util.ArrayList();,8,0,0,1,2,0,0,0,0,9,38,4,1.16129,1,1,-1
defect4j,chart,org/jfree/data/KeyedObjects2D,22,378,                rowData.removeValue(columnKey);,0,0,0,1,2,0,6,0,0,6,31,7,1.0,1,0,-1
defect4j,chart,org/jfree/data/KeyedObjects2D,22,231,        if (row >= 0) {,2,1,0,1,3,0,0,0,0,3,15,4,0.57143,1,0,-1
defect4j,chart,org/jfree/data/KeyedObjects2D,22,233,            return rowData.getObject(columnKey);,0,0,0,1,2,1,6,0,0,6,36,7,0.57143,1,0,-1
defect4j,chart,org/jfree/chart/renderer/GrayPaintScale,24,126,        int g = (int) ((value - this.lowerBound) / (this.upperBound ,0,0,0,2,6,0,0,0,0,8,59,4,0.0,1,0,-1
defect4j,chart,org/jfree/chart/renderer/category/StatisticalBarRenderer,25,315,"            double valueDelta = dataset.getStdDevValue(row, column).doubleValue();",2,0,0,2,4,0,4,0,0,6,70,12,2.0,1,0,-1
defect4j,chart,org/jfree/chart/renderer/category/StatisticalBarRenderer,25,345,"        CategoryItemLabelGenerator generator = getItemLabelGenerator(row, ",4,2,0,0,1,0,14,2,0,23,65,3,2.0,1,1,-1
defect4j,chart,org/jfree/chart/renderer/category/StatisticalBarRenderer,25,404,        double value = meanValue.doubleValue();,2,0,0,1,2,0,4,0,0,6,39,5,1.33333,1,1,-1
defect4j,chart,org/jfree/chart/axis/Axis,26,1192,                EntityCollection entities = owner.getEntityCollection();,2,0,0,1,2,0,4,2,0,8,56,6,161.33333,1,0,-1
defect4j,chart,org/jfree/chart/axis/Axis,26,314,        return this.visible;,2,0,0,0,0,1,0,0,0,2,20,5,21.04348,1,1,-1
