dataset,project,path,version,codeLine,statement,varTotal,optTotal,array,bracketDepth,bracketTotal,keywordTotal,methodTotal,typeTotal,logic,lengthEle,lengthWord,depth,suspicious,accuracy,miss_line,predict
defect4j,mockito,org/mockito/internal/invocation/ArgumentsProcessor,1,26,        final int nonVarArgsCount = args.length - 1;,6,1,0,0,0,1,0,0,0,8,44,4,26.0,0,0,-1
defect4j,mockito,org/mockito/internal/invocation/ArgumentsProcessor,1,28,        if (args[nonVarArgsCount] == null) {,0,1,1,2,5,0,0,0,0,5,36,4,26.0,0,0,-1
defect4j,mockito,org/mockito/internal/invocation/ArgumentsProcessor,1,34,        final int varArgsCount = varArgs.length;,6,0,0,0,0,1,0,0,0,7,40,4,26.0,0,0,-1
defect4j,mockito,org/mockito/internal/invocation/ArgumentsProcessor,1,35,        Object[] newArgs = new Object[nonVarArgsCount + varArgsCount];,0,0,0,2,4,0,0,0,0,6,62,4,26.0,0,0,-1
defect4j,mockito,org/mockito/internal/invocation/ArgumentsProcessor,1,36,"        System.arraycopy(args, 0, newArgs, 0, nonVarArgsCount);",0,0,0,1,2,0,10,0,0,10,55,5,26.0,0,0,-1
defect4j,mockito,org/mockito/internal/invocation/ArgumentsProcessor,1,37,"        System.arraycopy(varArgs, 0, newArgs, nonVarArgsCount, varArgsCount);",0,0,0,1,2,0,12,0,0,12,69,5,26.0,0,0,-1
defect4j,mockito,org/mockito/internal/invocation/ArgumentsProcessor,1,38,        return newArgs;,2,0,0,0,0,1,0,0,0,2,15,4,26.0,0,0,-1
defect4j,mockito,org/mockito/internal/util/collections/ArrayUtils,1,8,public class ArrayUtils {,2,0,0,0,1,1,0,0,0,3,25,1,24.14286,0,0,-1
defect4j,mockito,org/mockito/internal/util/collections/ArrayUtils,1,11,        return array == null || array.length == 0;,2,1,0,0,0,1,0,2,0,5,42,18,24.14286,0,0,-1
defect4j,mockito,org/mockito/internal/invocation/ArgumentsProcessor,1,32,            varArgs = ArrayEquals.createObjectArray(args[nonVarArgsCount]);,18,1,1,2,4,0,4,10,0,40,63,1,18.89286,0,0,-1
defect4j,mockito,org/mockito/internal/matchers/ArrayEquals,1,67,        if (array instanceof Object[]) {,2,0,0,2,5,0,0,2,0,4,32,5,17.06452,0,0,-1
defect4j,mockito,org/mockito/internal/matchers/ArrayEquals,1,68,            return (Object[]) array;,0,0,0,2,4,1,0,0,0,7,24,4,13.78125,0,0,-1
defect4j,mockito,org/mockito/internal/invocation/ArgumentsComparator,1,41,        Object[] rawArgs = actual.getRawArguments();,6,0,0,2,4,0,4,4,0,14,44,1,9.0,0,0,-1
defect4j,mockito,org/mockito/internal/invocation/ArgumentsComparator,1,42,        List<Matcher> matchers = invocationMatcher.getMatchers();,0,0,0,1,2,0,0,0,0,3,57,4,9.0,0,0,-1
defect4j,mockito,org/mockito/internal/invocation/ArgumentsComparator,1,44,        if (rawArgs.length != matchers.size()) {,0,0,0,2,5,0,0,0,0,7,40,4,9.0,0,0,-1
defect4j,mockito,org/mockito/internal/invocation/ArgumentsComparator,1,23,            return false;,2,0,0,0,0,1,0,0,0,4,13,6,4.8,0,0,-1
defect4j,mockito,org/mockito/internal/invocation/ArgumentsComparator,1,64,            } else if (!m.matches(rawArgs[i])){,0,0,1,3,8,0,4,0,0,9,35,7,3.52174,0,0,-1
defect4j,mockito,org/mockito/Matchers,1,227,        return (T) reportMatcher(AnyVararg.ANY_VARARG).returnNull();,4,0,0,3,6,1,4,2,0,10,60,5,3.36842,0,0,-1
defect4j,mockito,org/mockito/internal/matchers/AnyVararg,1,13,"public class AnyVararg extends ArgumentMatcher implements VarargMatcher, Serializable {",2,0,0,0,1,1,0,6,0,9,87,1,3.24,0,0,-1
defect4j,mockito,org/mockito/internal/invocation/ArgumentsComparator,1,48,        for (int i = 0; i < rawArgs.length; i++) {,10,1,0,1,3,0,0,0,0,12,42,4,3.24,0,0,-1
defect4j,mockito,org/mockito/internal/invocation/ArgumentsComparator,1,49,            Matcher m = matchers.get(i);,2,0,0,1,2,0,6,2,0,10,28,6,3.24,0,0,-1
defect4j,mockito,org/mockito/internal/invocation/ArgumentsComparator,1,51,            if (rawArgs[i] != null && rawArgs[i].getClass().isArray() && i == rawArgs.length-1) {,0,0,0,5,11,0,0,0,0,16,85,4,3.24,0,0,-1
defect4j,mockito,org/mockito/internal/handler/InvocationNotifierHandler,1,40,        } catch (Throwable t){,2,0,0,1,4,0,0,2,0,4,22,6,2.97619,0,0,-1
defect4j,mockito,org/mockito/internal/handler/InvocationNotifierHandler,1,41,"            notifyMethodCallException(invocation, t);",0,0,0,1,2,0,6,0,0,6,41,8,2.97619,0,0,-1
defect4j,mockito,org/mockito/internal/handler/InvocationNotifierHandler,1,42,            throw t;,2,0,0,0,0,0,0,0,0,2,8,7,2.97619,0,0,-1
defect4j,mockito,org/mockito/internal/handler/InvocationNotifierHandler,1,58,        for (InvocationListener listener : invocationListeners) {,4,0,0,1,3,0,0,2,0,6,57,4,2.97619,0,0,-1
defect4j,mockito,org/mockito/internal/handler/InvocationNotifierHandler,1,65,    },0,0,0,0,1,0,0,0,0,1,1,4,2.97619,0,0,-1
defect4j,mockito,org/mockito/internal/matchers/AnyVararg,1,19,        return true;,0,0,0,0,0,1,0,0,0,1,12,4,2.78261,0,0,-1
defect4j,mockito,org/mockito/internal/invocation/ArgumentsComparator,1,55,                    actualMatcher = ((MatcherDecorator)m).getActualMatcher();,0,0,0,3,6,0,0,0,0,9,57,4,2.33333,0,0,-1
defect4j,mockito,org/mockito/internal/matchers/LocalizedMatcher,1,69,        return actualMatcher;,2,0,0,0,0,1,0,0,0,2,21,4,2.33333,0,0,-1
defect4j,mockito,org/mockito/internal/invocation/InvocationMatcher,1,35,            this.matchers = matchers;,4,0,0,0,0,0,0,0,0,5,25,6,1.90551,0,0,-1
defect4j,mockito,org/mockito/internal/invocation/ArgumentsComparator,1,54,                if (m instanceof MatcherDecorator) {,2,0,0,1,3,0,0,2,0,4,36,9,1.88462,0,0,-1
defect4j,mockito,org/mockito/internal/invocation/ArgumentsComparator,1,60,                if (!(actualMatcher instanceof VarargMatcher) || !actualMatcher.matches(rawArgs[i])) {,4,0,0,4,9,1,16,2,0,23,86,2,1.88462,0,0,-1
defect4j,mockito,org/mockito/internal/invocation/InvocationMatcher,1,107,                if (params1[i] != params2[i]),0,1,1,3,6,0,0,0,0,9,29,10,1.71703,0,0,-1
defect4j,mockito,org/mockito/internal/invocation/InvocationMatcher,1,121,        if (invocation.getMethod().isVarArgs()) {,0,0,0,3,7,0,6,0,0,6,41,5,1.56481,0,0,-1
defect4j,mockito,org/mockito/internal/matchers/LocalizedMatcher,1,22,    public LocalizedMatcher(Matcher actualMatcher) {,4,0,0,1,3,1,0,2,0,7,48,2,1.48205,0,0,-1
defect4j,mockito,org/mockito/internal/matchers/LocalizedMatcher,1,23,        this.actualMatcher = actualMatcher;,0,0,0,0,0,0,0,0,0,0,35,4,1.48205,0,0,-1
defect4j,mockito,org/mockito/internal/matchers/LocalizedMatcher,1,24,        this.location = new LocationImpl();,2,0,0,1,2,0,0,2,0,5,35,4,1.48205,0,0,-1
defect4j,mockito,org/mockito/Matchers,1,809,        return MOCKING_PROGRESS.getArgumentMatcherStorage().reportMatcher(matcher);,2,0,0,2,4,1,6,2,0,10,75,3,1.42222,0,0,-1
defect4j,mockito,org/mockito/internal/invocation/ArgumentsComparator,1,45,            return false;,0,0,0,0,0,1,0,0,0,1,13,6,1.38462,0,0,-1
defect4j,mockito,org/mockito/internal/stubbing/ConsecutiveStubbing,1,14,    public ConsecutiveStubbing(InvocationContainerImpl invocationContainerImpl) {,4,0,0,1,3,1,0,2,0,7,77,2,1.35681,0,0,-1
defect4j,mockito,org/mockito/internal/stubbing/ConsecutiveStubbing,1,15,        this.invocationContainerImpl = invocationContainerImpl;,2,0,0,0,0,0,6,0,0,9,55,5,1.35681,0,0,-1
defect4j,mockito,org/mockito/internal/invocation/MatchersBinder,1,32,            int recordedMatchersSize = lastMatchers.size();,2,0,0,1,2,0,4,0,0,6,47,7,1.34737,0,0,-1
defect4j,mockito,org/mockito/internal/invocation/MatchersBinder,1,33,            int expectedMatchersSize = invocation.getArguments().length;,6,0,0,1,2,0,14,2,0,22,60,3,1.34737,0,0,-1
defect4j,mockito,org/mockito/internal/invocation/MatchersBinder,1,34,            if (expectedMatchersSize != recordedMatchersSize) {,4,1,0,1,3,0,0,0,0,5,51,6,1.34737,0,0,-1
defect4j,mockito,org/mockito/internal/progress/ArgumentMatcherStorageImpl,1,44,        List<LocalizedMatcher> matchers = new ArrayList<LocalizedMatcher>(matcherStack);,4,0,0,1,2,0,0,8,0,12,80,4,1.34737,0,0,-1
defect4j,mockito,org/mockito/internal/progress/ArgumentMatcherStorageImpl,1,45,        matcherStack.clear();,0,0,0,1,2,0,4,0,0,4,21,5,1.34737,0,0,-1
defect4j,mockito,org/mockito/internal/progress/ArgumentMatcherStorageImpl,1,46,        return (List) matchers;,2,0,0,1,2,1,0,2,0,4,23,5,1.34737,0,0,-1
defect4j,mockito,org/mockito/internal/stubbing/defaultanswers/ReturnsEmptyValues,1,78,        Class<?> returnType = invocation.getMethod().getReturnType();,2,0,0,2,4,0,6,2,0,10,61,4,1.33597,0,0,-1
defect4j,mockito,org/mockito/internal/stubbing/defaultanswers/ReturnsEmptyValues,1,79,        return returnValueFor(returnType);,0,0,0,1,2,1,4,0,0,4,34,5,1.33597,0,0,-1
defect4j,mockito,org/mockito/configuration/DefaultMockitoConfiguration,1,32,        return new ReturnsEmptyValues();,0,0,0,1,2,1,0,2,0,2,32,6,1.32809,0,0,-1
defect4j,mockito,org/mockito/internal/stubbing/defaultanswers/GloballyConfiguredAnswer,1,24,        return new GlobalConfiguration().getDefaultAnswer().answer(invocation);,0,0,0,3,6,1,6,2,0,8,71,5,1.32549,0,0,-1
defect4j,mockito,org/mockito/internal/util/ObjectMethodsGuru,1,39,        return Comparable.class.isAssignableFrom(method.getDeclaringClass()),14,1,0,2,4,1,10,4,0,30,68,3,1.32031,0,0,-1
defect4j,mockito,org/mockito/internal/stubbing/defaultanswers/ReturnsEmptyValues,1,71,        } else if (methodsGuru.isCompareToMethod(invocation.getMethod())) {,0,0,0,3,8,0,8,0,0,8,67,6,1.32031,0,0,-1
defect4j,mockito,org/mockito/internal/stubbing/InvocationContainerImpl,1,50,"        addAnswer(answer, false);",0,0,0,1,2,0,4,0,0,5,25,5,1.31364,0,0,-1
defect4j,mockito,org/mockito/internal/stubbing/InvocationContainerImpl,1,51,    },2,0,0,0,1,0,4,4,0,10,1,4,1.31364,0,0,-1
defect4j,mockito,org/mockito/internal/progress/ArgumentMatcherStorageImpl,1,32,        matcherStack.push(new LocalizedMatcher(matcher));,2,0,0,2,4,0,6,2,0,10,49,4,1.31282,0,0,-1
defect4j,mockito,org/mockito/internal/progress/ArgumentMatcherStorageImpl,1,33,        return new HandyReturnValues();,0,0,0,1,2,1,0,0,0,4,31,4,1.31282,0,0,-1
defect4j,mockito,org/mockito/internal/stubbing/BaseStubbing,1,18,        return thenAnswer(new Returns(value));,2,0,0,2,4,1,2,2,0,6,38,5,1.30814,0,0,-1
defect4j,mockito,org/mockito/internal/invocation/ArgumentsProcessor,1,47,                matchers.add(new Equals(arg));,2,0,0,2,4,0,4,2,0,8,30,9,1.2973,0,0,-1
defect4j,mockito,org/mockito/internal/progress/ThreadSafeMockingProgress,1,32,        return threadSafely().pullOngoingStubbing();,0,0,0,2,4,1,4,0,0,4,44,5,1.296,0,0,-1
defect4j,mockito,org/mockito/internal/progress/MockingProgressImpl,1,35,        iOngoingStubbing = null;,4,0,0,0,0,0,4,2,0,11,24,1,1.296,0,0,-1
defect4j,mockito,org/mockito/internal/progress/MockingProgressImpl,1,36,        return temp;,2,0,0,0,0,1,0,0,0,2,12,4,1.296,0,0,-1
defect4j,mockito,org/mockito/internal/stubbing/answers/AnswersValidator,1,22,"            validateReturnValue((Returns) answer, methodInfo);",2,0,0,2,4,0,4,2,0,8,50,7,1.29293,0,0,-1
defect4j,mockito,org/mockito/internal/invocation/ArgumentsProcessor,1,44,            if (arg != null && arg.getClass().isArray()) {,4,2,0,3,7,0,10,0,0,17,46,3,1.28571,0,0,-1
defect4j,mockito,org/mockito/internal/stubbing/defaultanswers/ReturnsEmptyValues,1,83,        if (Primitives.isPrimitiveOrWrapper(type)) {,6,0,0,2,5,0,14,2,0,22,44,3,1.28273,0,0,-1
defect4j,mockito,org/mockito/internal/stubbing/defaultanswers/ReturnsEmptyValues,1,63,        if (methodsGuru.isToString(invocation.getMethod())) {,0,0,0,3,7,0,8,0,0,8,53,5,1.2803,0,0,-1
defect4j,mockito,org/mockito/internal/matchers/Equals,1,19,    public Equals(Object wanted) {,4,0,0,1,3,1,0,2,0,7,30,2,1.26872,0,0,-1
defect4j,mockito,org/mockito/internal/matchers/Equals,1,20,        this.wanted = wanted;,2,0,0,0,0,0,6,0,0,9,21,4,1.26872,0,0,-1
defect4j,mockito,org/mockito/internal/stubbing/answers/AnswersValidator,1,72,        if (!answer.returnsNull() && !methodInfo.isValidReturnType(answer.getReturnType())) {,4,0,0,4,9,0,0,0,0,5,85,4,1.26733,0,0,-1
defect4j,mockito,org/mockito/internal/invocation/InvocationMatcher,1,106,                for (int i = 0; i < params1.length; i++) {,10,1,0,1,3,0,0,2,0,14,42,3,1.25755,0,0,-1
defect4j,mockito,org/mockito/internal/stubbing/answers/Returns,1,34,        return value == null;,0,0,0,0,0,1,8,0,0,8,21,7,1.2549,0,0,-1
defect4j,mockito,org/mockito/internal/stubbing/answers/AnswersValidator,1,68,        if (answer.returnsNull() && methodInfo.returnsPrimitive()) {,0,0,0,3,7,0,0,0,0,10,60,4,1.2549,0,0,-1
defect4j,mockito,org/mockito/internal/MockitoCore,1,65,        IOngoingStubbing stubbing = mockingProgress.pullOngoingStubbing();,2,0,0,1,2,2,0,12,0,16,66,2,1.25108,0,0,-1
defect4j,mockito,org/mockito/internal/MockitoCore,1,66,        if (stubbing == null) {,4,1,0,1,3,0,4,2,0,11,23,3,1.25108,0,0,-1
defect4j,mockito,org/mockito/internal/invocation/InvocationMatcher,1,104,            Class[] params2 = m2.getParameterTypes();,2,0,0,2,4,0,4,2,0,8,41,6,1.25,0,0,-1
defect4j,mockito,org/mockito/internal/invocation/InvocationMatcher,1,105,            if (params1.length == params2.length) {,8,1,0,1,3,0,0,0,0,9,39,6,1.25,0,0,-1
defect4j,mockito,org/mockito/internal/invocation/ArgumentsComparator,1,18,"        return argumentsMatch(invocationMatcher, actualArgs) || varArgsMatch(invocationMatcher, actual);",2,0,0,2,4,1,4,2,0,8,96,4,1.2475,0,0,-1
defect4j,mockito,org/mockito/internal/stubbing/answers/AnswersValidator,1,64,        if (methodInfo.isVoid()) {,0,0,0,2,5,0,4,0,0,4,26,5,1.24272,0,0,-1
defect4j,mockito,org/mockito/internal/invocation/InvocationMatcher,1,60,        return invocation.getMock().equals(actual.getMock()),2,0,0,3,6,2,0,8,0,11,52,2,1.23518,0,0,-1
defect4j,mockito,org/mockito/internal/invocation/ArgumentsComparator,1,15,public class ArgumentsComparator {,2,0,0,0,1,1,0,0,0,3,34,1,1.23031,0,0,-1
defect4j,mockito,org/mockito/internal/invocation/ArgumentsComparator,1,22,        if (actualArgs.length != invocationMatcher.getMatchers().size()) {,4,1,0,3,7,0,6,0,0,11,66,4,1.23031,0,0,-1
defect4j,mockito,org/mockito/internal/invocation/InvocationMatcher,1,98,        Method m1 = invocation.getMethod();,2,0,0,1,2,0,4,2,0,8,35,4,1.2207,0,0,-1
defect4j,mockito,org/mockito/internal/invocation/InvocationMatcher,1,101,        if (m1.getName() != null && m1.getName().equals(m2.getName())) {,0,2,0,5,11,0,14,0,0,16,64,4,1.2207,0,0,-1
defect4j,mockito,org/mockito/internal/stubbing/answers/Returns,1,17,    public Returns(Object value) {,4,0,0,1,3,1,0,2,0,7,30,2,1.21905,0,0,-1
defect4j,mockito,org/mockito/internal/stubbing/answers/Returns,1,18,        this.value = value;,4,0,0,0,0,0,0,0,0,5,19,4,1.21905,0,0,-1
defect4j,mockito,org/mockito/internal/stubbing/answers/Returns,1,19,    },8,1,0,0,1,0,0,0,0,10,1,4,1.21905,0,0,-1
defect4j,mockito,org/mockito/internal/stubbing/OngoingStubbingImpl,1,28,        invocationContainerImpl.addAnswer(answer);,0,0,0,1,2,0,6,0,0,6,42,5,1.21905,0,0,-1
defect4j,mockito,org/mockito/internal/stubbing/OngoingStubbingImpl,1,29,        return new ConsecutiveStubbing<T>(invocationContainerImpl);,2,0,0,1,2,1,0,4,0,6,59,5,1.21905,0,0,-1
defect4j,mockito,org/mockito/internal/invocation/StubInfoImpl,1,17,    public StubInfoImpl(DescribedInvocation stubbedAt) {,0,0,0,1,3,0,0,0,0,4,52,4,1.21429,0,0,-1
defect4j,mockito,org/mockito/internal/stubbing/InvocationContainerImpl,1,80,                    s.markStubUsed(invocation);,2,0,0,1,2,1,0,2,0,5,27,1,1.21429,0,0,-1
defect4j,mockito,org/mockito/internal/stubbing/InvocationContainerImpl,1,81,                    invocation.markStubbed(new StubInfoImpl(s));,2,0,0,2,4,0,4,2,0,8,44,11,1.21429,0,0,-1
defect4j,mockito,org/mockito/internal/util/ObjectMethodsGuru,1,18,        return isToString(new DelegatingMethod(method));,2,0,0,2,4,1,2,2,0,6,48,5,1.19858,0,0,-1
defect4j,mockito,org/mockito/internal/util/ObjectMethodsGuru,1,22,        return method.getReturnType() == String.class,0,1,0,1,2,1,4,2,0,7,45,6,1.19858,0,0,-1
defect4j,mockito,org/mockito/internal/util/Primitives,1,42,        return PRIMITIVE_OR_WRAPPER_DEFAULT_VALUES.containsKey(type);,0,0,0,1,2,1,6,0,0,6,61,5,1.19858,0,0,-1
defect4j,mockito,org/mockito/internal/stubbing/InvocationContainerImpl,1,79,                if (s.matches(invocation)) {,0,0,0,2,5,0,6,0,0,6,28,9,1.1748,0,0,-1
defect4j,mockito,org/mockito/internal/progress/HandyReturnValues,1,13,public class HandyReturnValues {,2,0,0,0,1,1,0,0,0,3,32,1,1.16828,0,0,-1
defect4j,mockito,org/mockito/internal/stubbing/InvocationContainerImpl,1,103,        return !registeredInvocations.isEmpty();,6,0,0,1,2,1,6,16,0,28,40,3,1.15837,0,0,-1
defect4j,mockito,org/mockito/internal/util/Primitives,1,14,"    private static final Map<Class<?>, Object> PRIMITIVE_OR_WRAPPER_DEFAULT_VALUES = new HashMap<Class<?>, Object>();",2,0,0,1,2,3,0,12,0,17,113,2,1.15556,0,0,-1
defect4j,mockito,org/mockito/internal/util/Primitives,1,58,"        PRIMITIVE_TYPES.put(Boolean.class, Boolean.TYPE);",4,0,0,1,2,0,4,2,0,10,49,5,1.15556,0,0,-1
defect4j,mockito,org/mockito/internal/util/Primitives,1,59,"        PRIMITIVE_TYPES.put(Character.class, Character.TYPE);",4,0,0,1,2,0,4,2,0,10,53,5,1.15556,0,0,-1
defect4j,mockito,org/mockito/internal/util/Primitives,1,61,"        PRIMITIVE_TYPES.put(Short.class, Short.TYPE);",4,0,0,1,2,0,4,2,0,10,45,5,1.15556,0,0,-1
defect4j,mockito,org/mockito/internal/util/Primitives,1,62,"        PRIMITIVE_TYPES.put(Integer.class, Integer.TYPE);",4,0,0,1,2,0,4,2,0,10,49,5,1.15556,0,0,-1
defect4j,mockito,org/mockito/internal/util/Primitives,1,63,"        PRIMITIVE_TYPES.put(Long.class, Long.TYPE);",4,0,0,1,2,0,4,2,0,10,43,5,1.15556,0,0,-1
defect4j,mockito,org/mockito/internal/util/Primitives,1,64,"        PRIMITIVE_TYPES.put(Float.class, Float.TYPE);",4,0,0,1,2,0,4,2,0,10,45,5,1.15556,0,0,-1
defect4j,mockito,org/mockito/internal/util/Primitives,1,65,"        PRIMITIVE_TYPES.put(Double.class, Double.TYPE);",4,0,0,1,2,0,4,2,0,10,47,5,1.15556,0,0,-1
defect4j,mockito,org/mockito/internal/util/Primitives,1,69,"        PRIMITIVE_OR_WRAPPER_DEFAULT_VALUES.put(Boolean.class, false);",2,0,0,1,2,0,4,2,0,8,62,4,1.15556,0,0,-1
defect4j,mockito,org/mockito/internal/util/Primitives,1,70,"        PRIMITIVE_OR_WRAPPER_DEFAULT_VALUES.put(Character.class, '\u0000');",4,0,0,1,2,0,0,0,0,5,67,4,1.15556,0,0,-1
defect4j,mockito,org/mockito/internal/util/Primitives,1,71,"        PRIMITIVE_OR_WRAPPER_DEFAULT_VALUES.put(Byte.class, (byte) 0);",0,0,0,2,4,0,4,2,0,6,62,5,1.15556,0,0,-1
defect4j,mockito,org/mockito/internal/util/Primitives,1,73,"        PRIMITIVE_OR_WRAPPER_DEFAULT_VALUES.put(Integer.class, 0);",2,0,0,1,2,0,2,4,0,8,58,4,1.15556,0,0,-1
defect4j,mockito,org/mockito/internal/util/Primitives,1,74,"        PRIMITIVE_OR_WRAPPER_DEFAULT_VALUES.put(Long.class, 0L);",0,0,0,1,2,0,8,0,0,8,56,9,1.15556,0,0,-1
defect4j,mockito,org/mockito/internal/util/Primitives,1,75,"        PRIMITIVE_OR_WRAPPER_DEFAULT_VALUES.put(Float.class, 0F);",8,0,0,1,2,2,10,22,0,42,57,1,1.15556,0,0,-1
defect4j,mockito,org/mockito/internal/util/Primitives,1,76,"        PRIMITIVE_OR_WRAPPER_DEFAULT_VALUES.put(Double.class, 0D);",0,0,0,1,2,0,4,2,0,6,58,5,1.15556,0,0,-1
defect4j,mockito,org/mockito/internal/util/Primitives,1,80,"        PRIMITIVE_OR_WRAPPER_DEFAULT_VALUES.put(byte.class, (byte) 0);",6,0,0,2,4,1,4,2,0,13,62,1,1.15556,0,0,-1
defect4j,mockito,org/mockito/internal/util/Primitives,1,86,    },0,0,0,0,1,0,10,0,0,10,1,5,1.15556,0,0,-1
defect4j,mockito,org/mockito/internal/MockitoCore,1,80,        return (OngoingStubbing) stub();,0,0,0,2,4,1,2,2,0,4,32,5,1.14798,0,0,-1
defect4j,mockito,org/mockito/internal/stubbing/InvocationContainerImpl,1,46,    },2,0,0,0,1,0,0,0,0,2,1,4,1.14189,0,0,-1
defect4j,mockito,org/mockito/internal/handler/MockHandlerImpl,1,98,"            new AnswersValidator().validateDefaultAnswerReturnedValue(invocation, ret);",0,0,0,2,4,0,6,2,0,8,75,7,1.14189,0,0,-1
defect4j,mockito,org/mockito/internal/handler/MockHandlerImpl,1,97,            Object ret = mockSettings.getDefaultAnswer().answer(invocation);,0,0,0,2,4,0,0,0,0,1,64,4,1.13997,0,0,-1
defect4j,mockito,org/mockito/internal/invocation/InvocationMatcher,1,52,        return this.matchers;,2,0,0,0,0,3,0,8,0,12,21,2,1.13843,0,0,-1
defect4j,mockito,org/mockito/internal/stubbing/answers/AnswersValidator,1,94,        if (returnedValue != null && !methodInfo.isValidReturnType(returnedValue.getClass())) {,2,2,0,3,7,0,8,0,0,13,87,4,1.13613,0,0,-1
defect4j,mockito,org/mockito/internal/creation/settings/CreationSettings,1,81,        return defaultAnswer;,2,0,0,0,0,1,0,0,0,2,21,4,1.12479,0,0,-1
defect4j,mockito,org/mockito/internal/stubbing/InvocationContainerImpl,1,87,        return null;,6,0,0,0,0,1,4,2,0,13,12,3,1.12479,0,0,-1
defect4j,mockito,org/mockito/internal/verification/DefaultRegisteredInvocations,1,31,        synchronized (invocations) {,2,0,0,1,3,0,4,0,0,6,28,3,1.12281,0,0,-1
defect4j,mockito,org/mockito/internal/verification/DefaultRegisteredInvocations,1,33,                invocations.removeLast();,0,0,0,1,2,0,4,0,0,4,25,9,1.12281,0,0,-1
defect4j,mockito,org/mockito/internal/creation/DelegatingMethod,1,26,        return method;,2,0,0,0,0,1,0,0,0,2,14,4,1.07987,0,0,-1
defect4j,mockito,org/mockito/internal/handler/MockHandlerImpl,1,91,        StubbedInvocationMatcher stubbedInvocation = invocationContainerImpl.findAnswerFor(invocation);,2,0,0,1,2,0,6,2,0,10,95,4,1.07815,0,0,-1
defect4j,mockito,org/mockito/internal/handler/MockHandlerImpl,1,93,        if (stubbedInvocation != null) {,2,1,0,1,3,0,0,0,0,3,32,4,1.07815,0,0,-1
defect4j,mockito,org/mockito/internal/handler/NullResultGuardian,1,29,        Object result = delegate.handle(invocation);,2,0,0,1,2,0,6,2,0,10,44,4,1.06793,0,0,-1
defect4j,mockito,org/mockito/internal/handler/NullResultGuardian,1,30,        Class<?> returnType = invocation.getMethod().getReturnType();,2,0,0,2,4,0,6,2,0,10,61,4,1.06793,0,0,-1
defect4j,mockito,org/mockito/internal/handler/InvocationNotifierHandler,1,37,            Object returnedValue = mockHandler.handle(invocation);,2,0,0,1,2,0,6,2,0,10,54,6,1.06793,0,0,-1
defect4j,mockito,org/mockito/internal/handler/InvocationNotifierHandler,1,39,            return returnedValue;,2,0,0,0,0,1,0,0,0,2,21,6,1.06793,0,0,-1
defect4j,mockito,org/mockito/internal/handler/InvocationNotifierHandler,1,48,        for (InvocationListener listener : invocationListeners) {,4,0,0,1,3,0,0,2,0,6,57,4,1.06793,0,0,-1
defect4j,mockito,org/mockito/internal/stubbing/BaseStubbing,1,14,"public abstract class BaseStubbing<T> implements OngoingStubbing<T>, DeprecatedOngoingStubbing<T> {",4,0,0,0,1,2,0,8,0,14,99,1,1.06457,0,0,-1
defect4j,mockito,org/mockito/internal/stubbing/OngoingStubbingImpl,1,19,    public OngoingStubbingImpl(InvocationContainerImpl invocationContainerImpl) {,6,1,0,1,3,1,0,4,0,12,77,2,1.06457,0,0,-1
defect4j,mockito,org/mockito/internal/stubbing/OngoingStubbingImpl,1,21,    },2,0,0,0,1,0,0,4,0,6,1,6,1.06457,0,0,-1
defect4j,mockito,org/mockito/internal/progress/ThreadSafeMockingProgress,1,28,        threadSafely().reportOngoingStubbing(iOngoingStubbing);,0,0,0,2,4,0,6,0,0,6,55,5,1.06457,0,0,-1
defect4j,mockito,org/mockito/internal/progress/ThreadSafeMockingProgress,1,29,    },4,0,0,0,1,0,4,2,0,10,1,5,1.06457,0,0,-1
defect4j,mockito,org/mockito/internal/handler/MockHandlerImpl,1,86,        invocationContainerImpl.setInvocationForPotentialStubbing(invocationMatcher);,2,0,0,1,2,0,6,0,0,8,77,3,1.06457,0,0,-1
defect4j,mockito,org/mockito/internal/handler/MockHandlerImpl,1,87,        OngoingStubbingImpl<T> ongoingStubbing = new OngoingStubbingImpl<T>(invocationContainerImpl);,8,0,0,1,2,0,4,10,0,22,93,3,1.06457,0,0,-1
defect4j,mockito,org/mockito/internal/util/Timer,2,7,    private long startTime = -1;,8,1,0,0,0,1,0,4,0,15,28,1,0.75,1,1,-1
defect4j,mockito,org/mockito/internal/util/Timer,2,9,    public Timer(long durationMillis) {,4,0,0,1,3,1,0,0,0,5,35,2,0.75,1,1,-1
defect4j,mockito,org/mockito/internal/util/Timer,2,10,        this.durationMillis = durationMillis;,4,0,0,0,0,0,0,0,0,5,37,4,0.75,0,0,-1
defect4j,mockito,org/mockito/internal/util/Timer,2,4,public class Timer {,2,0,0,0,1,1,0,0,0,3,20,1,0.52941,1,1,-1
defect4j,mockito,org/mockito/verification/VerificationWrapper,2,11,        this.wrappedVerification = wrappedVerification;,4,0,0,0,0,0,0,0,0,5,47,4,0.44444,0,0,-1
defect4j,mockito,org/mockito/internal/verification/VerificationModeFactory,2,25,        return new Times(wantedNumberOfInvocations);,2,0,0,1,2,1,0,2,0,4,44,5,0.4,0,0,-1
defect4j,mockito,org/mockito/internal/verification/Times,2,26,    public Times(int wantedNumberOfInvocations) {,6,0,0,1,3,1,2,0,0,9,45,1,0.4,0,0,-1
defect4j,mockito,org/mockito/internal/verification/Times,2,27,        if (wantedNumberOfInvocations < 0) {,2,1,0,1,3,0,0,0,0,3,36,4,0.4,0,0,-1
defect4j,mockito,org/mockito/internal/verification/VerificationOverTimeImpl,2,37,"        this(pollingPeriodMillis, durationMillis, delegate, returnOnSuccess, new Timer(durationMillis));",10,0,0,2,4,0,0,2,0,12,96,4,0.36364,0,0,-1
defect4j,mockito,org/mockito/internal/configuration/plugins/DefaultPluginSwitch,2,5,class DefaultPluginSwitch implements PluginSwitch {,2,0,0,0,1,0,0,2,0,4,51,1,0.33333,0,0,-1
defect4j,mockito,org/mockito/internal/configuration/plugins/PluginRegistry,2,7,class PluginRegistry {,2,0,0,0,1,0,0,0,0,2,22,1,0.33333,0,0,-1
defect4j,mockito,org/mockito/internal/configuration/plugins/PluginRegistry,2,9,    private final PluginSwitch pluginSwitch,2,0,0,0,0,2,0,2,0,6,39,2,0.33333,0,0,-1
defect4j,mockito,org/mockito/internal/configuration/plugins/Plugins,2,11,    private static PluginRegistry registry = new PluginRegistry();,2,0,0,1,2,2,0,4,0,8,62,2,0.33333,0,0,-1
defect4j,mockito,org/mockito/internal/configuration/plugins/PluginFinder,2,14,    public PluginFinder(PluginSwitch pluginSwitch) {,4,0,0,1,3,1,0,2,0,7,48,2,0.33333,0,0,-1
defect4j,mockito,org/mockito/internal/progress/ThreadSafeMockingProgress,2,15,"public class ThreadSafeMockingProgress implements MockingProgress, Serializable {",2,0,0,0,1,1,0,4,0,7,81,1,0.33333,0,0,-1
defect4j,mockito,org/mockito/internal/util/collections/Iterables,2,16,        List<T> out = new LinkedList<T>();,2,0,0,1,2,0,0,8,0,10,34,4,0.33333,0,0,-1
defect4j,mockito,org/mockito/internal/configuration/plugins/PluginLoader,2,16,    public PluginLoader(PluginSwitch pluginSwitch) {,4,0,0,1,3,1,0,2,0,7,48,2,0.33333,0,0,-1
defect4j,mockito,org/mockito/internal/configuration/plugins/PluginFinder,2,16,    },8,0,0,0,1,0,0,0,0,10,1,4,0.33333,0,0,-1
defect4j,mockito,org/mockito/internal/progress/ThreadSafeMockingProgress,2,18,    private static final ThreadLocal<MockingProgress> mockingProgress = new ThreadLocal<MockingProgress>();,2,0,0,1,2,3,0,8,0,13,103,2,0.33333,0,0,-1
defect4j,mockito,org/mockito/internal/util/collections/Iterables,2,20,        return out;,2,0,0,0,0,1,0,0,0,2,11,4,0.33333,0,0,-1
defect4j,mockito,org/mockito/verification/After,2,20,"        this(10, delayMillis, verificationMode);",4,0,0,1,2,2,0,2,0,8,40,1,0.33333,0,0,-1
defect4j,mockito,org/mockito/internal/util/MockUtil,2,22,public class MockUtil {,2,0,0,0,1,1,0,0,0,3,23,1,0.33333,0,0,-1
defect4j,mockito,org/mockito/verification/After,2,24,"        super(new VerificationOverTimeImpl(pollingPeriod, delayMillis, verificationMode, false));",2,0,0,2,4,0,0,4,0,6,89,4,0.33333,0,0,-1
defect4j,mockito,org/mockito/internal/configuration/plugins/PluginLoader,2,24,        T plugin = loadImpl(pluginType);,2,0,0,1,2,0,4,2,0,8,32,4,0.33333,0,0,-1
defect4j,mockito,org/mockito/internal/configuration/plugins/PluginLoader,2,33,            return pluginType.cast(Class.forName(defaultPluginClassName).newInstance());,0,0,0,3,6,1,12,0,0,12,76,7,0.33333,0,0,-1
defect4j,mockito,org/mockito/internal/configuration/plugins/PluginFinder,2,39,        return null;,4,0,0,0,0,1,0,0,0,5,12,5,0.33333,0,0,-1
defect4j,mockito,org/mockito/internal/configuration/plugins/PluginLoader,2,46,        ClassLoader loader = Thread.currentThread().getContextClassLoader();,2,0,0,2,4,0,10,2,0,15,68,3,0.33333,0,0,-1
defect4j,mockito,org/mockito/internal/configuration/plugins/PluginLoader,2,47,        if (loader == null) {,2,1,0,1,3,0,8,0,0,12,21,3,0.33333,0,0,-1
defect4j,mockito,org/mockito/internal/configuration/plugins/PluginLoader,2,52,"            resources = loader.getResources(""mockito-extensions/"" + service.getName());",4,0,0,2,4,0,0,4,0,8,75,6,0.33333,0,0,-1
defect4j,mockito,org/mockito/exceptions/Reporter,2,54,public class Reporter {,2,0,0,0,1,1,0,0,0,3,23,1,0.33333,0,0,-1
defect4j,mockito,org/mockito/internal/configuration/plugins/PluginLoader,2,55,        },8,0,0,0,1,2,6,6,0,24,1,1,0.33333,0,0,-1
defect4j,mockito,org/mockito/internal/configuration/plugins/PluginLoader,2,58,            String foundPluginClass = new PluginFinder(pluginSwitch).findPluginClass(Iterables.toIterable(resources));,4,0,0,3,6,0,0,8,0,12,106,4,0.33333,0,0,-1
defect4j,mockito,org/mockito/internal/configuration/plugins/PluginLoader,2,59,            if (foundPluginClass != null) {,4,0,0,1,3,3,0,18,0,25,31,1,0.33333,0,0,-1
defect4j,mockito,org/mockito/Mockito,2,2203,"        return new After(millis, VerificationModeFactory.times(1));",4,0,0,2,4,1,4,2,0,10,59,4,0.33333,0,0,-1
defect4j,mockito,org/mockito/internal/verification/VerificationOverTimeImpl,2,52,"    public VerificationOverTimeImpl(long pollingPeriodMillis, long durationMillis, VerificationMode delegate, boolean returnOnSuccess, Timer timer) {",4,1,0,1,3,0,8,4,0,17,145,4,0.30769,0,0,-1
defect4j,mockito,org/mockito/internal/verification/VerificationOverTimeImpl,2,53,        this.pollingPeriodMillis = pollingPeriodMillis;,4,0,0,0,0,0,0,0,0,5,47,4,0.30769,0,0,-1
defect4j,mockito,org/mockito/internal/verification/VerificationOverTimeImpl,2,57,        this.timer = timer;,2,0,0,0,0,0,0,0,0,2,19,4,0.30769,0,0,-1
defect4j,mockito,org/mockito/internal/verification/VerificationOverTimeImpl,2,58,    },0,0,0,0,1,0,4,0,0,4,1,5,0.30769,0,0,-1
defect4j,mockito,org/mockito/verification/Timeout,2,25,"        this(10, millis, delegate);",4,0,0,1,2,0,0,0,0,4,27,4,0.16667,0,0,-1
defect4j,mockito,org/mockito/Mockito,2,2163,"        return new Timeout(millis, VerificationModeFactory.times(1));",2,0,0,2,4,1,4,2,0,8,61,5,0.16667,0,0,-1
defect4j,mockito,org/mockito/internal/stubbing/defaultanswers/ReturnsMocks,2,14,"public class ReturnsMocks implements Answer<Object>, Serializable {",2,0,0,0,1,1,0,6,0,9,67,1,0.15385,0,0,-1
defect4j,mockito,org/mockito/internal/stubbing/defaultanswers/GloballyConfiguredAnswer,2,19,"public class GloballyConfiguredAnswer implements Answer<Object>, Serializable {",4,0,0,0,1,1,6,8,0,19,79,1,0.15385,0,0,-1
defect4j,mockito,org/mockito/internal/stubbing/defaultanswers/ReturnsSmartNulls,2,36,"public class ReturnsSmartNulls implements Answer<Object>, Serializable {",2,0,0,0,1,1,0,6,0,9,72,1,0.15385,0,0,-1
defect4j,mockito,org/mockito/internal/stubbing/defaultanswers/ReturnsSmartNulls,2,40,    private final Answer<Object> delegate = new ReturnsMoreEmptyValues();,4,1,0,1,2,2,0,6,0,13,69,1,0.15385,0,0,-1
defect4j,mockito,org/mockito/internal/MockitoCore,2,41,public class MockitoCore {,2,0,0,0,1,1,0,0,0,3,26,1,0.15385,0,0,-1
defect4j,mockito,org/mockito/internal/MockitoCore,2,43,    private final Reporter reporter = new Reporter();,6,0,0,1,2,2,0,8,0,16,49,1,0.15385,0,0,-1
defect4j,mockito,org/mockito/internal/stubbing/defaultanswers/ReturnsDeepStubs,2,43,"public class ReturnsDeepStubs implements Answer<Object>, Serializable {",2,0,0,0,1,1,0,6,0,9,71,1,0.15385,0,0,-1
defect4j,mockito,org/mockito/Answers,2,43,"    RETURNS_SMART_NULLS(new ReturnsSmartNulls()),",2,0,0,2,4,0,0,2,0,4,45,2,0.15385,0,0,-1
defect4j,mockito,org/mockito/internal/MockitoCore,2,44,    private final MockUtil mockUtil = new MockUtil();,6,0,0,1,2,2,8,6,0,22,49,1,0.15385,0,0,-1
defect4j,mockito,org/mockito/internal/MockitoCore,2,45,    private final MockingProgress mockingProgress = new ThreadSafeMockingProgress();,2,0,0,1,2,2,0,4,0,8,80,2,0.15385,0,0,-1
defect4j,mockito,org/mockito/internal/stubbing/defaultanswers/ReturnsMoreEmptyValues,2,48,"public class ReturnsMoreEmptyValues implements Answer<Object>, Serializable {",2,0,0,0,1,1,0,6,0,9,77,1,0.15385,0,0,-1
defect4j,mockito,org/mockito/Answers,2,52,"    RETURNS_MOCKS(new ReturnsMocks()),",2,0,0,2,4,0,0,0,0,2,34,4,0.15385,0,0,-1
defect4j,mockito,org/mockito/internal/stubbing/defaultanswers/ReturnsEmptyValues,2,54,"public class ReturnsEmptyValues implements Answer<Object>, Serializable {",2,0,0,0,1,1,0,6,0,9,73,1,0.15385,0,0,-1
defect4j,mockito,org/mockito/internal/stubbing/defaultanswers/ReturnsSmartNulls,2,55,    private static class ThrowsSmartNullPointer implements Answer {,4,1,0,0,1,0,4,2,0,11,63,3,0.15385,0,0,-1
defect4j,mockito,org/mockito/internal/stubbing/defaultanswers/ReturnsEmptyValues,2,57,    ObjectMethodsGuru methodsGuru = new ObjectMethodsGuru();,6,2,0,1,2,0,6,8,0,22,56,1,0.15385,0,0,-1
defect4j,mockito,org/mockito/Answers,2,62,"    RETURNS_DEEP_STUBS(new ReturnsDeepStubs()),",2,0,0,2,4,0,0,2,0,4,43,2,0.15385,0,0,-1
defect4j,mockito,org/mockito/Answers,2,71,    CALLS_REAL_METHODS(new CallsRealMethods()),2,0,0,2,4,0,0,2,0,4,42,2,0.15385,0,0,-1
defect4j,mockito,org/mockito/Answers,2,77,        this.implementation = implementation;,4,0,0,0,0,0,0,0,0,5,37,4,0.15385,0,0,-1
defect4j,mockito,org/mockito/Matchers,2,100,    private static final MockingProgress MOCKING_PROGRESS = new ThreadSafeMockingProgress();,2,0,0,1,2,3,0,4,0,9,88,2,0.15385,0,0,-1
defect4j,mockito,org/mockito/Mockito,2,975,    static final MockitoCore MOCKITO_CORE = new MockitoCore();,2,0,0,1,2,2,0,4,0,8,58,2,0.15385,0,0,-1
defect4j,mockito,org/mockito/Mockito,2,986,    public static final Answer<Object> RETURNS_DEFAULTS = Answers.RETURNS_DEFAULTS;,6,0,0,0,0,3,0,4,0,13,79,2,0.15385,0,0,-1
defect4j,mockito,org/mockito/internal/invocation/InvocationMatcher,3,130,                    ((CapturesArguments) m).captureFrom(invocation.getRawArguments()[position - indexOfVararg]);,6,1,0,5,10,0,6,2,0,15,92,11,4.76471,1,0,-1
defect4j,mockito,org/mockito/internal/invocation/InvocationMatcher,3,128,                Matcher m = matchers.get(position);,2,0,0,1,2,0,0,2,0,4,35,5,3.24,1,0,-1
defect4j,mockito,org/mockito/internal/invocation/InvocationMatcher,3,129,                if (m instanceof CapturesArguments) {,2,0,0,1,3,0,0,0,0,2,37,7,3.24,0,0,-1
defect4j,mockito,org/mockito/internal/invocation/InvocationMatcher,3,124,"                    ((CapturesArguments) m).captureFrom(invocation.getArgumentAt(position, Object.class));",2,0,0,4,8,0,6,2,0,10,86,10,1.77778,0,0,-1
defect4j,mockito,org/mockito/internal/invocation/ArgumentsProcessor,3,32,            varArgs = ArrayEquals.createObjectArray(args[nonVarArgsCount]);,2,0,1,2,4,0,4,0,0,11,63,6,1.6875,0,0,-1
defect4j,mockito,org/mockito/internal/matchers/LocalizedMatcher,3,63,            ((CapturesArguments) actualMatcher).captureFrom(argument);,2,0,0,3,6,0,4,2,0,8,58,7,1.63636,0,0,-1
defect4j,mockito,org/mockito/internal/matchers/ArrayEquals,3,67,        if (array instanceof Object[]) {,2,0,0,2,5,0,0,2,0,4,32,5,1.58824,0,0,-1
defect4j,mockito,org/mockito/internal/matchers/CapturingMatcher,3,19,    private final LinkedList<Object> arguments = new LinkedList<Object>();,2,0,0,1,2,2,0,8,0,12,70,2,1.58065,0,0,-1
defect4j,mockito,org/mockito/internal/matchers/CapturingMatcher,3,49,        this.arguments.add(argument);,10,0,0,1,2,0,14,4,0,28,29,1,1.56522,0,0,-1
defect4j,mockito,org/mockito/internal/matchers/CapturingMatcher,3,50,    },0,0,0,0,1,0,6,0,0,7,1,6,1.56522,0,0,-1
defect4j,mockito,org/mockito/internal/invocation/InvocationMatcher,3,122,                Matcher m = matchers.get(position);,2,0,0,1,2,0,6,2,0,10,35,8,1.5625,0,0,-1
defect4j,mockito,org/mockito/internal/invocation/InvocationMatcher,3,123,                if (m instanceof CapturesArguments) {,2,0,0,1,3,0,0,2,0,4,37,9,1.5625,0,0,-1
defect4j,mockito,org/mockito/internal/invocation/ArgumentsProcessor,3,28,        if (args[nonVarArgsCount] == null) {,0,1,1,2,5,0,0,0,0,5,36,4,1.55769,0,0,-1
defect4j,mockito,org/mockito/internal/invocation/ArgumentsProcessor,3,34,        final int varArgsCount = varArgs.length;,6,0,0,0,0,1,0,0,0,7,40,4,1.55769,0,0,-1
defect4j,mockito,org/mockito/internal/invocation/ArgumentsProcessor,3,35,        Object[] newArgs = new Object[nonVarArgsCount + varArgsCount];,6,1,0,2,4,0,0,4,0,11,62,4,1.55769,0,0,-1
defect4j,mockito,org/mockito/internal/invocation/ArgumentsProcessor,3,36,"        System.arraycopy(args, 0, newArgs, 0, nonVarArgsCount);",4,0,0,1,2,0,0,4,0,8,55,4,1.55769,0,0,-1
defect4j,mockito,org/mockito/internal/invocation/ArgumentsProcessor,3,37,"        System.arraycopy(varArgs, 0, newArgs, nonVarArgsCount, varArgsCount);",2,0,0,1,2,0,14,2,0,18,69,3,1.55769,0,0,-1
defect4j,mockito,org/mockito/internal/invocation/ArgumentsProcessor,3,38,        return newArgs;,2,0,0,0,0,1,0,0,0,2,15,4,1.55769,0,0,-1
defect4j,mockito,org/mockito/internal/util/collections/ArrayUtils,3,8,public class ArrayUtils {,2,0,0,0,1,1,0,0,0,3,25,1,1.5,0,0,-1
defect4j,mockito,org/mockito/internal/util/collections/ArrayUtils,3,11,        return array == null || array.length == 0;,14,3,0,0,0,1,0,4,0,21,42,3,1.5,0,0,-1
defect4j,mockito,org/mockito/ArgumentCaptor,3,91,        this.clazz = clazz;,2,0,0,0,0,0,4,2,0,8,19,4,1.2,0,0,-1
defect4j,mockito,org/mockito/Matchers,3,709,        return reportMatcher(matcher).<T>returnNull();,0,0,0,2,4,1,6,2,0,8,46,5,1.2,0,0,-1
defect4j,mockito,org/mockito/internal/invocation/ArgumentsComparator,3,55,                    actualMatcher = ((MatcherDecorator)m).getActualMatcher();,10,1,0,3,6,0,2,6,0,20,57,3,0.94118,0,0,-1
defect4j,mockito,org/mockito/internal/invocation/ArgumentsComparator,3,69,        return true;,4,0,0,0,0,1,0,0,0,5,12,3,0.94118,0,0,-1
defect4j,mockito,org/mockito/internal/matchers/LocalizedMatcher,3,69,        return actualMatcher;,2,0,0,0,0,1,0,0,0,2,21,4,0.94118,0,0,-1
defect4j,mockito,org/mockito/Matchers,3,259,        return anyObject();,0,0,0,1,2,1,2,0,0,2,19,5,0.9,0,0,-1
defect4j,mockito,org/mockito/internal/invocation/InvocationMatcher,3,133,        } else {,0,0,0,0,2,0,4,0,0,4,8,5,0.83333,0,0,-1
defect4j,mockito,org/mockito/internal/matchers/CapturingMatcher,3,45,        return (List) arguments;,2,0,0,1,2,1,0,2,0,4,24,5,0.81818,0,0,-1
defect4j,mockito,org/mockito/internal/invocation/ArgumentsComparator,3,54,                if (m instanceof MatcherDecorator) {,4,0,0,1,3,1,4,2,0,11,36,2,0.72727,0,0,-1
defect4j,mockito,org/mockito/internal/invocation/ArgumentsComparator,3,60,                if (!(actualMatcher instanceof VarargMatcher) || !actualMatcher.matches(rawArgs[i])) {,4,1,1,4,9,0,18,4,0,33,86,1,0.72727,0,0,-1
defect4j,mockito,org/mockito/internal/invocation/ArgumentsComparator,3,41,        Object[] rawArgs = actual.getRawArguments();,4,0,0,2,4,0,8,4,0,16,44,1,0.69444,0,0,-1
defect4j,mockito,org/mockito/internal/invocation/ArgumentsComparator,3,42,        List<Matcher> matchers = invocationMatcher.getMatchers();,2,0,0,1,2,0,4,4,0,10,57,4,0.69444,0,0,-1
defect4j,mockito,org/mockito/internal/invocation/ArgumentsComparator,3,44,        if (rawArgs.length != matchers.size()) {,8,1,0,2,5,0,4,2,0,16,40,3,0.69444,0,0,-1
defect4j,mockito,org/mockito/internal/invocation/ArgumentsComparator,3,48,        for (int i = 0; i < rawArgs.length; i++) {,10,1,0,1,3,0,0,0,0,12,42,4,0.64,0,0,-1
defect4j,mockito,org/mockito/internal/invocation/ArgumentsComparator,3,51,            if (rawArgs[i] != null && rawArgs[i].getClass().isArray() && i == rawArgs.length-1) {,8,5,1,5,11,0,4,0,0,25,85,3,0.64,0,0,-1
defect4j,mockito,org/mockito/internal/verification/Times,3,36,"            missingInvocation.check(data.getAllInvocations(), data.getWanted());",0,0,0,3,6,0,12,0,0,12,68,7,0.50394,0,0,-1
defect4j,mockito,org/mockito/internal/util/MockNameImpl,3,27,    public MockNameImpl(String mockName) {,4,0,0,1,3,1,0,2,0,7,38,2,0.46154,0,0,-1
defect4j,mockito,org/mockito/internal/util/MockNameImpl,3,28,        this.mockName = mockName;,4,0,0,0,0,0,0,0,0,5,25,4,0.46154,0,0,-1
defect4j,mockito,org/mockito/internal/util/MockNameImpl,3,29,    },2,2,0,0,1,0,10,0,0,16,1,3,0.46154,0,0,-1
defect4j,mockito,org/mockito/internal/configuration/injection/scanner/MockScanner,3,73,"            mockUtil.maybeRedefineMockName(instance, field.getName());",0,0,0,2,4,0,10,0,0,10,58,8,0.46154,0,0,-1
defect4j,mockito,org/mockito/internal/configuration/injection/scanner/MockScanner,3,74,            return instance;,2,0,0,0,0,1,8,2,0,12,16,5,0.46154,0,0,-1
defect4j,mockito,org/mockito/internal/util/MockUtil,3,82,        MockName mockName = getMockName(mock);,2,0,0,1,2,0,4,4,0,10,38,3,0.46154,0,0,-1
defect4j,mockito,org/mockito/internal/util/MockUtil,3,84,        if (mockName.isDefault() && getMockHandler(mock).getMockSettings() instanceof CreationSettings) {,0,0,0,4,9,0,0,0,0,13,97,4,0.46154,0,0,-1
defect4j,mockito,org/mockito/internal/util/MockUtil,3,85,            ((CreationSettings) getMockHandler(mock).getMockSettings()).setMockName(new MockNameImpl(newName));,2,0,0,6,12,0,8,4,0,14,99,7,0.46154,0,0,-1
defect4j,mockito,org/mockito/internal/verification/checkers/NumberOfInvocationsChecker,3,43,        } else if (wantedCount < actualCount) {,0,0,0,1,4,0,0,0,0,5,39,4,0.45714,0,0,-1
defect4j,mockito,org/mockito/internal/verification/Times,3,38,        NumberOfInvocationsChecker numberOfInvocations = new NumberOfInvocationsChecker();,2,0,0,1,2,0,0,4,0,6,82,4,0.4539,0,0,-1
defect4j,mockito,org/mockito/internal/verification/checkers/NumberOfInvocationsChecker,3,40,        } else if (wantedCount == 0 && actualCount > 0) {,12,4,0,1,4,1,6,2,0,26,49,2,0.43537,0,0,-1
defect4j,mockito,org/mockito/internal/verification/checkers/NumberOfInvocationsChecker,3,22,    private final InvocationMarker invocationMarker = new InvocationMarker();,2,0,0,1,2,2,0,4,0,8,73,2,0.43243,0,0,-1
defect4j,mockito,org/mockito/internal/verification/checkers/NumberOfInvocationsChecker,3,28,"    NumberOfInvocationsChecker(Reporter reporter, InvocationsFinder finder) {",6,0,0,1,3,0,0,4,0,10,73,2,0.43243,0,0,-1
defect4j,mockito,org/mockito/internal/verification/checkers/NumberOfInvocationsChecker,3,30,        this.finder = finder;,4,0,0,0,0,0,0,0,0,5,21,4,0.43243,0,0,-1
defect4j,mockito,org/mockito/internal/verification/checkers/NumberOfInvocationsChecker,3,34,"        List<Invocation> actualInvocations = finder.findInvocations(invocations, wanted);",2,0,0,1,2,0,8,4,0,14,81,4,0.43243,0,0,-1
defect4j,mockito,org/mockito/internal/verification/checkers/NumberOfInvocationsChecker,3,36,        int actualCount = actualInvocations.size();,2,0,0,1,2,0,4,0,0,6,43,5,0.43243,0,0,-1
defect4j,mockito,org/mockito/internal/verification/checkers/NumberOfInvocationsChecker,3,37,        if (wantedCount > actualCount) {,4,1,0,1,3,0,0,0,0,5,32,4,0.43243,0,0,-1
defect4j,mockito,org/mockito/internal/matchers/ArrayEquals,3,70,        Object[] result = new Object[Array.getLength(array)];,0,0,0,3,6,0,4,4,0,8,53,5,0.4,0,0,-1
defect4j,mockito,org/mockito/internal/matchers/LocalizedMatcher,3,24,        this.location = new LocationImpl();,2,0,0,1,2,0,0,2,0,5,35,4,0.39706,0,0,-1
defect4j,mockito,org/mockito/internal/util/MockNameImpl,3,42,        return defaultName;,4,0,0,0,0,1,4,2,0,10,19,3,0.36735,0,0,-1
defect4j,mockito,org/mockito/internal/progress/HandyReturnValues,3,40,        return null;,2,1,0,0,0,1,6,2,0,13,12,5,0.36571,0,0,-1
defect4j,mockito,org/mockito/internal/verification/Times,3,35,            MissingInvocationChecker missingInvocation = new MissingInvocationChecker();,2,0,0,1,2,0,6,4,0,12,76,5,0.36158,0,0,-1
defect4j,mockito,org/mockito/Matchers,3,200,        return (T) reportMatcher(Any.ANY).returnNull();,18,0,0,3,6,4,8,10,0,41,47,1,0.34615,0,0,-1
defect4j,mockito,org/mockito/internal/verification/checkers/MissingInvocationChecker,3,23,"        this(new InvocationsFinder(), new Reporter());",0,0,0,3,6,0,0,4,0,4,46,6,0.34225,0,0,-1
defect4j,mockito,org/mockito/internal/verification/checkers/MissingInvocationChecker,3,24,    },4,0,0,0,1,1,0,2,0,7,1,2,0.34225,0,0,-1
defect4j,mockito,org/mockito/internal/verification/checkers/MissingInvocationChecker,3,32,"        List<Invocation> actualInvocations = finder.findInvocations(invocations, wanted);",10,0,0,1,2,0,20,4,0,36,81,3,0.34043,0,0,-1
defect4j,mockito,org/mockito/Matchers,3,809,        return MOCKING_PROGRESS.getArgumentMatcherStorage().reportMatcher(matcher);,0,0,0,2,4,1,8,0,0,8,75,5,0.34043,0,0,-1
defect4j,mockito,org/mockito/internal/verification/Times,3,34,        if (wantedCount > 0) {,2,1,0,1,3,0,0,0,0,3,22,4,0.33684,0,0,-1
defect4j,mockito,org/mockito/internal/verification/checkers/MissingInvocationChecker,3,26,"    MissingInvocationChecker(InvocationsFinder finder, Reporter reporter) {",6,0,0,1,3,0,0,4,0,10,71,2,0.33333,0,0,-1
defect4j,mockito,org/mockito/internal/verification/checkers/MissingInvocationChecker,3,28,        this.reporter = reporter;,4,0,0,0,0,0,0,0,0,5,25,4,0.33333,0,0,-1
defect4j,mockito,org/mockito/internal/invocation/MatchersBinder,3,32,            int recordedMatchersSize = lastMatchers.size();,2,0,0,1,2,0,4,0,0,6,47,7,0.32323,0,0,-1
defect4j,mockito,org/mockito/internal/invocation/MatchersBinder,3,33,            int expectedMatchersSize = invocation.getArguments().length;,4,0,0,1,2,0,4,0,0,8,60,7,0.32323,0,0,-1
defect4j,mockito,org/mockito/internal/invocation/MatchersBinder,3,34,            if (expectedMatchersSize != recordedMatchersSize) {,4,1,0,1,3,0,0,0,0,5,51,6,0.32323,0,0,-1
defect4j,mockito,org/mockito/internal/progress/ArgumentMatcherStorageImpl,3,44,        List<LocalizedMatcher> matchers = new ArrayList<LocalizedMatcher>(matcherStack);,4,0,0,1,2,0,0,8,0,12,80,4,0.32323,0,0,-1
defect4j,mockito,org/mockito/internal/progress/ArgumentMatcherStorageImpl,3,46,        return (List) matchers;,2,0,0,1,2,1,0,2,0,4,23,5,0.32323,0,0,-1
defect4j,mockito,org/mockito/internal/progress/ArgumentMatcherStorageImpl,3,33,        return new HandyReturnValues();,4,0,0,1,2,1,0,0,0,5,31,4,0.31527,0,0,-1
defect4j,mockito,org/mockito/internal/invocation/InvocationMatcher,3,33,            this.matchers = matchers;,4,0,0,0,0,0,0,0,0,5,25,6,0.29779,1,1,-1
defect4j,mockito,org/mockito/internal/invocation/InvocationsFinder,3,20,"        return ListUtil.filter(invocations, new RemoveNotMatching(wanted));",2,0,0,2,4,1,6,2,0,10,67,5,0.28444,0,0,-1
defect4j,mockito,org/mockito/internal/invocation/InvocationMarker,3,15,        for (Invocation invocation : invocations) {,4,0,0,1,3,0,0,2,0,6,43,4,0.25498,0,0,-1
defect4j,mockito,org/mockito/internal/progress/HandyReturnValues,3,13,public class HandyReturnValues {,2,0,0,0,1,1,0,0,0,3,32,1,0.25077,0,0,-1
defect4j,mockito,org/mockito/internal/verification/DefaultRegisteredInvocations,3,55,            return new ObjectMethodsGuru().isToString(invocation.getMethod());,0,0,0,3,6,1,8,2,0,10,66,1,0.23276,0,0,-1
defect4j,mockito,org/mockito/internal/invocation/InvocationMarker,3,12,public class InvocationMarker {,6,1,0,0,1,1,4,4,0,16,31,1,0.21843,0,0,-1
defect4j,mockito,org/mockito/internal/util/collections/ListUtil,3,17,                filtered.add(t);,0,0,0,1,2,0,6,0,0,6,16,9,0.21774,0,0,-1
defect4j,mockito,org/mockito/internal/verification/DefaultRegisteredInvocations,3,40,        synchronized (invocations) {,2,0,0,1,3,0,0,0,0,2,28,4,0.216,0,0,-1
defect4j,mockito,org/mockito/internal/verification/DefaultRegisteredInvocations,3,41,            copiedList = new LinkedList<Invocation>(invocations) ;,2,0,0,1,2,0,0,0,0,2,54,4,0.216,0,0,-1
defect4j,mockito,org/mockito/internal/verification/DefaultRegisteredInvocations,3,44,"        return ListUtil.filter(copiedList, new RemoveToString());",4,1,0,2,4,1,6,4,0,18,57,1,0.216,0,0,-1
defect4j,mockito,org/mockito/internal/util/collections/ListUtil,3,16,            if (!filter.isOut(t)) {,0,0,0,2,5,0,6,0,0,7,23,6,0.21204,0,0,-1
defect4j,mockito,org/mockito/internal/matchers/LocalizedMatcher,3,32,        return actualMatcher.matches(item);,4,0,0,1,2,1,6,0,0,11,35,3,0.20571,0,0,-1
defect4j,mockito,org/mockito/internal/invocation/InvocationsFinder,3,145,            return !wanted.matches(invocation);,0,1,0,1,2,1,20,2,0,26,35,1,0.20253,0,0,-1
defect4j,mockito,org/mockito/internal/verification/VerificationModeFactory,3,25,        return new Times(wantedNumberOfInvocations);,2,0,0,1,2,1,0,2,0,4,44,5,0.19938,0,0,-1
defect4j,mockito,org/mockito/internal/verification/Times,3,30,        this.wantedCount = wantedNumberOfInvocations;,4,0,0,0,0,0,0,0,0,5,45,4,0.19938,0,0,-1
defect4j,mockito,org/mockito/internal/util/collections/ListUtil,3,15,        for (T t : collection) {,4,0,0,1,3,0,0,2,0,6,24,4,0.19804,0,0,-1
defect4j,mockito,org/mockito/internal/util/collections/ListUtil,3,20,        return filtered;,0,0,0,0,0,1,10,0,0,11,16,5,0.19804,0,0,-1
defect4j,mockito,org/mockito/internal/verification/VerificationDataImpl,3,43,    },0,0,0,0,1,0,6,0,0,6,1,7,0.19512,0,0,-1
defect4j,mockito,org/mockito/internal/handler/MockHandlerImpl,3,75,"                VerificationDataImpl data = createVerificationData(invocationContainerImpl, invocationMatcher);",2,0,0,1,2,0,6,2,0,10,95,8,0.19512,0,0,-1
defect4j,mockito,org/mockito/internal/handler/MockHandlerImpl,3,132,"        return new VerificationDataImpl(invocationContainerImpl, invocationMatcher);",6,0,0,1,2,2,10,6,0,23,76,1,0.19512,0,0,-1
defect4j,mockito,org/mockito/internal/verification/MockAwareVerificationMode,3,25,        return mock;,2,0,0,0,0,1,0,0,0,2,12,4,0.19394,0,0,-1
defect4j,mockito,org/mockito/internal/verification/VerificationDataImpl,3,40,        if (o.isToString(wanted.getMethod())) {,0,0,0,3,7,0,12,0,0,12,39,4,0.19394,0,0,-1
defect4j,mockito,org/mockito/internal/debugging/Localized,3,21,        return object;,2,0,0,0,0,1,0,0,0,2,14,4,0.19277,0,0,-1
defect4j,mockito,org/mockito/internal/progress/MockingProgressImpl,3,58,        verificationMode = null;,2,0,0,0,0,0,0,0,0,3,24,4,0.19277,0,0,-1
defect4j,mockito,org/mockito/internal/progress/MockingProgressImpl,3,59,        return temp;,10,0,0,0,0,1,18,2,0,32,12,1,0.19277,0,0,-1
defect4j,mockito,org/mockito/internal/invocation/InvocationsFinder,3,140,        private RemoveNotMatching(InvocationMatcher wanted) {,4,0,0,1,3,1,0,2,0,7,53,3,0.19219,0,0,-1
defect4j,mockito,org/mockito/internal/invocation/InvocationsFinder,3,141,            this.wanted = wanted;,4,0,0,0,0,0,0,0,0,5,21,5,0.19219,0,0,-1
defect4j,mockito,org/mockito/internal/MockitoCore,3,89,"        mockingProgress.verificationStarted(new MockAwareVerificationMode(mock, mode));",4,0,0,2,4,0,4,2,0,10,79,5,0.18879,0,0,-1
defect4j,mockito,org/mockito/internal/progress/ThreadSafeMockingProgress,3,37,    },0,0,0,0,1,0,8,0,0,8,1,7,0.18824,0,0,-1
defect4j,mockito,org/mockito/internal/debugging/Localized,3,15,    public Localized(T object) {,4,0,0,1,3,1,10,2,0,17,28,2,0.18713,0,0,-1
defect4j,mockito,org/mockito/internal/progress/MockingProgressImpl,3,42,        verificationMode = new Localized(verify);,4,0,0,1,2,0,0,2,0,7,41,4,0.18713,0,0,-1
defect4j,mockito,org/mockito/internal/verification/MockAwareVerificationMode,3,17,        this.mode = mode;,4,0,0,0,0,0,0,0,0,5,17,4,0.18497,0,0,-1
defect4j,mockito,org/mockito/internal/verification/MockAwareVerificationMode,3,18,    },0,0,0,0,1,0,4,4,0,8,1,5,0.18497,0,0,-1
defect4j,mockito,org/mockito/internal/verification/VerificationDataImpl,3,24,        this.assertWantedIsVerifiable();,0,1,0,1,2,0,10,2,0,13,32,3,0.18391,0,0,-1
defect4j,mockito,org/mockito/internal/verification/VerificationDataImpl,3,21,"    public VerificationDataImpl(InvocationContainer invocations, InvocationMatcher wanted) {",6,0,0,1,3,1,0,4,0,11,88,2,0.18286,0,0,-1
defect4j,mockito,org/mockito/internal/verification/VerificationDataImpl,3,22,        this.invocations = invocations;,2,0,0,0,0,3,0,2,0,7,31,2,0.18286,0,0,-1
defect4j,mockito,org/mockito/internal/verification/VerificationDataImpl,3,23,        this.wanted = wanted;,4,0,0,0,0,0,0,0,0,5,21,4,0.18286,0,0,-1
defect4j,mockito,org/mockito/internal/MockitoCore,3,86,        } else if (!mockUtil.isMock(mock)) {,0,0,0,2,6,0,6,0,0,7,36,5,0.18182,0,0,-1
defect4j,mockito,org/mockito/internal/MockitoCore,3,84,        if (mock == null) {,8,2,0,1,3,0,0,10,0,20,19,3,0.1813,0,0,-1
defect4j,mockito,org/mockito/ArgumentCaptor,3,119,        return this.capturingMatcher.getLastValue();,2,0,0,1,2,1,2,0,0,4,44,5,0.17391,0,0,-1
defect4j,mockito,org/mockito/internal/invocation/ArgumentsProcessor,3,47,                matchers.add(new Equals(arg));,2,0,0,2,4,0,4,2,0,8,30,9,0.17382,0,0,-1
defect4j,mockito,org/mockito/internal/invocation/ArgumentsProcessor,3,44,            if (arg != null && arg.getClass().isArray()) {,2,2,0,3,7,0,6,0,0,10,46,6,0.17234,0,0,-1
defect4j,mockito,org/mockito/internal/matchers/Equals,3,19,    public Equals(Object wanted) {,4,0,0,1,3,1,0,2,0,7,30,2,0.17017,0,0,-1
defect4j,mockito,org/mockito/internal/matchers/Equals,3,20,        this.wanted = wanted;,4,0,0,0,0,0,0,0,0,5,21,4,0.17017,0,0,-1
defect4j,mockito,org/mockito/internal/invocation/InvocationMatcher,3,105,        		if (params1[i] != params2[i]),0,1,1,3,6,0,0,0,0,9,29,10,0.16452,0,0,-1
defect4j,mockito,org/mockito/internal/invocation/InvocationsFinder,3,17,public class InvocationsFinder {,2,0,0,0,1,1,0,0,0,3,32,1,0.1641,0,0,-1
defect4j,mockito,org/mockito/internal/invocation/InvocationsFinder,3,149,    private static class RemoveUnverifiedInOrder implements Filter<Invocation> {,2,0,0,0,1,2,0,4,0,8,76,2,0.1641,0,0,-1
defect4j,mockito,org/mockito/internal/util/collections/HashCodeAndEqualsMockWrapper,3,31,    public HashCodeAndEqualsMockWrapper(Object mockInstance) {,4,0,0,1,3,1,0,2,0,7,58,2,0.15226,0,0,-1
defect4j,mockito,org/mockito/internal/util/collections/HashCodeAndEqualsMockWrapper,3,32,        this.mockInstance = mockInstance;,4,0,0,0,0,0,0,0,0,5,33,4,0.15226,0,0,-1
defect4j,mockito,org/mockito/internal/util/collections/HashCodeAndEqualsMockWrapper,3,36,        return mockInstance;,2,0,0,0,0,1,0,0,0,2,20,4,0.15226,0,0,-1
defect4j,mockito,org/mockito/internal/util/collections/HashCodeAndEqualsMockWrapper,3,55,        return new HashCodeAndEqualsMockWrapper(mock);,2,0,0,1,2,1,0,2,0,4,46,5,0.15226,0,0,-1
defect4j,mockito,org/mockito/internal/util/collections/HashCodeAndEqualsSafeSet,3,67,        return backingHashSet.add(HashCodeAndEqualsMockWrapper.of(mock));,0,0,0,2,4,1,10,0,0,10,65,5,0.15226,0,0,-1
defect4j,mockito,org/mockito/internal/stubbing/defaultanswers/ReturnsEmptyValues,3,78,        Class<?> returnType = invocation.getMethod().getReturnType();,2,0,0,2,4,0,6,2,0,10,61,4,0.15226,0,0,-1
defect4j,mockito,org/mockito/internal/util/collections/HashCodeAndEqualsSafeSet,3,135,"            assert ! (mock instanceof HashCodeAndEqualsMockWrapper) : ""WRONG"";",2,0,0,1,2,0,0,2,0,6,66,6,0.15226,0,0,-1
defect4j,mockito,org/mockito/internal/util/collections/HashCodeAndEqualsSafeSet,3,136,            hashSet.add(HashCodeAndEqualsMockWrapper.of(mock));,4,3,0,2,4,0,10,0,0,17,51,3,0.15226,0,0,-1
defect4j,mockito,org/mockito/internal/stubbing/defaultanswers/GloballyConfiguredAnswer,3,24,        return new GlobalConfiguration().getDefaultAnswer().answer(invocation);,4,1,1,3,6,1,0,2,0,10,71,3,0.15112,0,0,-1
defect4j,mockito,org/mockito/internal/util/ObjectMethodsGuru,3,39,        return Comparable.class.isAssignableFrom(method.getDeclaringClass()),2,0,0,2,4,1,6,2,0,10,68,4,0.15056,0,0,-1
defect4j,mockito,org/mockito/internal/stubbing/defaultanswers/ReturnsEmptyValues,3,71,        } else if (methodsGuru.isCompareToMethod(invocation.getMethod())) {,0,0,0,3,8,0,0,0,0,11,67,4,0.15056,0,0,-1
defect4j,mockito,org/mockito/internal/stubbing/defaultanswers/ReturnsEmptyValues,3,83,        if (Primitives.isPrimitiveOrWrapper(type)) {,4,0,0,2,5,1,4,2,0,11,44,1,0.14647,0,0,-1
defect4j,mockito,org/mockito/internal/matchers/Any,3,17,    public static final Any ANY = new Any();,4,2,0,1,2,0,26,2,0,36,40,3,0.14286,0,0,-1
defect4j,mockito,org/mockito/internal/matchers/Any,3,19,    private Any() {},10,1,0,2,4,1,4,2,0,21,16,1,0.14286,0,0,-1
defect4j,mockito,org/mockito/internal/stubbing/defaultanswers/ReturnsEmptyValues,3,109,        } else if (type == HashMap.class) {,2,1,0,1,4,0,0,2,0,5,35,16,0.13793,0,0,-1
defect4j,mockito,org/mockito/internal/stubbing/defaultanswers/ReturnsEmptyValues,3,111,        } else if (type == SortedMap.class) {,2,1,0,1,4,0,0,2,0,5,37,17,0.13793,0,0,-1
defect4j,mockito,org/mockito/internal/stubbing/defaultanswers/ReturnsEmptyValues,3,115,        } else if (type == LinkedHashMap.class) {,2,1,0,1,4,0,0,2,0,5,41,19,0.13793,0,0,-1
defect4j,mockito,org/mockito/internal/stubbing/defaultanswers/ReturnsEmptyValues,3,103,        } else if (type == LinkedList.class) {,2,1,0,1,4,0,0,2,0,5,38,13,0.13763,0,0,-1
defect4j,mockito,org/mockito/internal/stubbing/defaultanswers/ReturnsEmptyValues,3,107,        } else if (type == Map.class) {,2,1,0,1,4,0,0,2,0,5,31,15,0.13763,0,0,-1
defect4j,mockito,org/mockito/internal/util/ObjectMethodsGuru,3,18,        return isToString(new DelegatingMethod(method));,2,0,0,2,4,1,2,2,0,6,48,5,0.13729,0,0,-1
defect4j,mockito,org/mockito/internal/creation/DelegatingMethod,3,38,        return method.getReturnType();,6,0,0,1,2,4,0,4,0,13,30,1,0.13729,0,0,-1
defect4j,mockito,org/mockito/internal/stubbing/defaultanswers/ReturnsEmptyValues,3,89,        } else if (type == Collection.class) {,4,1,0,1,4,1,0,4,0,10,38,1,0.13704,0,0,-1
defect4j,mockito,org/mockito/internal/stubbing/defaultanswers/ReturnsEmptyValues,3,91,        } else if (type == Set.class) {,2,1,0,1,4,0,0,2,0,5,31,7,0.13704,0,0,-1
defect4j,mockito,org/mockito/internal/stubbing/defaultanswers/ReturnsEmptyValues,3,93,        } else if (type == HashSet.class) {,0,0,0,1,4,0,8,0,0,8,35,7,0.13704,0,0,-1
defect4j,mockito,org/mockito/internal/stubbing/defaultanswers/ReturnsEmptyValues,3,95,        } else if (type == SortedSet.class) {,2,1,0,1,4,0,0,2,0,5,37,9,0.13704,0,0,-1
defect4j,mockito,org/mockito/internal/stubbing/defaultanswers/ReturnsEmptyValues,3,97,        } else if (type == TreeSet.class) {,2,1,0,1,4,0,0,2,0,5,35,10,0.13704,0,0,-1
defect4j,mockito,org/mockito/Mockito,4,1257,"        return mock(classToMock, withSettings().defaultAnswer(defaultAnswer));",0,0,0,3,6,1,10,0,0,10,70,5,0.25806,0,0,-1
defect4j,mockito,org/mockito/exceptions/Reporter,4,418,        ScenarioPrinter scenarioPrinter = new ScenarioPrinter();,2,0,0,1,2,0,0,4,0,6,56,4,0.14286,0,0,-1
defect4j,mockito,org/mockito/internal/exceptions/util/ScenarioPrinter,4,11,public class ScenarioPrinter {,2,0,0,0,1,1,0,0,0,3,30,1,0.13333,0,0,-1
defect4j,mockito,org/mockito/internal/exceptions/util/ScenarioPrinter,4,14,        if (invocations.size() == 1) {,4,0,0,2,5,0,0,2,0,6,30,4,0.13333,0,0,-1
defect4j,mockito,org/mockito/internal/exceptions/util/ScenarioPrinter,4,15,"            return ""Actually, above is the only interaction with this mock."";",6,0,0,0,0,1,10,2,0,19,65,3,0.06667,0,0,-1
defect4j,mockito,org/mockito/internal/exceptions/util/ScenarioPrinter,4,17,        StringBuilder sb = new StringBuilder(,2,0,0,0,1,0,0,4,0,6,37,4,0.05263,0,0,-1
defect4j,mockito,org/mockito/internal/exceptions/util/ScenarioPrinter,4,29,        String scenario = sb.toString();,2,0,0,1,2,0,4,2,0,8,32,4,0.05263,0,0,-1
defect4j,mockito,org/mockito/internal/stubbing/answers/Returns,4,19,    },0,0,0,0,1,0,4,0,0,5,1,7,0.04072,0,0,-1
defect4j,mockito,org/mockito/internal/util/MockNameImpl,4,20,            this.mockName = toInstanceName(classToMock);,2,0,0,1,2,0,4,0,0,7,44,6,0.02504,0,0,-1
defect4j,mockito,org/mockito/internal/util/MockNameImpl,4,21,            this.defaultName = true;,2,0,0,0,0,0,4,0,0,9,24,3,0.02504,0,0,-1
defect4j,mockito,org/mockito/internal/util/MockNameImpl,4,33,        if (className.length() == 0) {,0,1,0,2,5,0,4,0,0,5,30,4,0.02504,0,0,-1
defect4j,mockito,org/mockito/internal/util/MockNameImpl,4,38,"        return className.substring(0, 1).toLowerCase() + className.substring(1);",0,0,0,3,6,1,4,0,0,4,72,5,0.02504,0,0,-1
defect4j,mockito,org/mockito/internal/stubbing/answers/Returns,4,22,        return value;,6,0,0,0,0,1,6,0,0,12,13,3,0.02247,0,0,-1
defect4j,mockito,org/mockito/internal/invocation/SerializableMethod,4,26,    public SerializableMethod(Method method) {,4,0,0,1,3,1,0,2,0,7,42,2,0.02116,0,0,-1
defect4j,mockito,org/mockito/internal/invocation/SerializableMethod,4,28,        methodName = method.getName();,4,0,0,1,2,0,4,2,0,11,30,1,0.02116,0,0,-1
defect4j,mockito,org/mockito/internal/invocation/SerializableMethod,4,29,        parameterTypes = method.getParameterTypes();,2,0,0,1,2,0,4,0,0,7,44,4,0.02116,0,0,-1
defect4j,mockito,org/mockito/internal/invocation/SerializableMethod,4,31,        exceptionTypes = method.getExceptionTypes();,6,0,0,1,2,3,8,6,0,24,44,1,0.02116,0,0,-1
defect4j,mockito,org/mockito/internal/invocation/SerializableMethod,4,33,        isAbstract = (method.getModifiers() & Modifier.ABSTRACT) != 0;,6,2,0,2,4,0,4,0,0,13,62,4,0.02116,0,0,-1
defect4j,mockito,org/mockito/internal/creation/cglib/ClassImposterizer,4,110,            enhancer.setSuperclass(Object.class);,0,0,0,1,2,0,4,2,0,6,37,7,0.01824,0,0,-1
defect4j,mockito,org/mockito/internal/creation/cglib/ClassImposterizer,4,111,            enhancer.setInterfaces(allMockedTypes);,4,0,0,1,2,1,6,2,0,13,39,1,0.01824,0,0,-1
defect4j,mockito,org/mockito/internal/creation/cglib/CglibMockMaker,4,24,        return new ClassImposterizer(new InstantiatorProvider().getInstantiator(settings)).imposterise(,4,0,0,3,7,1,0,2,0,7,95,3,0.01521,0,0,-1
defect4j,mockito,org/mockito/internal/util/MockUtil,4,33,"        T mock = mockMaker.createMock(settings, mockHandler);",2,0,0,1,2,0,8,2,0,12,53,4,0.01521,0,0,-1
defect4j,mockito,org/mockito/internal/util/MockUtil,4,35,        Object spiedInstance = settings.getSpiedInstance();,0,0,0,1,2,0,8,0,0,9,51,4,0.01521,0,0,-1
defect4j,mockito,org/mockito/internal/creation/cglib/ClassImposterizer,4,53,"        return (T) imposterise(interceptor, mockedType, ancillaryTypes.toArray(new Class[ancillaryTypes.size()]));",0,0,0,5,10,1,16,4,0,20,106,3,0.01521,0,0,-1
defect4j,mockito,org/mockito/internal/MockitoCore,4,59,        T mock = mockUtil.createMock(creationSettings);,2,0,0,1,2,0,6,2,0,10,47,4,0.01521,0,0,-1
defect4j,mockito,org/mockito/internal/MockitoCore,4,61,        return mock;,2,0,0,0,0,1,0,0,0,2,12,4,0.01521,0,0,-1
defect4j,mockito,org/mockito/internal/progress/ThreadSafeMockingProgress,4,72,"        threadSafely().mockingStarted(mock, classToMock);",0,0,0,2,4,0,8,0,0,8,49,5,0.01521,0,0,-1
defect4j,mockito,org/mockito/internal/creation/settings/CreationSettings,4,77,        return spiedInstance;,2,0,0,0,0,1,0,0,0,2,21,4,0.01521,0,0,-1
defect4j,mockito,org/mockito/internal/verification/DefaultRegisteredInvocations,4,18,"public class DefaultRegisteredInvocations implements RegisteredInvocations, Serializable {",2,0,0,0,1,1,0,4,0,7,90,1,0.01519,0,0,-1
defect4j,mockito,org/mockito/internal/progress/MockingProgressImpl,4,113,        if (listener instanceof MockingStartedListener) {,2,0,0,1,3,0,0,2,0,4,49,5,0.01519,0,0,-1
defect4j,mockito,org/mockito/internal/progress/MockingProgressImpl,4,117,    },2,0,0,0,1,0,4,2,0,8,1,3,0.01519,0,0,-1
defect4j,mockito,org/mockito/internal/handler/MockHandlerFactory,4,13,public class MockHandlerFactory {,2,0,0,0,1,1,0,0,0,3,33,1,0.01518,0,0,-1
defect4j,mockito,org/mockito/internal/handler/MockHandlerFactory,4,16,        InternalMockHandler handler = new MockHandlerImpl(settings);,2,1,0,1,2,0,0,2,0,5,60,11,0.01518,0,0,-1
defect4j,mockito,org/mockito/internal/handler/MockHandlerFactory,4,17,        InternalMockHandler nullResultGuardian = new NullResultGuardian(handler);,4,0,0,1,2,0,0,4,0,9,73,4,0.01518,0,0,-1
defect4j,mockito,org/mockito/internal/invocation/MatchersBinder,4,18,public class MatchersBinder implements Serializable {,2,0,0,0,1,1,0,2,0,5,53,1,0.01518,0,0,-1
defect4j,mockito,org/mockito/internal/handler/MockHandlerFactory,4,20,        return notifier;,6,0,0,0,0,1,6,6,0,18,16,3,0.01518,0,0,-1
defect4j,mockito,org/mockito/internal/handler/NullResultGuardian,4,24,    public NullResultGuardian(InternalMockHandler delegate) {,6,0,0,1,3,1,4,4,0,15,57,2,0.01518,0,0,-1
defect4j,mockito,org/mockito/internal/stubbing/InvocationContainerImpl,4,27,    private final LinkedList<StubbedInvocationMatcher> stubbed = new LinkedList<StubbedInvocationMatcher>();,4,1,0,1,2,2,0,8,0,15,104,1,0.01518,0,0,-1
defect4j,mockito,org/mockito/internal/creation/cglib/CglibMockMaker,4,29,        if (!(handler instanceof InternalMockHandler)) {,2,0,0,2,5,0,6,2,0,10,48,4,0.01518,0,0,-1
defect4j,mockito,org/mockito/internal/handler/InvocationNotifierHandler,4,31,"    public InvocationNotifierHandler(InternalMockHandler<T> mockHandler, MockCreationSettings settings) {",6,0,0,1,3,1,0,6,0,13,101,2,0.01518,0,0,-1
defect4j,mockito,org/mockito/internal/creation/cglib/MethodInterceptorFilter,4,33,    final ObjectMethodsGuru objectMethodsGuru = new ObjectMethodsGuru();,10,0,0,1,2,1,8,8,0,27,68,1,0.01518,0,0,-1
defect4j,mockito,org/mockito/internal/creation/cglib/CglibMockMaker,4,33,        return (InternalMockHandler) handler;,4,1,0,1,2,1,0,2,0,7,37,3,0.01518,0,0,-1
defect4j,mockito,org/mockito/internal/handler/InvocationNotifierHandler,4,33,        this.invocationListeners = settings.getInvocationListeners();,6,0,0,1,2,0,4,2,0,14,61,4,0.01518,0,0,-1
defect4j,mockito,org/mockito/internal/creation/cglib/MethodInterceptorFilter,4,35,    private final AcrossJVMSerializationFeature acrossJVMSerializationFeature = new AcrossJVMSerializationFeature();,2,0,0,1,2,2,0,4,0,8,112,2,0.01518,0,0,-1
defect4j,mockito,org/mockito/internal/stubbing/InvocationContainerImpl,4,35,        this.mockingProgress = mockingProgress;,4,0,0,0,0,0,0,0,0,5,39,4,0.01518,0,0,-1
defect4j,mockito,org/mockito/internal/stubbing/InvocationContainerImpl,4,36,        this.registeredInvocations = createRegisteredInvocations(mockSettings);,6,0,0,1,2,0,4,0,0,12,71,4,0.01518,0,0,-1
defect4j,mockito,org/mockito/internal/creation/cglib/MethodInterceptorFilter,4,37,"    public MethodInterceptorFilter(InternalMockHandler handler, MockCreationSettings mockSettings) {",8,0,0,1,3,1,2,4,0,15,96,2,0.01518,0,0,-1
defect4j,mockito,org/mockito/internal/creation/cglib/MethodInterceptorFilter,4,38,        this.handler = handler;,4,0,0,0,0,0,0,0,0,5,23,4,0.01518,0,0,-1
defect4j,mockito,org/mockito/internal/handler/MockHandlerImpl,4,41,        this.mockSettings = mockSettings;,4,0,0,0,0,0,0,0,0,5,33,4,0.01518,0,0,-1
defect4j,mockito,org/mockito/internal/handler/MockHandlerImpl,4,42,        this.mockingProgress = new ThreadSafeMockingProgress();,4,0,0,1,2,0,0,2,0,7,55,3,0.01518,0,0,-1
defect4j,mockito,org/mockito/internal/creation/settings/CreationSettings,4,42,        this.extraInterfaces = copy.extraInterfaces;,6,0,0,0,0,0,0,0,0,7,44,4,0.01518,0,0,-1
defect4j,mockito,org/mockito/internal/handler/MockHandlerImpl,4,43,        this.matchersBinder = new MatchersBinder();,2,0,0,1,2,0,0,2,0,5,43,4,0.01518,0,0,-1
defect4j,mockito,org/mockito/internal/creation/settings/CreationSettings,4,43,        this.name = copy.name;,6,0,0,0,0,0,0,0,0,7,22,4,0.01518,0,0,-1
defect4j,mockito,org/mockito/internal/handler/MockHandlerImpl,4,44,"        this.invocationContainerImpl = new InvocationContainerImpl(mockingProgress, mockSettings);",6,0,0,1,2,0,6,2,0,15,90,3,0.01518,0,0,-1
defect4j,mockito,org/mockito/internal/creation/settings/CreationSettings,4,44,        this.spiedInstance = copy.spiedInstance;,6,0,0,0,0,0,0,0,0,7,40,4,0.01518,0,0,-1
defect4j,mockito,org/mockito/internal/creation/settings/CreationSettings,4,45,        this.defaultAnswer = copy.defaultAnswer;,6,0,0,0,0,0,0,0,0,7,40,4,0.01518,0,0,-1
defect4j,mockito,org/mockito/internal/creation/settings/CreationSettings,4,46,        this.mockName = copy.mockName;,6,0,0,0,0,0,0,0,0,7,30,4,0.01518,0,0,-1
defect4j,mockito,org/mockito/internal/creation/settings/CreationSettings,4,47,        this.serializableMode = copy.serializableMode;,6,0,0,0,0,0,0,0,0,7,46,4,0.01518,0,0,-1
defect4j,mockito,org/mockito/internal/creation/settings/CreationSettings,4,48,        this.invocationListeners = copy.invocationListeners;,4,2,0,0,0,0,4,2,0,12,52,3,0.01518,0,0,-1
defect4j,mockito,org/mockito/internal/creation/settings/CreationSettings,4,49,        this.stubOnly = copy.stubOnly;,6,0,0,0,0,0,0,0,0,7,30,4,0.01518,0,0,-1
defect4j,mockito,org/mockito/internal/creation/settings/CreationSettings,4,50,        this.useConstructor = copy.isUsingConstructor();,2,0,0,1,2,0,4,0,0,7,48,4,0.01518,0,0,-1
defect4j,mockito,org/mockito/internal/creation/settings/CreationSettings,4,52,    },4,1,0,0,1,0,0,2,0,7,1,3,0.01518,0,0,-1
defect4j,mockito,org/mockito/internal/creation/settings/CreationSettings,4,55,        return typeToMock;,2,0,0,0,0,1,0,0,0,2,18,4,0.01518,0,0,-1
defect4j,mockito,org/mockito/internal/MockitoCore,4,58,        MockCreationSettings<T> creationSettings = impl.confirm(typeToMock);,2,0,0,1,2,0,6,4,0,12,68,4,0.01518,0,0,-1
defect4j,mockito,org/mockito/internal/creation/settings/CreationSettings,4,59,        this.typeToMock = typeToMock;,6,1,0,0,0,0,0,0,0,9,29,3,0.01518,0,0,-1
defect4j,mockito,org/mockito/internal/creation/cglib/AcrossJVMSerializationFeature,4,61,    private final Lock mutex = new ReentrantLock();,2,0,0,1,2,2,0,4,0,8,47,2,0.01518,0,0,-1
defect4j,mockito,org/mockito/internal/creation/settings/CreationSettings,4,69,        return this;,12,1,0,0,0,1,0,4,0,18,12,3,0.01518,0,0,-1
defect4j,mockito,org/mockito/internal/creation/settings/CreationSettings,4,73,        return name;,8,1,0,0,0,1,6,2,0,18,12,3,0.01518,0,0,-1
defect4j,mockito,org/mockito/internal/creation/settings/CreationSettings,4,89,        this.mockName = mockName;,4,0,0,0,0,0,0,0,0,5,25,4,0.01518,0,0,-1
defect4j,mockito,org/mockito/internal/creation/settings/CreationSettings,4,102,        return invocationListeners;,2,0,0,0,0,1,0,0,0,2,27,4,0.01518,0,0,-1
defect4j,mockito,org/mockito/internal/creation/MockSettingsImpl,4,112,        return outerClassInstance;,2,0,0,0,0,1,0,0,0,2,26,4,0.01518,0,0,-1
defect4j,mockito,org/mockito/internal/creation/MockSettingsImpl,4,161,"        return validatedSettings(typeToMock, this);",0,0,0,1,2,1,8,0,0,8,43,3,0.01518,0,0,-1
defect4j,mockito,org/mockito/internal/creation/cglib/AcrossJVMSerializationFeature,4,166,        if (settings.getSerializableMode() == SerializableMode.ACROSS_CLASSLOADERS) {,4,1,0,2,5,0,4,0,0,9,77,4,0.01518,0,0,-1
defect4j,mockito,org/mockito/internal/creation/MockSettingsImpl,4,175,"        validator.validateConstructorUse(source.isUsingConstructor(), source.getSerializableMode());",0,0,0,3,6,0,12,0,0,12,92,5,0.01518,0,0,-1
defect4j,mockito,org/mockito/internal/creation/MockSettingsImpl,4,179,"        settings.setMockName(new MockNameImpl(source.getName(), typeToMock));",2,0,0,3,6,0,8,2,0,12,69,5,0.01518,0,0,-1
defect4j,mockito,org/mockito/internal/creation/MockSettingsImpl,4,180,        settings.setTypeToMock(typeToMock);,2,0,0,1,2,1,20,6,0,29,35,1,0.01518,0,0,-1
defect4j,mockito,org/mockito/internal/creation/MockSettingsImpl,4,182,        return settings;,2,0,0,0,0,1,0,0,0,2,16,4,0.01518,0,0,-1
defect4j,mockito,org/mockito/internal/creation/MockSettingsImpl,4,187,        if(settings.isSerializable()) {,0,0,0,2,5,0,12,0,0,12,31,3,0.01518,0,0,-1
defect4j,mockito,org/mockito/internal/creation/MockSettingsImpl,4,190,        return interfaces;,2,0,0,0,0,1,4,0,0,6,18,1,0.01518,0,0,-1
defect4j,mockito,org/mockito/internal/creation/cglib/AcrossJVMSerializationFeature,4,423,    public interface AcrossJVMMockitoMockSerializable {,2,0,0,0,1,1,0,0,0,3,51,2,0.01518,0,0,-1
defect4j,mockito,org/mockito/internal/stubbing/InvocationContainerImpl,4,23,"@SuppressWarnings(""unchecked"")",6,0,0,1,2,0,4,2,0,13,30,3,0.01517,0,0,-1
defect4j,mockito,org/mockito/internal/creation/settings/CreationSettings,4,98,        return serializableMode;,2,0,0,0,0,1,0,0,0,2,24,4,0.01517,0,0,-1
defect4j,mockito,org/mockito/internal/creation/MockSettingsImpl,4,108,        return useConstructor;,4,0,0,0,0,4,8,4,0,19,22,1,0.01517,0,0,-1
defect4j,mockito,org/mockito/internal/creation/MockSettingsImpl,4,174,"        validator.validateSerializable(typeToMock, source.isSerializable());",2,0,0,2,4,0,10,0,0,12,68,1,0.01517,0,0,-1
defect4j,mockito,org/mockito/internal/creation/settings/CreationSettings,4,94,        return serializableMode != SerializableMode.NONE;,10,1,0,0,0,1,0,0,0,12,49,3,0.01515,0,0,-1
defect4j,mockito,org/mockito/internal/util/MockNameImpl,4,19,        if (mockName == null) {,2,1,0,1,3,0,0,0,0,3,23,4,0.01514,0,0,-1
defect4j,mockito,org/mockito/internal/util/MockCreationValidator,4,35,    },6,0,0,0,1,0,0,4,0,10,1,3,0.01514,0,0,-1
defect4j,mockito,org/mockito/internal/creation/MockSettingsImpl,4,67,        return spiedInstance;,4,0,0,0,0,1,0,2,0,7,21,3,0.01514,0,0,-1
defect4j,mockito,org/mockito/internal/creation/MockSettingsImpl,4,168,"        validator.validateExtraInterfaces(typeToMock, source.getExtraInterfaces());",4,0,0,2,4,0,14,4,0,22,75,3,0.01514,0,0,-1
defect4j,mockito,org/mockito/internal/util/MockCreationValidator,4,23,    },4,0,0,0,1,0,0,0,0,5,1,6,0.01512,0,0,-1
defect4j,mockito,org/mockito/ArgumentMatcher,5,60,public abstract class ArgumentMatcher<T> extends BaseMatcher<T> {,4,0,0,0,1,2,0,4,0,10,65,1,0.16667,0,0,-1
defect4j,mockito,org/mockito/internal/util/Primitives,5,13,"    private static final Map<Class<?>, Class<?>> PRIMITIVE_TYPES = new HashMap<Class<?>, Class<?>>();",2,0,0,1,2,3,0,12,0,17,97,2,0.14286,0,0,-1
defect4j,mockito,org/mockito/internal/util/Primitives,5,58,"        PRIMITIVE_TYPES.put(Boolean.class, Boolean.TYPE);",4,0,0,1,2,2,28,8,0,44,49,1,0.14286,0,0,-1
defect4j,mockito,org/mockito/internal/util/Primitives,5,60,"        PRIMITIVE_TYPES.put(Byte.class, Byte.TYPE);",2,1,0,1,2,0,0,0,0,3,43,4,0.14286,0,0,-1
defect4j,mockito,org/mockito/internal/util/Primitives,5,61,"        PRIMITIVE_TYPES.put(Short.class, Short.TYPE);",2,0,0,1,2,3,0,4,0,9,45,2,0.14286,0,0,-1
defect4j,mockito,org/mockito/internal/util/Primitives,5,63,"        PRIMITIVE_TYPES.put(Long.class, Long.TYPE);",6,0,0,1,2,0,12,6,0,25,43,1,0.14286,0,0,-1
defect4j,mockito,org/mockito/internal/util/Primitives,5,64,"        PRIMITIVE_TYPES.put(Float.class, Float.TYPE);",4,0,0,1,2,0,4,2,0,10,45,5,0.14286,0,0,-1
defect4j,mockito,org/mockito/internal/util/Primitives,5,65,"        PRIMITIVE_TYPES.put(Double.class, Double.TYPE);",4,0,0,1,2,0,4,2,0,10,47,5,0.14286,0,0,-1
defect4j,mockito,org/mockito/internal/util/Primitives,5,69,"        PRIMITIVE_OR_WRAPPER_DEFAULT_VALUES.put(Boolean.class, false);",0,0,0,1,2,0,0,2,0,2,62,6,0.14286,0,0,-1
defect4j,mockito,org/mockito/internal/util/Primitives,5,70,"        PRIMITIVE_OR_WRAPPER_DEFAULT_VALUES.put(Character.class, '\u0000');",8,0,0,1,2,2,12,18,0,40,67,1,0.14286,0,0,-1
defect4j,mockito,org/mockito/internal/util/Primitives,5,76,"        PRIMITIVE_OR_WRAPPER_DEFAULT_VALUES.put(Double.class, 0D);",0,0,0,1,2,0,10,0,0,10,58,7,0.14286,0,0,-1
defect4j,mockito,org/mockito/internal/util/Primitives,5,80,"        PRIMITIVE_OR_WRAPPER_DEFAULT_VALUES.put(byte.class, (byte) 0);",0,0,0,2,4,0,4,0,0,4,62,5,0.14286,0,0,-1
defect4j,mockito,org/mockito/internal/util/Primitives,5,86,    },2,0,0,0,1,1,4,2,0,10,1,1,0.14286,0,0,-1
defect4j,mockito,org/mockito/internal/util/Timer,5,3,public class Timer {,2,0,0,0,1,1,0,0,0,3,20,1,0.07143,0,0,-1
defect4j,mockito,org/mockito/internal/util/collections/HashCodeAndEqualsSafeSet,5,32,public class HashCodeAndEqualsSafeSet implements Set<Object> {,2,0,0,0,1,1,0,4,0,7,62,1,0.04348,0,0,-1
defect4j,mockito,org/mockito/internal/configuration/plugins/DefaultPluginSwitch,5,5,class DefaultPluginSwitch implements PluginSwitch {,2,0,0,0,1,0,0,2,0,4,51,1,0.04167,0,0,-1
defect4j,mockito,org/mockito/internal/configuration/plugins/PluginRegistry,5,7,class PluginRegistry {,6,0,0,0,1,0,0,0,0,7,22,1,0.04167,0,0,-1
defect4j,mockito,org/mockito/mock/SerializableMode,5,8,@Incubating,2,0,0,0,0,0,0,0,0,2,11,2,0.04167,0,0,-1
defect4j,mockito,org/mockito/internal/exceptions/stacktrace/DefaultStackTraceCleanerProvider,5,9,public class DefaultStackTraceCleanerProvider implements StackTraceCleanerProvider {,4,0,0,0,1,1,0,2,0,7,84,1,0.04167,0,0,-1
defect4j,mockito,org/mockito/internal/creation/cglib/MockitoNamingPolicy,5,11,    public static final MockitoNamingPolicy INSTANCE = new MockitoNamingPolicy(); ,4,0,0,1,2,3,0,8,0,15,77,2,0.04167,0,0,-1
defect4j,mockito,org/mockito/internal/configuration/plugins/PluginRegistry,5,12,    private final MockMaker mockMaker,4,0,0,0,0,2,6,2,0,15,33,1,0.04167,0,0,-1
defect4j,mockito,org/mockito/internal/util/ObjectMethodsGuru,5,13,public class ObjectMethodsGuru implements Serializable {,2,0,0,0,1,1,0,2,0,5,56,1,0.04167,0,0,-1
defect4j,mockito,org/mockito/internal/configuration/plugins/PluginFinder,5,14,    public PluginFinder(PluginSwitch pluginSwitch) {,4,0,0,1,3,1,0,2,0,7,48,2,0.04167,0,0,-1
defect4j,mockito,org/mockito/internal/creation/cglib/SerializableNoOp,5,15,"class SerializableNoOp implements NoOp, Serializable {",2,0,0,0,1,0,0,4,0,6,54,1,0.04167,0,0,-1
defect4j,mockito,org/mockito/internal/progress/ThreadSafeMockingProgress,5,15,"public class ThreadSafeMockingProgress implements MockingProgress, Serializable {",2,0,0,0,1,1,0,4,0,7,81,1,0.04167,0,0,-1
defect4j,mockito,org/mockito/internal/configuration/plugins/PluginFinder,5,15,        this.pluginSwitch = pluginSwitch;,8,0,0,0,0,2,6,2,0,21,33,1,0.04167,0,0,-1
defect4j,mockito,org/mockito/internal/util/collections/Iterables,5,16,        List<T> out = new LinkedList<T>();,6,0,0,1,2,1,0,10,0,17,34,2,0.04167,0,0,-1
defect4j,mockito,org/mockito/internal/configuration/plugins/PluginLoader,5,16,    public PluginLoader(PluginSwitch pluginSwitch) {,4,0,0,1,3,1,0,2,0,7,48,2,0.04167,0,0,-1
defect4j,mockito,org/mockito/internal/configuration/plugins/PluginFinder,5,16,    },0,0,0,0,1,0,4,0,0,5,1,6,0.04167,0,0,-1
defect4j,mockito,org/mockito/internal/util/collections/Iterables,5,17,        while(in.hasMoreElements()) {,0,0,0,2,5,0,8,0,0,8,29,13,0.04167,0,0,-1
defect4j,mockito,org/mockito/internal/creation/cglib/SerializableNoOp,5,18,    public static final Callback SERIALIZABLE_INSTANCE = new SerializableNoOp();,2,0,0,1,2,3,0,4,0,9,76,2,0.04167,0,0,-1
defect4j,mockito,org/mockito/internal/stubbing/defaultanswers/ReturnsMocks,5,18,    private final Answer<Object> delegate = new ReturnsMoreEmptyValues();,2,0,0,1,2,2,0,6,0,10,69,2,0.04167,0,0,-1
defect4j,mockito,org/mockito/internal/progress/ThreadSafeMockingProgress,5,18,    private static final ThreadLocal<MockingProgress> mockingProgress = new ThreadLocal<MockingProgress>();,8,0,0,1,2,2,0,8,0,20,103,1,0.04167,0,0,-1
defect4j,mockito,org/mockito/mock/SerializableMode,5,19,"    BASIC,",6,0,0,0,0,0,2,0,0,9,6,0,0.04167,0,0,-1
defect4j,mockito,org/mockito/internal/creation/cglib/CglibMockMaker,5,19,public class CglibMockMaker implements MockMaker {,2,0,0,0,1,1,0,2,0,5,50,1,0.04167,0,0,-1
defect4j,mockito,org/mockito/internal/configuration/plugins/PluginFinder,5,19,        for (URL resource : resources) {,4,0,0,1,3,0,0,2,0,6,32,4,0.04167,0,0,-1
defect4j,mockito,org/mockito/internal/stubbing/defaultanswers/GloballyConfiguredAnswer,5,19,"public class GloballyConfiguredAnswer implements Answer<Object>, Serializable {",2,0,0,0,1,1,0,6,0,9,79,1,0.04167,0,0,-1
defect4j,mockito,org/mockito/internal/util/collections/Iterables,5,20,        return out;,2,0,0,0,0,1,4,2,0,8,11,11,0.04167,0,0,-1
defect4j,mockito,org/mockito/internal/util/MockUtil,5,22,public class MockUtil {,2,0,0,0,1,1,0,0,0,3,23,1,0.04167,0,0,-1
defect4j,mockito,org/mockito/internal/configuration/GlobalConfiguration,5,22,    private static final ThreadLocal<IMockitoConfiguration> GLOBAL_CONFIGURATION = new ThreadLocal<IMockitoConfiguration>();,2,0,0,1,2,3,0,8,0,13,120,2,0.04167,0,0,-1
defect4j,mockito,org/mockito/internal/stubbing/InvocationContainerImpl,5,23,"@SuppressWarnings(""unchecked"")",6,0,0,1,2,0,0,2,0,9,30,3,0.04167,0,0,-1
defect4j,mockito,org/mockito/mock/SerializableMode,5,24,    @Incubating,2,0,0,0,0,0,0,0,0,2,11,3,0.04167,0,0,-1
defect4j,mockito,org/mockito/internal/util/MockUtil,5,24,    private static final MockMaker mockMaker = Plugins.getMockMaker();,2,0,0,1,2,3,4,2,0,11,66,2,0.04167,0,0,-1
defect4j,mockito,org/mockito/internal/configuration/plugins/PluginLoader,5,24,        T plugin = loadImpl(pluginType);,6,0,0,1,2,1,4,4,0,15,32,2,0.04167,0,0,-1
defect4j,mockito,org/mockito/internal/configuration/plugins/PluginLoader,5,25,        if (plugin != null) {,6,1,0,1,3,0,0,0,0,8,21,3,0.04167,0,0,-1
defect4j,mockito,org/mockito/Answers,5,26,public enum Answers implements Answer<Object>{,2,0,0,0,1,1,0,4,0,7,46,1,0.04167,0,0,-1
defect4j,mockito,org/mockito/internal/configuration/plugins/PluginRegistry,5,33,        return mockMaker;,8,0,0,0,0,2,0,4,0,14,17,1,0.04167,0,0,-1
defect4j,mockito,org/mockito/internal/configuration/plugins/PluginLoader,5,33,            return pluginType.cast(Class.forName(defaultPluginClassName).newInstance());,0,0,0,3,6,1,0,0,0,10,76,4,0.04167,0,0,-1
defect4j,mockito,org/mockito/internal/stubbing/answers/CallsRealMethods,5,35,"public class CallsRealMethods implements Answer<Object>, Serializable {",2,0,0,0,1,1,0,6,0,9,71,1,0.04167,0,0,-1
defect4j,mockito,org/mockito/internal/stubbing/defaultanswers/ReturnsSmartNulls,5,36,"public class ReturnsSmartNulls implements Answer<Object>, Serializable {",2,0,0,0,1,1,0,6,0,9,72,1,0.04167,0,0,-1
defect4j,mockito,org/mockito/internal/configuration/plugins/PluginFinder,5,39,        return null;,0,0,0,0,0,1,6,0,0,6,12,6,0.04167,0,0,-1
defect4j,mockito,org/mockito/internal/stubbing/defaultanswers/ReturnsSmartNulls,5,40,    private final Answer<Object> delegate = new ReturnsMoreEmptyValues();,2,0,0,1,2,2,0,6,0,10,69,2,0.04167,0,0,-1
defect4j,mockito,org/mockito/internal/MockitoCore,5,41,public class MockitoCore {,2,0,0,0,1,1,0,0,0,3,26,1,0.04167,0,0,-1
defect4j,mockito,org/mockito/internal/MockitoCore,5,43,    private final Reporter reporter = new Reporter();,2,0,0,1,2,2,0,4,0,8,49,2,0.04167,0,0,-1
defect4j,mockito,org/mockito/internal/stubbing/defaultanswers/ReturnsDeepStubs,5,43,"public class ReturnsDeepStubs implements Answer<Object>, Serializable {",2,0,0,0,1,1,0,6,0,9,71,1,0.04167,0,0,-1
defect4j,mockito,org/mockito/internal/MockitoCore,5,45,    private final MockingProgress mockingProgress = new ThreadSafeMockingProgress();,2,0,0,1,2,2,0,4,0,8,80,2,0.04167,0,0,-1
defect4j,mockito,org/mockito/internal/configuration/plugins/PluginLoader,5,46,        ClassLoader loader = Thread.currentThread().getContextClassLoader();,6,0,0,2,4,0,14,4,0,24,68,1,0.04167,0,0,-1
defect4j,mockito,org/mockito/exceptions/Reporter,5,47,public class Reporter {,2,0,0,0,1,1,0,0,0,3,23,1,0.04167,0,0,-1
defect4j,mockito,org/mockito/internal/stubbing/defaultanswers/ReturnsMoreEmptyValues,5,51,    private final Answer<Object> delegate = new ReturnsEmptyValues();,8,0,0,1,2,2,10,8,0,28,65,1,0.04167,0,0,-1
defect4j,mockito,org/mockito/internal/configuration/plugins/PluginLoader,5,52,"            resources = loader.getResources(""mockito-extensions/"" + service.getName());",2,1,0,2,4,0,8,0,0,13,75,6,0.04167,0,0,-1
defect4j,mockito,org/mockito/internal/stubbing/defaultanswers/ReturnsEmptyValues,5,54,"public class ReturnsEmptyValues implements Answer<Object>, Serializable {",2,0,0,0,1,1,0,6,0,9,73,1,0.04167,0,0,-1
defect4j,mockito,org/mockito/internal/stubbing/defaultanswers/ReturnsSmartNulls,5,55,    private static class ThrowsSmartNullPointer implements Answer {,2,0,0,0,1,2,0,2,0,6,63,2,0.04167,0,0,-1
defect4j,mockito,org/mockito/internal/stubbing/defaultanswers/ReturnsEmptyValues,5,57,    ObjectMethodsGuru methodsGuru = new ObjectMethodsGuru();,2,0,0,1,2,0,0,4,0,6,56,2,0.04167,0,0,-1
defect4j,mockito,org/mockito/internal/stubbing/defaultanswers/ReturnsEmptyValues,5,58,    MockUtil mockUtil = new MockUtil();,2,0,0,1,2,0,0,4,0,6,35,2,0.04167,0,0,-1
defect4j,mockito,org/mockito/internal/configuration/plugins/PluginLoader,5,58,            String foundPluginClass = new PluginFinder(pluginSwitch).findPluginClass(Iterables.toIterable(resources));,4,0,0,3,6,0,8,4,0,16,106,6,0.04167,0,0,-1
defect4j,mockito,org/mockito/internal/configuration/plugins/PluginLoader,5,59,            if (foundPluginClass != null) {,2,1,0,1,3,0,0,0,0,3,31,6,0.04167,0,0,-1
defect4j,mockito,org/mockito/Answers,5,62,"    RETURNS_DEEP_STUBS(new ReturnsDeepStubs()),",2,0,0,2,4,0,0,2,0,4,43,2,0.04167,0,0,-1
defect4j,mockito,org/mockito/Answers,5,71,    CALLS_REAL_METHODS(new CallsRealMethods()),2,0,0,2,4,0,0,2,0,4,42,2,0.04167,0,0,-1
defect4j,mockito,org/mockito/Answers,5,76,    private Answers(Answer<Object> implementation) {,4,0,0,1,3,1,0,4,0,9,48,2,0.04167,0,0,-1
defect4j,mockito,org/mockito/Matchers,5,100,    private static final MockingProgress MOCKING_PROGRESS = new ThreadSafeMockingProgress();,4,0,0,1,2,3,4,4,0,15,88,1,0.04167,0,0,-1
defect4j,mockito,org/mockito/Mockito,5,975,    static final MockitoCore MOCKITO_CORE = new MockitoCore();,2,0,0,1,2,2,0,4,0,8,58,2,0.04167,0,0,-1
defect4j,mockito,org/mockito/Mockito,5,1018,    public static final Answer<Object> RETURNS_SMART_NULLS = Answers.RETURNS_SMART_NULLS;,6,0,0,0,0,3,0,4,0,13,85,2,0.04167,0,0,-1
defect4j,mockito,org/mockito/Mockito,5,1031,    public static final Answer<Object> RETURNS_MOCKS = Answers.RETURNS_MOCKS;,6,0,0,0,0,3,0,4,0,13,73,2,0.04167,0,0,-1
defect4j,mockito,org/mockito/Mockito,5,1118,    public static final Answer<Object> RETURNS_DEEP_STUBS = Answers.RETURNS_DEEP_STUBS;,6,0,0,0,0,3,0,4,0,13,83,2,0.04167,0,0,-1
defect4j,mockito,org/mockito/internal/exceptions/MockitoLimitations,5,3,public class MockitoLimitations {,2,0,0,0,1,1,0,0,0,3,33,1,0.0,0,0,-1
defect4j,mockito,org/mockito/internal/creation/instance/InstantiatorProvider,5,5,public class InstantiatorProvider {,2,0,0,0,1,1,0,0,0,3,35,1,0.0,0,0,-1
defect4j,mockito,org/mockito/internal/util/reflection/Constructors,5,5,public abstract class Constructors {,2,0,0,0,1,2,0,0,0,4,36,1,0.0,0,0,-1
defect4j,mockito,org/mockito/internal/creation/instance/ObjenesisInstantiator,5,6,class ObjenesisInstantiator implements Instantiator {,2,0,0,0,1,0,0,2,0,4,53,1,0.0,0,0,-1
defect4j,mockito,org/mockito/internal/util/ConsoleMockitoLogger,5,7,public class ConsoleMockitoLogger implements MockitoLogger {,2,0,0,0,1,1,0,2,0,5,60,1,0.0,0,0,-1
defect4j,mockito,org/mockito/internal/configuration/plugins/DefaultPluginSwitch,5,7,        return true;,2,0,0,0,0,1,0,2,0,4,12,5,0.0,0,0,-1
defect4j,mockito,org/mockito/exceptions/misusing/CannotStubVoidMethodWithReturnValue,5,7,        super(message);,4,3,0,1,2,0,12,0,0,20,15,3,0.0,0,0,-1
defect4j,mockito,org/mockito/internal/util/SimpleMockitoLogger,5,7,public class SimpleMockitoLogger extends ConsoleMockitoLogger {,2,0,0,0,1,1,0,2,0,5,63,1,0.0,0,0,-1
defect4j,mockito,org/mockito/internal/exceptions/stacktrace/DefaultStackTraceCleaner,5,8,public class DefaultStackTraceCleaner implements StackTraceCleaner {,0,0,0,0,1,0,4,0,0,5,68,5,0.0,0,0,-1
defect4j,mockito,org/mockito/internal/util/Timer,5,8,    public Timer(long durationMillis) {,4,0,0,1,3,1,0,0,0,5,35,2,0.0,0,0,-1
defect4j,mockito,org/mockito/exceptions/misusing/CannotStubVoidMethodWithReturnValue,5,8,    },4,0,0,0,1,0,4,2,0,10,1,5,0.0,0,0,-1
defect4j,mockito,org/mockito/internal/creation/instance/InstantationException,5,8,"        super(message, cause);",4,0,0,1,2,0,0,0,0,4,22,4,0.0,0,0,-1
defect4j,mockito,org/mockito/internal/util/StringJoiner,5,8,public class StringJoiner {,2,1,0,0,1,1,4,0,0,8,27,1,0.0,0,0,-1
defect4j,mockito,org/mockito/internal/util/collections/ArrayUtils,5,8,public class ArrayUtils {,2,0,0,0,1,1,0,0,0,3,25,1,0.0,0,0,-1
defect4j,mockito,org/mockito/internal/util/reflection/Whitebox,5,9,public class Whitebox {,6,0,0,0,1,1,0,2,0,9,23,1,0.0,0,0,-1
defect4j,mockito,org/mockito/internal/configuration/plugins/Plugins,5,9,public class Plugins {,8,0,0,0,1,0,0,0,0,10,22,4,0.0,0,0,-1
defect4j,mockito,org/mockito/internal/util/Timer,5,9,        this.durationMillis = durationMillis;,4,0,0,0,0,0,0,0,0,5,37,4,0.0,0,0,-1
defect4j,mockito,org/mockito/internal/configuration/plugins/PluginFileReader,5,9,class PluginFileReader {,2,0,0,0,1,0,0,0,0,2,24,1,0.0,0,0,-1
defect4j,mockito,org/mockito/internal/creation/instance/ConstructorInstantiator,5,9,    public ConstructorInstantiator(Object outerClassInstance) {,4,0,0,1,3,1,0,2,0,7,59,2,0.0,0,0,-1
defect4j,mockito,org/mockito/internal/util/reflection/FieldCopier,5,9,public class FieldCopier {,4,0,0,0,1,1,0,0,0,5,26,1,0.0,0,0,-1
defect4j,mockito,org/mockito/internal/util/SimpleMockitoLogger,5,9,    StringBuilder loggedInfo = new StringBuilder();,4,0,0,1,2,1,0,4,0,9,47,1,0.0,0,0,-1
defect4j,mockito,org/mockito/internal/verification/VerificationModeFactory,5,10,public class VerificationModeFactory {,2,0,0,0,1,1,0,0,0,3,38,1,0.0,0,0,-1
defect4j,mockito,org/mockito/internal/creation/instance/ConstructorInstantiator,5,10,        this.outerClassInstance = outerClassInstance;,6,0,0,0,0,0,0,0,0,7,45,3,0.0,0,0,-1
defect4j,mockito,org/mockito/internal/util/collections/Iterables,5,10,public class Iterables {,2,0,0,0,1,1,0,0,0,3,24,1,0.0,0,0,-1
defect4j,mockito,org/mockito/internal/matchers/Equality,5,10,public class Equality {,2,0,0,0,1,1,0,0,0,3,23,1,0.0,0,0,-1
defect4j,mockito,org/mockito/internal/exceptions/ExceptionIncludingMockitoWarnings,5,11,"        super(message, throwable);",4,0,0,1,2,0,0,0,0,4,26,4,0.0,0,0,-1
defect4j,mockito,org/mockito/internal/util/Decamelizer,5,11,public class Decamelizer {,2,0,0,0,1,1,0,0,0,3,26,1,0.0,0,0,-1
defect4j,mockito,org/mockito/verification/VerificationWrapper,5,11,        this.wrappedVerification = wrappedVerification;,4,0,0,0,0,0,0,0,0,5,47,4,0.0,0,0,-1
defect4j,mockito,org/mockito/internal/creation/instance/ConstructorInstantiator,5,11,    },4,0,0,0,1,1,4,4,0,13,1,1,0.0,0,0,-1
defect4j,mockito,org/mockito/internal/util/reflection/LenientCopyTool,5,11,public class LenientCopyTool {,4,0,0,0,1,0,0,2,0,6,30,6,0.0,0,0,-1
defect4j,mockito,org/mockito/internal/util/collections/ArrayUtils,5,11,        return array == null || array.length == 0;,6,3,0,0,0,1,0,0,0,9,42,4,0.0,0,0,-1
defect4j,mockito,org/mockito/internal/exceptions/stacktrace/DefaultStackTraceCleaner,5,11,"        boolean fromOrgMockito = e.getClassName().startsWith(""org.mockito."");",2,0,0,2,4,0,6,0,0,9,69,5,0.0,0,0,-1
defect4j,mockito,org/mockito/internal/util/Primitives,5,11,public class Primitives {,10,0,0,0,1,0,4,6,0,20,25,3,0.0,0,0,-1
defect4j,mockito,org/mockito/internal/creation/instance/ObjenesisInstantiator,5,11,    private final ObjenesisStd objenesis = new ObjenesisStd(new GlobalConfiguration().enableClassCache());,2,0,0,3,6,2,2,6,0,12,102,2,0.0,0,0,-1
defect4j,mockito,org/mockito/internal/util/Checks,5,11,public class Checks {,2,0,0,0,1,1,0,0,0,3,21,1,0.0,0,0,-1
defect4j,mockito,org/mockito/internal/util/collections/ListUtil,5,11,public class ListUtil {,2,1,0,0,1,0,0,0,0,3,23,4,0.0,0,0,-1
defect4j,mockito,org/mockito/internal/util/StringJoiner,5,11,"        StringBuilder out = new StringBuilder(""\n"");",2,0,0,1,2,0,0,4,0,7,44,4,0.0,0,0,-1
defect4j,mockito,org/mockito/internal/verification/InOrderContextImpl,5,11,public class InOrderContextImpl implements InOrderContext {,2,0,0,0,1,1,0,2,0,5,59,1,0.0,0,0,-1
defect4j,mockito,org/mockito/internal/util/reflection/FieldCopier,5,12,        Object value = field.get(from);,4,0,0,1,2,3,6,6,0,19,31,1,0.0,0,0,-1
defect4j,mockito,org/mockito/internal/verification/checkers/AtLeastDiscrepancy,5,12,"        super(wantedCount, actualCount);",2,0,0,1,2,0,6,2,0,11,32,6,0.0,0,0,-1
defect4j,mockito,org/mockito/internal/creation/DelegatingMethod,5,12,public class DelegatingMethod implements MockitoMethod {,2,0,0,0,1,1,0,2,0,5,56,1,0.0,0,0,-1
defect4j,mockito,org/mockito/internal/util/reflection/Whitebox,5,12,        Class<?> c = target.getClass();,2,0,0,1,2,0,4,2,0,8,31,4,0.0,0,0,-1
defect4j,mockito,org/mockito/internal/progress/SequenceNumber,5,12,        return sequenceNumber++;,2,0,0,0,0,1,0,0,0,3,24,4,0.0,0,0,-1
defect4j,mockito,org/mockito/internal/reporting/Discrepancy,5,12,"    public Discrepancy(int wantedCount, int actualCount) {",6,0,0,1,3,1,0,0,0,7,54,2,0.0,0,0,-1
defect4j,mockito,org/mockito/internal/exceptions/stacktrace/DefaultStackTraceCleaner,5,12,"        boolean isRunner = e.getClassName().startsWith(""org.mockito.runners."");",2,0,0,2,4,0,6,0,0,9,71,5,0.0,0,0,-1
defect4j,mockito,org/mockito/internal/configuration/plugins/PluginFileReader,5,12,        for(String line: IOUtil.readLines(input)) {,2,0,0,2,5,0,6,2,0,10,43,4,0.0,0,0,-1
defect4j,mockito,org/mockito/internal/invocation/InvocationMarker,5,12,public class InvocationMarker {,2,1,0,0,1,0,0,0,0,3,31,4,0.0,0,0,-1
defect4j,mockito,org/mockito/internal/util/ConsoleMockitoLogger,5,13,        System.out.println(what);,2,0,0,1,2,0,0,0,0,2,25,4,0.0,0,0,-1
defect4j,mockito,org/mockito/internal/util/reflection/FieldCopier,5,13,"        field.set(to, value);",0,0,0,1,2,0,8,0,0,8,21,5,0.0,0,0,-1
defect4j,mockito,org/mockito/internal/verification/VerificationModeFactory,5,13,        return atLeast(1);,2,0,0,1,2,2,0,2,0,5,18,1,0.0,0,0,-1
defect4j,mockito,org/mockito/internal/creation/instance/InstantiatorProvider,5,13,            return INSTANCE;,4,1,0,0,0,1,0,0,0,5,16,4,0.0,0,0,-1
defect4j,mockito,org/mockito/internal/stubbing/answers/AnswersValidator,5,13,    private final Reporter reporter = new Reporter();,6,0,0,1,2,2,0,4,0,13,49,1,0.0,0,0,-1
defect4j,mockito,org/mockito/internal/util/reflection/LenientCopyTool,5,13,    FieldCopier fieldCopier = new FieldCopier();,2,0,0,1,2,1,0,0,0,3,44,2,0.0,0,0,-1
defect4j,mockito,org/mockito/internal/reporting/Discrepancy,5,13,        this.wantedCount = wantedCount;,4,0,0,0,0,0,0,0,0,5,31,4,0.0,0,0,-1
defect4j,mockito,org/mockito/internal/exceptions/stacktrace/DefaultStackTraceCleaner,5,13,"        boolean isInternalRunner = e.getClassName().startsWith(""org.mockito.internal.runners."");",0,1,0,2,4,0,6,0,0,7,88,4,0.0,0,0,-1
defect4j,mockito,org/mockito/internal/matchers/AnyVararg,5,13,"public class AnyVararg extends ArgumentMatcher implements VarargMatcher, Serializable {",2,0,0,0,1,1,0,6,0,9,87,1,0.0,0,0,-1
defect4j,mockito,org/mockito/internal/configuration/plugins/PluginFileReader,5,13,            String stripped = stripCommentAndWhitespace(line);,2,0,0,1,2,0,4,2,0,8,50,6,0.0,0,0,-1
defect4j,mockito,org/mockito/internal/util/io/IOUtil,5,13,public class IOUtil {,2,0,0,0,1,1,0,0,0,3,21,1,0.0,0,0,-1
defect4j,mockito,org/mockito/exceptions/misusing/CannotVerifyStubOnlyMock,5,13,        super(message);,4,0,0,1,2,3,2,2,0,11,15,1,0.0,0,0,-1
defect4j,mockito,org/mockito/internal/exceptions/stacktrace/ConditionalStackTraceFilter,5,13,public class ConditionalStackTraceFilter implements Serializable {,2,0,0,0,1,1,0,2,0,5,66,1,0.0,0,0,-1
defect4j,mockito,org/mockito/internal/creation/cglib/SerializableMockitoMethodProxy,5,13,"class SerializableMockitoMethodProxy implements MockitoMethodProxy, Serializable {",4,1,0,0,1,0,0,4,0,9,82,1,0.0,0,0,-1
defect4j,mockito,org/mockito/internal/matchers/Equality,5,13,        if (o1 == o2 ) {,6,0,0,1,3,0,4,2,0,12,16,1,0.0,0,0,-1
defect4j,mockito,org/mockito/internal/util/Decamelizer,5,13,"private static final Pattern CAPS = Pattern.compile(""([A-Z\\d][^A-Z\\d]*)"");",2,0,0,4,8,3,4,2,0,12,76,2,0.0,0,0,-1
defect4j,mockito,org/mockito/internal/verification/InOrderContextImpl,5,13,    final IdentitySet verified = new IdentitySet();,2,1,1,1,2,0,2,0,0,9,47,6,0.0,0,0,-1
defect4j,mockito,org/mockito/internal/listeners/CollectCreatedMocks,5,14,    public CollectCreatedMocks(List toBeFilled) {,4,0,0,1,3,1,0,2,0,7,45,2,0.0,0,0,-1
defect4j,mockito,org/mockito/internal/util/Checks,5,14,        if(value == null) {,2,1,0,1,3,0,0,0,0,3,19,4,0.0,0,0,-1
defect4j,mockito,org/mockito/internal/util/reflection/Whitebox,5,14,"            Field f = getFieldFromHierarchy(c, field);",2,0,0,1,2,0,6,2,0,10,42,6,0.0,0,0,-1
defect4j,mockito,org/mockito/internal/util/reflection/FieldSetter,5,14,"    public FieldSetter(Object target, Field field) {",6,0,0,1,3,1,0,4,0,11,48,2,0.0,0,0,-1
defect4j,mockito,org/mockito/internal/util/collections/Sets,5,14,public abstract class Sets {,2,0,0,0,1,2,0,0,0,4,28,1,0.0,0,0,-1
defect4j,mockito,org/mockito/internal/reporting/Discrepancy,5,14,        this.actualCount = actualCount;,4,0,0,0,0,0,0,0,0,5,31,4,0.0,0,0,-1
defect4j,mockito,org/mockito/exceptions/misusing/MockitoConfigurationException,5,14,        super(message);,2,0,0,1,2,0,0,0,0,2,15,4,0.0,0,0,-1
defect4j,mockito,org/mockito/internal/exceptions/stacktrace/DefaultStackTraceCleaner,5,14,        return (fromMockObject || fromOrgMockito) && !isRunner && !isInternalRunner;,10,3,0,1,2,1,0,0,0,15,76,3,0.0,0,0,-1
defect4j,mockito,org/mockito/internal/configuration/plugins/PluginFileReader,5,14,            if (stripped.length() > 0) {,0,1,0,2,5,0,4,0,0,5,28,6,0.0,0,0,-1
defect4j,mockito,org/mockito/internal/stubbing/ConsecutiveStubbing,5,14,    public ConsecutiveStubbing(InvocationContainerImpl invocationContainerImpl) {,4,0,0,1,3,1,0,2,0,7,77,2,0.0,0,0,-1
defect4j,mockito,org/mockito/internal/util/RemoveFirstLine,5,14,"        return text.replaceFirst("".*?\n"", """");",4,0,0,1,2,1,4,2,0,12,38,3,0.0,0,0,-1
defect4j,mockito,org/mockito/exceptions/verification/SmartNullPointerException,5,14,        super(message);,6,0,0,1,2,0,0,0,0,7,15,3,0.0,0,0,-1
defect4j,mockito,org/mockito/internal/util/collections/ListUtil,5,14,        LinkedList<T> filtered = new LinkedList<T>();,2,0,0,1,2,0,0,8,0,10,45,4,0.0,0,0,-1
defect4j,mockito,org/mockito/internal/creation/instance/ConstructorInstantiator,5,14,        if (outerClassInstance == null) {,2,1,0,1,3,0,0,0,0,3,33,4,0.0,0,0,-1
defect4j,mockito,org/mockito/internal/stubbing/BaseStubbing,5,14,"public abstract class BaseStubbing<T> implements OngoingStubbing<T>, DeprecatedOngoingStubbing<T> {",4,0,0,0,1,2,0,8,0,14,99,1,0.0,0,0,-1
defect4j,mockito,org/mockito/internal/configuration/injection/MockInjectionStrategy,5,14,public abstract class MockInjectionStrategy {,2,0,0,0,1,0,0,0,0,2,45,2,0.0,0,0,-1
defect4j,mockito,org/mockito/internal/creation/cglib/DelegatingMockitoMethodProxy,5,14,    public DelegatingMockitoMethodProxy(MethodProxy methodProxy) {,8,0,0,1,3,1,0,2,0,12,62,2,0.0,0,0,-1
defect4j,mockito,org/mockito/internal/exceptions/util/ScenarioPrinter,5,14,        if (invocations.size() == 1) {,0,1,0,2,5,0,4,0,0,5,30,4,0.0,0,0,-1
defect4j,mockito,org/mockito/internal/verification/SingleRegisteredInvocation,5,14,"public class SingleRegisteredInvocation implements RegisteredInvocations, Serializable {",2,0,0,0,1,1,0,4,0,7,88,1,0.0,0,0,-1
defect4j,mockito,org/mockito/exceptions/misusing/WrongTypeOfReturnValue,5,14,        super(message);,2,0,0,1,2,0,0,0,0,2,15,4,0.0,0,0,-1
defect4j,mockito,org/mockito/exceptions/misusing/FriendlyReminderException,5,15,        super(message);,2,0,0,1,2,0,0,0,0,2,15,4,0.0,0,0,-1
defect4j,mockito,org/mockito/internal/creation/cglib/MockitoNamingPolicy,5,15,"        return ""ByMockitoWithCGLIB"";",2,0,0,0,0,1,0,0,0,4,28,1,0.0,0,0,-1
defect4j,mockito,org/mockito/exceptions/verification/NeverWantedButInvoked,5,15,        super(message);,6,1,0,1,2,0,0,2,0,9,15,3,0.0,0,0,-1
defect4j,mockito,org/mockito/internal/util/SimpleMockitoLogger,5,15,    },2,0,0,0,1,2,4,8,0,16,1,1,0.0,0,0,-1
defect4j,mockito,org/mockito/exceptions/misusing/UnfinishedVerificationException,5,15,        super(message);,2,0,0,1,2,0,0,0,0,2,15,4,0.0,0,0,-1
defect4j,mockito,org/mockito/internal/util/reflection/Constructors,5,15,            return classToMock.getDeclaredConstructor();,4,1,0,1,2,1,18,6,0,29,44,1,0.0,0,0,-1
defect4j,mockito,org/mockito/internal/matchers/GreaterOrEqual,5,15,        super(value);,2,0,0,1,2,0,0,0,0,2,13,4,0.0,0,0,-1
defect4j,mockito,org/mockito/internal/util/Checks,5,15,"            throw new NullPointerException(checkedValue + "" should not be null"");",4,0,0,1,2,2,6,0,0,12,69,1,0.0,0,0,-1
defect4j,mockito,org/mockito/internal/util/reflection/Whitebox,5,15,            f.setAccessible(true);,0,0,0,1,2,0,4,0,0,5,22,7,0.0,0,0,-1
defect4j,mockito,org/mockito/internal/verification/MockAwareVerificationMode,5,15,"    public MockAwareVerificationMode(Object mock, VerificationMode mode) {",6,0,0,1,3,1,0,4,0,11,70,2,0.0,0,0,-1
defect4j,mockito,org/mockito/internal/util/reflection/FieldSetter,5,15,        this.target = target;,4,0,0,0,0,0,0,0,0,5,21,4,0.0,0,0,-1
defect4j,mockito,org/mockito/internal/util/reflection/FieldReader,5,15,    final AccessibilityChanger changer = new AccessibilityChanger();,2,0,0,1,2,1,0,4,0,7,64,2,0.0,0,0,-1
defect4j,mockito,org/mockito/exceptions/Discrepancy,5,15,"        super(wantedCount, actualCount);",4,0,0,1,2,0,0,0,0,4,32,4,0.0,0,0,-1
defect4j,mockito,org/mockito/internal/verification/argumentmatching/ArgumentMatchingTool,5,15,public class ArgumentMatchingTool {,2,0,0,0,1,1,0,0,0,3,35,1,0.0,0,0,-1
defect4j,mockito,org/mockito/internal/matchers/CompareTo,5,15,    public CompareTo(Comparable<T> value) {,4,0,0,1,3,1,0,4,0,9,39,2,0.0,0,0,-1
defect4j,mockito,org/mockito/internal/invocation/UnusedStubsFinder,5,15,public class UnusedStubsFinder {,2,0,0,0,1,1,0,0,0,3,32,1,0.0,0,0,-1
defect4j,mockito,org/mockito/exceptions/misusing/UnfinishedStubbingException,5,15,        super(message);,2,0,0,1,2,0,0,0,0,2,15,4,0.0,0,0,-1
defect4j,mockito,org/mockito/internal/util/collections/IdentitySet,5,15,        for(Object existing:list) {,4,0,0,1,3,0,0,2,0,6,27,4,0.0,0,0,-1
defect4j,mockito,org/mockito/exceptions/misusing/NullInsteadOfMockException,5,15,        super(message);,2,0,0,1,2,0,0,0,0,2,15,4,0.0,0,0,-1
defect4j,mockito,org/mockito/internal/invocation/ArgumentsComparator,5,15,public class ArgumentsComparator {,2,0,0,0,1,1,0,0,0,3,34,1,0.0,0,0,-1
defect4j,mockito,org/mockito/exceptions/verification/SmartNullPointerException,5,15,    },2,0,0,0,1,0,0,2,0,4,1,5,0.0,0,0,-1
defect4j,mockito,org/mockito/internal/util/collections/ListUtil,5,15,        for (T t : collection) {,2,0,0,1,3,1,4,4,0,11,24,7,0.0,0,0,-1
defect4j,mockito,org/mockito/internal/creation/instance/ConstructorInstantiator,5,15,            return noArgConstructor(cls);,0,0,0,1,2,1,4,0,0,4,29,7,0.0,0,0,-1
defect4j,mockito,org/mockito/internal/creation/cglib/DelegatingMockitoMethodProxy,5,15,        this.methodProxy = methodProxy;,4,0,0,0,0,0,0,0,0,5,31,4,0.0,0,0,-1
defect4j,mockito,org/mockito/internal/invocation/InvocationMarker,5,15,        for (Invocation invocation : invocations) {,4,0,0,1,3,0,0,2,0,6,43,4,0.0,0,0,-1
defect4j,mockito,org/mockito/internal/matchers/LessOrEqual,5,15,        super(value);,2,0,0,1,2,0,0,0,0,2,13,4,0.0,0,0,-1
defect4j,mockito,org/mockito/exceptions/verification/TooLittleActualInvocations,5,15,        super(message);,2,0,0,1,2,0,0,0,0,2,15,4,0.0,0,0,-1
defect4j,mockito,org/mockito/exceptions/verification/VerificationInOrderFailure,5,15,        super(message);,2,0,0,1,2,0,0,0,0,2,15,4,0.0,0,0,-1
defect4j,mockito,org/mockito/internal/matchers/Equality,5,15,	} else if (o1 == null || o2 == null) {,6,3,0,1,4,2,0,8,0,19,38,1,0.0,0,0,-1
defect4j,mockito,org/mockito/internal/util/MockCreationValidator,5,15,public class MockCreationValidator {,2,0,0,0,1,1,0,0,0,3,36,1,0.0,0,0,-1
defect4j,mockito,org/mockito/internal/matchers/GreaterThan,5,15,        super(value);,4,0,0,1,2,0,6,0,0,10,13,3,0.0,0,0,-1
defect4j,mockito,org/mockito/internal/util/reflection/LenientCopyTool,5,16,"        copy(from, mock, from.getClass(), mock.getClass().getSuperclass());",4,0,0,4,8,0,36,2,0,42,67,1,0.0,0,0,-1
defect4j,mockito,org/mockito/internal/matchers/VarargCapturingMatcher,5,16,"public class VarargCapturingMatcher<T> extends ArgumentMatcher<T> implements CapturesArguments, VarargMatcher, Serializable {",4,0,0,0,1,1,0,10,0,15,125,1,0.0,0,0,-1
defect4j,mockito,org/mockito/internal/util/reflection/Whitebox,5,16,            return f.get(target);,0,0,0,1,2,1,6,0,0,6,21,7,0.0,0,0,-1
defect4j,mockito,org/mockito/internal/verification/MockAwareVerificationMode,5,16,        this.mock = mock;,8,0,0,0,0,0,4,0,0,13,17,3,0.0,0,0,-1
defect4j,mockito,org/mockito/internal/creation/DelegatingMethod,5,16,    public DelegatingMethod(Method method) {,4,0,0,1,3,1,0,2,0,7,40,2,0.0,0,0,-1
defect4j,mockito,org/mockito/internal/debugging/MockitoDebuggerImpl,5,16,public class MockitoDebuggerImpl implements MockitoDebugger {,2,0,0,0,1,1,0,2,0,5,61,1,0.0,0,0,-1
defect4j,mockito,org/mockito/internal/util/reflection/FieldInitializationReport,5,16,"    public FieldInitializationReport(Object fieldInstance, boolean wasInitialized, boolean wasInitializedUsingConstructorArgs) {",8,0,0,1,3,1,0,2,0,11,124,2,0.0,0,0,-1
defect4j,mockito,org/mockito/Matchers,6,373,        return reportMatcher(Any.ANY).returnSet();,4,0,0,2,4,1,4,0,0,8,42,5,0.66667,1,0,-1
defect4j,mockito,org/mockito/Matchers,6,339,        return reportMatcher(Any.ANY).returnList();,2,0,0,2,4,1,6,2,0,10,43,4,0.5,1,0,-1
defect4j,mockito,org/mockito/internal/invocation/InvocationMatcher,6,134,                    ((CapturesArguments) m).captureFrom(invocation.getRawArguments()[position]);,2,0,1,5,10,0,6,2,0,12,76,11,0.33108,0,0,-1
defect4j,mockito,org/mockito/internal/matchers/LocalizedMatcher,6,62,        if (actualMatcher instanceof CapturesArguments) {,2,0,0,1,3,0,0,2,0,4,49,5,0.31613,0,0,-1
defect4j,mockito,org/mockito/internal/invocation/InvocationMatcher,6,126,"                if(isVariableArgument(invocation, position) && isVarargMatcher(m)) {",0,0,0,3,7,0,4,2,0,7,68,5,0.31013,0,0,-1
defect4j,mockito,org/mockito/internal/invocation/InvocationMatcher,6,149,        return invocation.getRawArguments().length - 1 == position,4,2,0,1,2,1,4,0,0,10,58,7,0.31013,0,0,-1
defect4j,mockito,org/mockito/internal/stubbing/answers/Returns,6,22,        return value;,2,0,0,0,0,1,8,4,0,14,13,1,0.28824,0,0,-1
defect4j,mockito,org/mockito/internal/invocation/InvocationImpl,6,105,        return this.rawArguments;,2,0,0,0,0,1,0,0,0,2,25,5,0.27374,0,0,-1
defect4j,mockito,org/mockito/Matchers,6,879,        return MOCKING_PROGRESS.getArgumentMatcherStorage().reportMatcher(matcher);,0,0,0,2,4,1,16,0,0,16,75,5,0.26344,0,0,-1
defect4j,mockito,org/mockito/internal/stubbing/answers/Returns,6,30,        return value.getClass();,2,0,0,1,2,2,8,0,0,11,24,3,0.25654,0,0,-1
defect4j,mockito,org/mockito/internal/stubbing/answers/AnswersValidator,6,22,"            validateReturnValue((Returns) answer, methodInfo);",2,0,0,2,4,0,4,2,0,8,50,7,0.25521,0,0,-1
defect4j,mockito,org/mockito/internal/invocation/MatchersBinder,6,32,            int recordedMatchersSize = lastMatchers.size();,6,1,0,1,2,0,0,0,0,7,47,4,0.25521,0,0,-1
defect4j,mockito,org/mockito/internal/invocation/MatchersBinder,6,33,            int expectedMatchersSize = invocation.getArguments().length;,2,0,0,1,2,0,4,2,0,8,60,4,0.25521,0,0,-1
defect4j,mockito,org/mockito/internal/invocation/MatchersBinder,6,34,            if (expectedMatchersSize != recordedMatchersSize) {,6,1,0,1,3,0,4,0,0,12,51,3,0.25521,0,0,-1
defect4j,mockito,org/mockito/internal/progress/ArgumentMatcherStorageImpl,6,44,        List<LocalizedMatcher> matchers = new ArrayList<LocalizedMatcher>(matcherStack);,8,1,0,1,2,0,4,12,0,25,80,1,0.25521,0,0,-1
defect4j,mockito,org/mockito/internal/stubbing/answers/MethodInfo,6,38,        if (method.getReturnType().isPrimitive() || clazz.isPrimitive()) {,0,1,0,4,9,0,10,0,0,11,66,4,0.25389,0,0,-1
defect4j,mockito,org/mockito/internal/stubbing/answers/AnswersValidator,6,68,        if (answer.returnsNull() && methodInfo.returnsPrimitive()) {,0,1,0,3,7,0,8,0,0,9,60,4,0.24747,0,0,-1
defect4j,mockito,org/mockito/internal/progress/ArgumentMatcherStorageImpl,6,32,        matcherStack.push(new LocalizedMatcher(matcher));,4,1,0,2,4,0,4,4,0,13,49,3,0.24378,0,0,-1
defect4j,mockito,org/mockito/internal/matchers/LocalizedMatcher,6,22,    public LocalizedMatcher(Matcher actualMatcher) {,6,1,0,1,3,1,0,4,0,12,48,2,0.2402,0,0,-1
defect4j,mockito,org/mockito/internal/matchers/LocalizedMatcher,6,23,        this.actualMatcher = actualMatcher;,4,0,0,0,0,0,0,0,0,5,35,4,0.2402,0,0,-1
defect4j,mockito,org/mockito/internal/matchers/LocalizedMatcher,6,24,        this.location = new LocationImpl();,2,0,0,1,2,0,0,2,0,5,35,4,0.2402,0,0,-1
defect4j,mockito,org/mockito/internal/stubbing/answers/Returns,6,17,    public Returns(Object value) {,6,0,0,1,3,1,4,4,0,17,30,2,0.23902,0,0,-1
defect4j,mockito,org/mockito/internal/stubbing/answers/Returns,6,18,        this.value = value;,4,0,0,0,0,0,4,0,0,9,19,3,0.23902,0,0,-1
defect4j,mockito,org/mockito/internal/stubbing/StubbedInvocationMatcher,6,34,        return a.answer(invocation);,6,1,0,1,2,3,18,10,0,39,28,1,0.23671,0,0,-1
defect4j,mockito,org/mockito/internal/stubbing/ConsecutiveStubbing,6,14,    public ConsecutiveStubbing(InvocationContainerImpl invocationContainerImpl) {,4,0,0,1,3,1,0,2,0,7,77,2,0.23445,0,0,-1
defect4j,mockito,org/mockito/internal/stubbing/ConsecutiveStubbing,6,15,        this.invocationContainerImpl = invocationContainerImpl;,4,0,0,0,0,0,0,0,0,5,55,4,0.23445,0,0,-1
defect4j,mockito,org/mockito/internal/verification/DefaultRegisteredInvocations,6,48,        synchronized (invocations) {,2,0,0,1,3,0,0,0,0,2,28,4,0.23005,0,0,-1
defect4j,mockito,org/mockito/internal/stubbing/OngoingStubbingImpl,6,24,        if(!invocationContainerImpl.hasInvocationForPotentialStubbing()) {,4,1,0,2,5,0,4,4,0,13,66,3,0.22897,0,0,-1
defect4j,mockito,org/mockito/internal/stubbing/InvocationContainerImpl,6,103,        return !registeredInvocations.isEmpty();,2,0,0,1,2,1,0,2,0,4,40,5,0.22685,0,0,-1
defect4j,mockito,org/mockito/internal/verification/DefaultRegisteredInvocations,6,31,        synchronized (invocations) {,8,1,0,1,3,0,0,2,0,12,28,1,0.21973,0,0,-1
defect4j,mockito,org/mockito/internal/verification/DefaultRegisteredInvocations,6,36,    },0,0,0,0,1,0,4,0,0,5,1,9,0.21973,0,0,-1
defect4j,mockito,org/mockito/internal/MockitoCore,6,70,        return stubbing;,2,0,0,0,0,1,0,0,0,2,16,4,0.21973,0,0,-1
defect4j,mockito,org/mockito/internal/MockitoCore,6,65,        IOngoingStubbing stubbing = mockingProgress.pullOngoingStubbing();,0,1,0,1,2,0,16,0,0,19,66,5,0.21304,0,0,-1
defect4j,mockito,org/mockito/internal/MockitoCore,6,66,        if (stubbing == null) {,2,1,0,1,3,0,10,0,0,13,23,3,0.21304,0,0,-1
defect4j,mockito,org/mockito/internal/handler/MockHandlerImpl,6,90,            stubbedInvocation.captureArgumentsFrom(invocation);,0,0,0,1,2,0,6,0,0,6,51,7,0.2094,0,0,-1
defect4j,mockito,org/mockito/internal/stubbing/StubbedInvocationMatcher,6,31,        synchronized(answers) {,4,0,0,1,3,0,4,2,0,10,23,5,0.20675,0,0,-1
defect4j,mockito,org/mockito/internal/stubbing/StubbedInvocationMatcher,6,42,        this.usedAt = usedAt;,4,0,0,0,0,0,0,0,0,5,21,4,0.20502,0,0,-1
defect4j,mockito,org/mockito/internal/stubbing/InvocationContainerImpl,6,80,                    s.markStubUsed(invocation);,2,0,0,1,2,0,0,0,0,2,27,6,0.20502,0,0,-1
defect4j,mockito,org/mockito/internal/stubbing/InvocationContainerImpl,6,82,                    return s;,2,0,0,0,0,1,0,0,0,2,9,10,0.20502,0,0,-1
defect4j,mockito,org/mockito/internal/invocation/InvocationImpl,6,124,        this.stubInfo = stubInfo;,4,0,0,0,0,0,0,0,0,5,25,4,0.20417,0,0,-1
defect4j,mockito,org/mockito/internal/progress/MockingProgressImpl,6,34,        IOngoingStubbing temp = iOngoingStubbing;,4,0,0,0,0,0,0,2,0,6,41,4,0.19444,0,0,-1
defect4j,mockito,org/mockito/internal/progress/MockingProgressImpl,6,35,        iOngoingStubbing = null;,2,0,0,0,0,0,4,4,0,10,24,4,0.19444,0,0,-1
defect4j,mockito,org/mockito/internal/progress/MockingProgressImpl,6,36,        return temp;,0,0,0,0,0,1,4,0,0,4,12,5,0.19444,0,0,-1
defect4j,mockito,org/mockito/internal/invocation/InvocationMatcher,6,36,            this.matchers = matchers;,4,0,0,0,0,0,0,0,0,5,25,6,0.18352,0,0,-1
defect4j,mockito,org/mockito/internal/stubbing/StubbedInvocationMatcher,6,24,"        super(invocation.getInvocation(), invocation.getMatchers());",0,0,0,3,6,0,8,0,0,8,60,5,0.17883,0,0,-1
defect4j,mockito,org/mockito/internal/stubbing/InvocationContainerImpl,6,63,        synchronized (stubbed) {,2,0,0,1,3,0,0,0,0,2,24,4,0.17883,0,0,-1
defect4j,mockito,org/mockito/internal/stubbing/InvocationContainerImpl,6,64,            if (isConsecutive) {,2,0,0,1,3,0,0,0,0,2,20,6,0.17883,0,0,-1
defect4j,mockito,org/mockito/internal/stubbing/InvocationContainerImpl,6,70,    },0,0,0,0,1,0,6,2,0,8,1,5,0.17883,0,0,-1
defect4j,mockito,org/mockito/internal/progress/ThreadSafeMockingProgress,6,45,    },4,0,0,0,1,0,0,0,0,5,1,4,0.17193,0,0,-1
defect4j,mockito,org/mockito/internal/progress/ThreadSafeMockingProgress,6,52,        threadSafely().stubbingCompleted(invocation);,2,0,0,2,4,1,6,0,0,9,45,2,0.17133,0,0,-1
defect4j,mockito,org/mockito/internal/stubbing/answers/AnswersValidator,6,25,        if (answer instanceof DoesNothing) {,2,0,0,1,3,0,0,2,0,4,36,5,0.17073,0,0,-1
defect4j,mockito,org/mockito/internal/progress/MockingProgressImpl,6,63,        validateState();,0,0,0,1,2,0,2,0,0,2,16,5,0.17073,0,0,-1
defect4j,mockito,org/mockito/internal/progress/MockingProgressImpl,6,64,        stubbingInProgress = new LocationImpl();,6,0,0,1,2,0,0,2,0,10,40,4,0.17073,0,0,-1
defect4j,mockito,org/mockito/internal/stubbing/InvocationContainerImpl,6,58,        Invocation invocation = invocationForStubbing.getInvocation();,2,0,0,1,2,0,4,2,0,8,62,4,0.16724,0,0,-1
defect4j,mockito,org/mockito/internal/stubbing/InvocationContainerImpl,6,60,        AnswersValidator answersValidator = new AnswersValidator();,4,0,0,1,2,1,0,2,0,7,59,2,0.16724,0,0,-1
defect4j,mockito,org/mockito/internal/progress/MockingProgressImpl,6,93,        stubbingInProgress = null;,2,0,0,0,0,0,0,0,0,3,26,4,0.16724,0,0,-1
defect4j,mockito,org/mockito/internal/stubbing/answers/AnswersValidator,6,11,public class AnswersValidator {,2,0,0,0,1,1,0,0,0,3,31,1,0.15806,0,0,-1
defect4j,mockito,org/mockito/internal/stubbing/answers/AnswersValidator,6,16,        MethodInfo methodInfo = new MethodInfo(invocation);,4,0,0,1,2,0,0,4,0,8,51,4,0.15806,0,0,-1
defect4j,mockito,org/mockito/internal/stubbing/answers/AnswersValidator,6,17,        if (answer instanceof ThrowsException) {,2,0,0,1,3,0,0,2,0,4,40,5,0.15806,0,0,-1
defect4j,mockito,org/mockito/internal/stubbing/answers/MethodInfo,6,21,    public MethodInfo(Invocation theInvocation) {,4,0,0,1,3,1,0,2,0,7,45,2,0.15756,0,0,-1
defect4j,mockito,org/mockito/internal/stubbing/answers/MethodInfo,6,22,        this.method = theInvocation.getMethod();,2,0,0,1,2,0,4,0,0,7,40,4,0.15756,0,0,-1
defect4j,mockito,org/mockito/internal/progress/HandyReturnValues,6,13,public class HandyReturnValues {,2,0,0,0,1,1,6,0,0,9,32,1,0.14939,0,0,-1
defect4j,mockito,org/mockito/internal/invocation/InvocationMatcher,6,123,            Matcher m = matchers.get(position);,6,0,0,1,2,0,6,0,0,14,35,3,0.14759,0,0,-1
defect4j,mockito,org/mockito/internal/invocation/InvocationMatcher,6,124,            if (m instanceof CapturesArguments && invocation.getRawArguments().length > position) {,6,2,0,2,5,0,10,2,0,20,87,3,0.14759,0,0,-1
defect4j,mockito,org/mockito/Matchers,6,137,        return reportMatcher(Any.ANY).returnZero();,10,0,0,2,4,2,16,4,0,31,43,1,0.14286,1,0,-1
defect4j,mockito,org/mockito/Matchers,6,182,        return reportMatcher(Any.ANY).returnZero();,4,0,0,2,4,1,4,0,0,8,43,5,0.14286,1,0,-1
defect4j,mockito,org/mockito/Matchers,6,197,        return reportMatcher(Any.ANY).returnZero();,2,0,0,2,4,1,0,2,0,4,43,6,0.14286,1,0,-1
defect4j,mockito,org/mockito/Matchers,6,212,        return reportMatcher(Any.ANY).returnZero();,8,0,0,2,4,1,4,2,0,15,43,3,0.14286,1,0,-1
defect4j,mockito,org/mockito/Matchers,6,227,        return reportMatcher(Any.ANY).returnZero();,0,0,0,2,4,1,6,0,0,6,43,5,0.14286,1,0,-1
defect4j,mockito,org/mockito/internal/invocation/ArgumentsComparator,6,26,            if (!invocationMatcher.getMatchers().get(i).matches(actualArgs[i])) {,0,0,1,5,11,0,10,0,0,15,69,6,0.13137,0,0,-1
defect4j,mockito,org/mockito/internal/stubbing/defaultanswers/ReturnsEmptyValues,6,108,        } else if (type == HashMap.class) {,2,1,0,1,4,0,0,2,0,5,35,15,0.10652,0,0,-1
defect4j,mockito,org/mockito/internal/stubbing/defaultanswers/ReturnsEmptyValues,6,102,        } else if (type == LinkedList.class) {,2,1,0,1,4,0,0,2,0,5,38,12,0.10629,0,0,-1
defect4j,mockito,org/mockito/internal/stubbing/defaultanswers/ReturnsEmptyValues,6,106,        } else if (type == Map.class) {,4,1,0,1,4,0,0,2,0,7,31,3,0.10629,0,0,-1
defect4j,mockito,org/mockito/internal/stubbing/defaultanswers/ReturnsEmptyValues,6,88,        } else if (type == Collection.class) {,2,1,0,1,4,0,0,2,0,5,38,5,0.10583,0,0,-1
defect4j,mockito,org/mockito/internal/stubbing/defaultanswers/ReturnsEmptyValues,6,90,        } else if (type == Set.class) {,4,1,0,1,4,0,0,2,0,7,31,3,0.10583,0,0,-1
defect4j,mockito,org/mockito/internal/stubbing/defaultanswers/ReturnsEmptyValues,6,92,        } else if (type == HashSet.class) {,2,1,0,1,4,0,0,2,0,5,35,7,0.10583,0,0,-1
defect4j,mockito,org/mockito/internal/stubbing/defaultanswers/ReturnsEmptyValues,6,94,        } else if (type == SortedSet.class) {,2,1,0,1,4,0,0,2,0,5,37,8,0.10583,0,0,-1
defect4j,mockito,org/mockito/internal/stubbing/defaultanswers/ReturnsEmptyValues,6,96,        } else if (type == TreeSet.class) {,4,1,0,1,4,0,4,4,0,13,35,3,0.10583,0,0,-1
defect4j,mockito,org/mockito/internal/stubbing/defaultanswers/ReturnsEmptyValues,6,98,        } else if (type == LinkedHashSet.class) {,2,1,0,1,4,0,0,2,0,5,41,10,0.10583,0,0,-1
defect4j,mockito,org/mockito/internal/invocation/ArgumentsProcessor,6,47,                matchers.add(new Equals(arg));,2,0,0,2,4,0,4,2,0,8,30,9,0.10493,0,0,-1
defect4j,mockito,org/mockito/internal/invocation/ArgumentsProcessor,6,44,            if (arg != null && arg.getClass().isArray()) {,2,1,0,3,7,0,12,2,0,17,46,1,0.10381,0,0,-1
defect4j,mockito,org/mockito/internal/matchers/Equals,6,19,    public Equals(Object wanted) {,2,0,0,1,3,0,6,0,0,9,30,7,0.10273,0,0,-1
defect4j,mockito,org/mockito/internal/matchers/Equals,6,20,        this.wanted = wanted;,4,0,0,0,0,0,0,0,0,5,21,4,0.10273,0,0,-1
defect4j,mockito,org/mockito/internal/invocation/InvocationMatcher,6,107,        	    for (int i = 0; i < params1.length; i++) {,10,1,0,1,3,0,0,0,0,12,42,8,0.09496,0,0,-1
defect4j,mockito,org/mockito/internal/invocation/InvocationMatcher,6,104,        	Class[] params1 = m1.getParameterTypes();,2,0,0,2,4,0,4,2,0,8,41,6,0.09441,0,0,-1
defect4j,mockito,org/mockito/internal/invocation/InvocationMatcher,6,105,        	Class[] params2 = m2.getParameterTypes();,2,0,0,2,4,0,4,2,0,8,41,6,0.09441,0,0,-1
defect4j,mockito,org/mockito/internal/invocation/InvocationMatcher,6,106,        	if (params1.length == params2.length) {,8,1,0,1,3,0,0,0,0,9,39,6,0.09441,0,0,-1
defect4j,mockito,org/mockito/internal/invocation/ArgumentsComparator,6,18,"        return argumentsMatch(invocationMatcher, actualArgs) || varArgsMatch(invocationMatcher, actual);",2,0,0,2,4,3,0,8,0,12,96,2,0.09423,0,0,-1
defect4j,mockito,org/mockito/ArgumentMatcher,6,60,public abstract class ArgumentMatcher<T> extends BaseMatcher<T> {,4,0,0,0,1,2,0,4,0,10,65,1,0.09405,0,0,-1
defect4j,mockito,org/mockito/Matchers,6,324,        return reportMatcher(Any.ANY).returnString();,2,0,0,2,4,1,4,2,0,8,45,4,0.09302,1,0,-1
defect4j,mockito,org/mockito/internal/invocation/ArgumentsComparator,6,15,public class ArgumentsComparator {,4,0,0,0,1,3,4,6,0,17,34,1,0.09298,0,0,-1
defect4j,mockito,org/mockito/internal/invocation/ArgumentsComparator,6,22,        if (actualArgs.length != invocationMatcher.getMatchers().size()) {,2,0,0,3,7,0,8,4,0,14,66,4,0.09298,0,0,-1
defect4j,mockito,org/mockito/internal/invocation/InvocationMatcher,6,99,        Method m1 = invocation.getMethod();,2,0,0,1,2,0,4,2,0,8,35,4,0.09263,0,0,-1
defect4j,mockito,org/mockito/internal/invocation/InvocationMatcher,6,100,        Method m2 = candidate.getMethod();,2,0,0,1,2,0,6,2,0,10,34,5,0.09263,0,0,-1
defect4j,mockito,org/mockito/internal/handler/InvocationNotifierHandler,7,41,        } catch (Throwable t){,2,0,0,1,4,0,0,2,0,4,22,6,1.0,0,0,-1
defect4j,mockito,org/mockito/internal/handler/InvocationNotifierHandler,7,43,            throw t;,6,1,0,0,0,0,6,0,0,14,8,4,1.0,0,0,-1
defect4j,mockito,org/mockito/internal/configuration/GlobalConfiguration,7,59,        return GLOBAL_CONFIGURATION.get().cleansStackTrace();,0,0,0,2,4,1,8,0,0,8,53,9,1.0,0,0,-1
defect4j,mockito,org/mockito/internal/handler/InvocationNotifierHandler,7,66,	},6,0,0,0,1,0,8,6,0,20,1,1,1.0,0,0,-1
defect4j,mockito,org/mockito/internal/util/reflection/GenericMetadataSupport,7,392,                return (Class<?>) type;,2,0,0,1,2,1,0,2,0,4,23,8,0.125,1,1,-1
defect4j,mockito,org/mockito/internal/util/reflection/GenericMetadataSupport,7,431,            List<Class<?>> rawExtraInterfaces = new ArrayList<Class<?>>();,8,0,0,1,2,0,8,6,0,22,62,3,0.125,0,0,-1
defect4j,mockito,org/mockito/internal/util/reflection/GenericMetadataSupport,7,439,            return rawExtraInterfaces.toArray(new Class[rawExtraInterfaces.size()]);,0,0,0,3,6,1,8,2,0,10,72,6,0.125,0,0,-1
defect4j,mockito,org/mockito/internal/util/reflection/GenericMetadataSupport,7,414,                return Arrays.asList(((BoundedType) type).interfaceBounds());,2,0,0,4,8,1,6,2,0,10,61,8,0.11111,0,0,-1
defect4j,mockito,org/mockito/internal/util/reflection/GenericMetadataSupport,7,451,                Type actualFirstBound = extractActualBoundedTypeOf(((BoundedType) type).firstBound());,4,0,0,4,8,0,4,4,0,12,86,7,0.11111,0,0,-1
defect4j,mockito,org/mockito/internal/util/reflection/GenericMetadataSupport,7,452,                if (!(actualFirstBound instanceof BoundedType)) {,2,0,0,2,5,0,0,2,0,5,49,7,0.11111,0,0,-1
defect4j,mockito,org/mockito/internal/util/reflection/GenericMetadataSupport,7,453,"                    return type; // avoid going one step further, ie avoid : O(TypeVar) -> K(TypeVar) -> Some ParamType",2,0,0,2,4,1,0,0,0,2,99,9,0.11111,0,0,-1
defect4j,mockito,org/mockito/internal/util/reflection/GenericMetadataSupport,7,398,                return extractRawTypeOf(((BoundedType) type).firstBound());,2,0,0,4,8,1,4,2,0,8,59,8,0.1,0,0,-1
defect4j,mockito,org/mockito/internal/util/reflection/GenericMetadataSupport,7,412,            Type type = extractActualBoundedTypeOf(typeVariable);,2,0,0,1,2,0,10,4,0,16,53,1,0.1,0,0,-1
defect4j,mockito,org/mockito/internal/util/reflection/GenericMetadataSupport,7,413,            if (type instanceof BoundedType) {,2,0,0,1,3,0,0,2,0,4,34,6,0.1,0,0,-1
defect4j,mockito,org/mockito/internal/util/reflection/GenericMetadataSupport,7,443,            if (type instanceof TypeVariable) {,0,0,0,1,3,0,4,0,0,4,35,5,0.1,0,0,-1
defect4j,mockito,org/mockito/internal/util/reflection/GenericMetadataSupport,7,448,                return extractActualBoundedTypeOf(contextualActualTypeParameters.get(type));,0,0,0,2,4,1,8,0,0,8,76,8,0.1,0,0,-1
defect4j,mockito,org/mockito/internal/util/reflection/GenericMetadataSupport,7,450,            if (type instanceof BoundedType) {,2,0,0,1,3,0,0,2,0,4,34,6,0.1,0,0,-1
defect4j,mockito,org/mockito/internal/util/reflection/GenericMetadataSupport,7,540,            return interfaceBounds;,2,0,0,0,0,1,0,0,0,2,23,5,0.1,0,0,-1
defect4j,mockito,org/mockito/internal/util/reflection/GenericMetadataSupport,7,527,            return typeVariable.getBounds()[0]; //,0,0,0,2,4,1,4,0,0,4,38,7,0.08333,0,0,-1
defect4j,mockito,org/mockito/internal/util/reflection/GenericMetadataSupport,7,209,        if (genericReturnType instanceof TypeVariable) {,2,1,0,1,3,0,22,4,0,30,48,1,0.07692,0,0,-1
defect4j,mockito,org/mockito/internal/util/reflection/GenericMetadataSupport,7,210,"            return new TypeVariableReturnType(this, method.getTypeParameters(), (TypeVariable) genericReturnType);",2,0,0,3,6,1,12,4,0,18,102,3,0.07692,0,0,-1
defect4j,mockito,org/mockito/internal/util/reflection/GenericMetadataSupport,7,362,"        public TypeVariableReturnType(GenericMetadataSupport source, TypeVariable[] typeParameters, TypeVariable typeVariable) {",2,1,0,2,5,0,0,0,0,3,120,4,0.07692,0,0,-1
defect4j,mockito,org/mockito/internal/util/reflection/GenericMetadataSupport,7,363,            this.typeParameters = typeParameters;,4,0,0,0,0,0,0,0,0,5,37,5,0.07692,0,0,-1
defect4j,mockito,org/mockito/internal/util/reflection/GenericMetadataSupport,7,364,            this.typeVariable = typeVariable;,4,0,0,0,0,0,0,0,0,4,33,4,0.07692,0,0,-1
defect4j,mockito,org/mockito/internal/util/reflection/GenericMetadataSupport,7,368,            readTypeVariables();,0,0,0,1,2,0,2,0,0,2,20,6,0.07692,0,0,-1
defect4j,mockito,org/mockito/internal/util/reflection/GenericMetadataSupport,7,372,            registerTypeParametersOn(typeParameters);,2,0,0,1,2,0,4,0,0,6,41,1,0.07692,0,0,-1
defect4j,mockito,org/mockito/internal/util/reflection/GenericMetadataSupport,7,376,            for (Type type : typeVariable.getBounds()) {,2,0,0,2,5,0,4,2,0,8,44,5,0.07692,0,0,-1
defect4j,mockito,org/mockito/internal/util/reflection/GenericMetadataSupport,7,377,                registerTypeVariablesOn(type);,0,0,0,1,2,0,4,0,0,4,30,8,0.07692,0,0,-1
defect4j,mockito,org/mockito/internal/util/reflection/GenericMetadataSupport,7,379,            registerTypeVariablesOn(getActualTypeArgumentFor(typeVariable));,2,0,0,2,4,0,4,2,0,8,64,5,0.07692,0,0,-1
defect4j,mockito,org/mockito/internal/util/reflection/GenericMetadataSupport,7,380,        },0,0,0,0,1,0,4,0,0,4,1,8,0.07692,0,0,-1
defect4j,mockito,org/mockito/internal/util/reflection/GenericMetadataSupport,7,384,            if (rawType == null) {,2,0,0,1,3,2,0,4,0,8,22,2,0.07692,0,0,-1
defect4j,mockito,org/mockito/internal/util/reflection/GenericMetadataSupport,7,394,            if (type instanceof ParameterizedType) {,2,0,0,1,3,0,0,2,0,4,40,6,0.07692,0,0,-1
defect4j,mockito,org/mockito/internal/util/reflection/GenericMetadataSupport,7,397,            if (type instanceof BoundedType) {,4,0,0,1,3,0,0,0,0,5,34,4,0.07692,0,0,-1
defect4j,mockito,org/mockito/internal/util/reflection/GenericMetadataSupport,7,400,            if (type instanceof TypeVariable) {,6,0,0,1,3,1,0,4,0,11,35,2,0.07692,0,0,-1
defect4j,mockito,org/mockito/internal/util/reflection/GenericMetadataSupport,7,206,        if (genericReturnType instanceof ParameterizedType) {,6,0,0,1,3,0,0,2,0,9,53,3,0.05,0,0,-1
defect4j,mockito,org/mockito/internal/util/reflection/GenericMetadataSupport,7,94,"            contextualActualTypeParameters.put(typeVariable, boundsOf(typeVariable));",4,0,0,2,4,0,10,0,0,15,73,6,0.04545,0,0,-1
defect4j,mockito,org/mockito/internal/stubbing/defaultanswers/ReturnsDeepStubs,7,134,            return returnTypeGenericMetadata;,2,0,0,0,0,1,0,0,0,2,33,5,0.04545,0,0,-1
defect4j,mockito,org/mockito/internal/util/reflection/GenericMetadataSupport,7,182,        Type type = this.contextualActualTypeParameters.get(typeParameter);,4,0,0,1,2,0,4,2,0,10,67,4,0.04545,0,0,-1
defect4j,mockito,org/mockito/internal/util/reflection/GenericMetadataSupport,7,183,        if (type instanceof TypeVariable) {,2,0,0,1,3,0,4,4,0,10,35,5,0.04545,0,0,-1
defect4j,mockito,org/mockito/internal/util/reflection/GenericMetadataSupport,7,188,        return type;,0,0,0,0,0,1,6,0,0,6,12,5,0.04545,0,0,-1
defect4j,mockito,org/mockito/internal/util/reflection/GenericMetadataSupport,7,519,        public TypeVarBoundedType(TypeVariable typeVariable) {,2,0,0,1,3,2,6,10,0,20,54,1,0.04545,0,0,-1
defect4j,mockito,org/mockito/internal/util/reflection/GenericMetadataSupport,7,88,            registerTypeVariableIfNotPresent(type);,0,0,0,1,2,0,4,0,0,4,39,7,0.04167,0,0,-1
defect4j,mockito,org/mockito/internal/util/reflection/GenericMetadataSupport,7,97,    },2,0,0,0,1,1,0,4,0,7,1,4,0.04167,0,0,-1
defect4j,mockito,org/mockito/internal/creation/DelegatingMethod,7,12,public class DelegatingMethod implements MockitoMethod {,2,0,0,0,1,1,0,2,0,5,56,1,0.03846,0,0,-1
defect4j,mockito,org/mockito/internal/creation/cglib/DelegatingMockitoMethodProxy,7,14,    public DelegatingMockitoMethodProxy(MethodProxy methodProxy) {,4,0,0,1,3,1,0,2,0,7,62,2,0.03846,0,0,-1
defect4j,mockito,org/mockito/internal/creation/DelegatingMethod,7,16,    public DelegatingMethod(Method method) {,0,1,0,1,3,0,4,0,0,5,40,4,0.03846,0,0,-1
defect4j,mockito,org/mockito/internal/creation/DelegatingMethod,7,18,        this.method = method;,4,0,0,0,0,0,0,0,0,5,21,4,0.03846,0,0,-1
defect4j,mockito,org/mockito/internal/creation/DelegatingMethod,7,42,        return method.isVarArgs();,0,0,0,1,2,1,8,4,0,12,26,1,0.03846,0,0,-1
defect4j,mockito,org/mockito/internal/creation/cglib/MethodInterceptorFilter,7,73,        return new DelegatingMockitoMethodProxy(methodProxy);,2,0,0,1,2,1,0,2,0,4,53,5,0.03846,0,0,-1
defect4j,mockito,org/mockito/internal/creation/cglib/MethodInterceptorFilter,7,80,            return new DelegatingMethod(method);,6,0,0,1,2,1,4,4,0,16,36,1,0.03846,0,0,-1
defect4j,mockito,org/mockito/Mockito,7,1258,"        return mock(classToMock, withSettings().defaultAnswer(defaultAnswer));",4,1,0,3,6,1,14,0,0,19,70,3,0.03846,0,0,-1
defect4j,mockito,org/mockito/internal/creation/MockSettingsImpl,7,38,        this.serializableMode = mode;,4,0,0,0,0,0,0,0,0,5,29,4,0.03704,0,0,-1
defect4j,mockito,org/mockito/internal/handler/NullResultGuardian,7,54,        return delegate.getInvocationContainer();,2,0,0,1,2,1,20,2,0,25,41,3,0.03704,0,0,-1
defect4j,mockito,org/mockito/internal/stubbing/defaultanswers/ReturnsDeepStubs,7,60,        InternalMockHandler<Object> handler = new MockUtil().getMockHandler(invocation.getMock());,2,0,0,3,6,0,10,6,0,18,90,3,0.03704,0,0,-1
defect4j,mockito,org/mockito/internal/stubbing/defaultanswers/ReturnsDeepStubs,7,71,        return recordDeepStubAnswer(,0,0,0,0,1,1,0,0,0,2,28,4,0.03704,0,0,-1
defect4j,mockito,org/mockito/internal/stubbing/defaultanswers/ReturnsDeepStubs,7,89,        MockCreationSettings parentMockSettings = new MockUtil().getMockSettings(parentMock);,2,0,0,2,4,0,4,4,0,10,85,4,0.03704,0,0,-1
defect4j,mockito,org/mockito/internal/stubbing/defaultanswers/ReturnsDeepStubs,7,90,        return mockitoCore().mock(,0,0,0,1,3,1,4,0,0,4,26,5,0.03704,0,0,-1
defect4j,mockito,org/mockito/internal/stubbing/defaultanswers/ReturnsDeepStubs,7,101,"        return propagateSerializationSettings(mockSettings, parentMockSettings)",2,1,0,1,2,1,6,0,0,9,71,3,0.03704,0,0,-1
defect4j,mockito,org/mockito/internal/stubbing/defaultanswers/ReturnsDeepStubs,7,110,        return new ReturnsDeepStubsSerializationFallback(returnTypeGenericMetadata);,2,0,0,1,2,1,0,2,0,4,76,5,0.03704,0,0,-1
defect4j,mockito,org/mockito/internal/stubbing/defaultanswers/ReturnsDeepStubs,7,114,"        container.addAnswer(new DeeplyStubbedAnswer(mock), false);",2,0,0,2,4,0,4,2,0,9,58,5,0.03704,0,0,-1
defect4j,mockito,org/mockito/internal/stubbing/defaultanswers/ReturnsDeepStubs,7,115,        return mock;,2,0,0,0,0,1,0,0,0,2,12,4,0.03704,0,0,-1
defect4j,mockito,org/mockito/internal/handler/MockHandlerImpl,7,119,        return invocationContainerImpl;,2,0,0,0,0,1,0,0,0,2,31,4,0.03704,0,0,-1
defect4j,mockito,org/mockito/internal/stubbing/InvocationContainerImpl,7,125,        return stubbed;,2,0,0,0,0,1,0,2,0,4,15,3,0.03704,0,0,-1
defect4j,mockito,org/mockito/internal/stubbing/defaultanswers/ReturnsDeepStubs,7,128,        public ReturnsDeepStubsSerializationFallback(GenericMetadataSupport returnTypeGenericMetadata) {,4,0,0,1,3,1,0,2,0,7,96,3,0.03704,0,0,-1
defect4j,mockito,org/mockito/internal/stubbing/defaultanswers/ReturnsDeepStubs,7,146,        DeeplyStubbedAnswer(Object mock) {,8,0,0,1,3,0,0,2,0,10,34,1,0.03704,0,0,-1
defect4j,mockito,org/mockito/internal/stubbing/defaultanswers/ReturnsDeepStubs,7,147,            this.mock = mock;,4,0,0,0,0,0,0,0,0,5,17,5,0.03704,0,0,-1
defect4j,mockito,org/mockito/internal/stubbing/defaultanswers/ReturnsDeepStubs,7,48,        GenericMetadataSupport returnTypeGenericMetadata =,2,0,0,0,0,0,0,2,0,4,50,4,0.03571,0,0,-1
defect4j,mockito,org/mockito/internal/MockitoCore,7,48,        return mockUtil.isTypeMockable(typeToMock);,4,0,0,1,2,2,6,2,0,13,43,2,0.03571,0,0,-1
defect4j,mockito,org/mockito/internal/stubbing/defaultanswers/ReturnsDeepStubs,7,51,        Class<?> rawType = returnTypeGenericMetadata.rawType();,2,0,0,1,2,0,4,2,0,8,55,4,0.03571,0,0,-1
defect4j,mockito,org/mockito/internal/stubbing/defaultanswers/ReturnsDeepStubs,7,52,        if (!mockitoCore().isTypeMockable(rawType)) {,0,0,0,3,7,0,6,0,0,7,45,4,0.03571,0,0,-1
defect4j,mockito,org/mockito/internal/stubbing/defaultanswers/ReturnsDeepStubs,7,119,        CreationSettings mockSettings = (CreationSettings) new MockUtil().getMockHandler(mock).getMockSettings();,2,0,0,4,8,0,6,6,0,14,105,4,0.03571,0,0,-1
defect4j,mockito,org/mockito/internal/stubbing/defaultanswers/ReturnsDeepStubs,7,156,        return LazyHolder.MOCKITO_CORE;,4,0,0,0,0,1,0,0,0,4,31,5,0.03571,0,0,-1
defect4j,mockito,org/mockito/internal/stubbing/defaultanswers/ReturnsDeepStubs,7,164,        private static final MockitoCore MOCKITO_CORE = new MockitoCore();,6,0,0,1,2,3,0,4,0,14,66,1,0.03571,0,0,-1
defect4j,mockito,org/mockito/internal/stubbing/defaultanswers/ReturnsDeepStubs,7,165,        private static final ReturnsEmptyValues DELEGATE = new ReturnsEmptyValues();,2,0,0,1,2,3,0,4,0,9,76,3,0.03571,0,0,-1
defect4j,mockito,org/mockito/internal/creation/instance/ObjenesisInstantiator,7,6,class ObjenesisInstantiator implements Instantiator {,2,0,0,0,1,0,0,2,0,4,53,1,0.03448,0,0,-1
defect4j,mockito,org/mockito/internal/creation/instance/InstantiatorProvider,7,7,    private final static Instantiator INSTANCE = new ObjenesisInstantiator();,4,0,0,1,2,4,0,12,0,20,73,1,0.03448,0,0,-1
defect4j,mockito,org/mockito/internal/exceptions/stacktrace/DefaultStackTraceCleaner,7,8,public class DefaultStackTraceCleaner implements StackTraceCleaner {,2,0,0,0,1,1,0,2,0,5,68,1,0.03448,0,0,-1
defect4j,mockito,org/mockito/mock/SerializableMode,7,8,@Incubating,2,0,0,0,0,0,0,0,0,2,11,2,0.03448,0,0,-1
defect4j,mockito,org/mockito/internal/progress/SequenceNumber,7,9,    private static int sequenceNumber = 1;,2,0,0,0,0,2,0,0,0,4,38,2,0.03448,0,0,-1
defect4j,mockito,org/mockito/internal/creation/cglib/MockitoNamingPolicy,7,9,class MockitoNamingPolicy extends DefaultNamingPolicy {,2,0,0,0,1,0,0,2,0,4,55,1,0.03448,0,0,-1
defect4j,mockito,org/mockito/internal/creation/instance/InstantiatorProvider,7,10,        if (settings.isUsingConstructor()) {,0,0,0,2,5,0,8,0,0,8,36,3,0.03448,0,0,-1
defect4j,mockito,org/mockito/internal/creation/instance/ObjenesisInstantiator,7,11,    private final ObjenesisStd objenesis = new ObjenesisStd(new GlobalConfiguration().enableClassCache());,2,0,0,3,6,2,2,6,0,12,102,2,0.03448,0,0,-1
defect4j,mockito,org/mockito/internal/creation/cglib/MockitoNamingPolicy,7,11,    public static final MockitoNamingPolicy INSTANCE = new MockitoNamingPolicy(); ,2,0,0,1,2,3,0,4,0,9,77,2,0.03448,0,0,-1
defect4j,mockito,org/mockito/internal/creation/cglib/CGLIBHacker,7,12,class CGLIBHacker {,2,0,0,0,1,0,0,0,0,2,19,1,0.03448,0,0,-1
defect4j,mockito,org/mockito/internal/handler/MockHandlerFactory,7,13,public class MockHandlerFactory {,2,0,0,0,1,1,0,0,0,3,33,1,0.03448,0,0,-1
defect4j,mockito,org/mockito/internal/util/reflection/GenericMetadataSupport,8,184,            TypeVariable typeVariable = (TypeVariable) type;,4,0,0,1,2,0,0,4,0,8,48,6,0.125,0,0,-1
defect4j,mockito,org/mockito/internal/util/reflection/GenericMetadataSupport,8,365,            this.contextualActualTypeParameters = source.contextualActualTypeParameters;,6,0,0,0,0,0,0,0,0,7,76,5,0.08333,0,0,-1
defect4j,mockito,org/mockito/internal/util/reflection/GenericMetadataSupport,8,372,            registerTypeParametersOn(typeParameters);,4,0,0,1,2,0,0,2,0,6,41,4,0.08333,0,0,-1
defect4j,mockito,org/mockito/internal/util/reflection/GenericMetadataSupport,8,376,            for (Type type : typeVariable.getBounds()) {,2,0,0,2,5,0,4,2,0,8,44,5,0.08333,0,0,-1
defect4j,mockito,org/mockito/internal/util/reflection/GenericMetadataSupport,8,206,        if (genericReturnType instanceof ParameterizedType) {,2,0,0,1,3,0,0,2,0,4,53,5,0.05263,0,0,-1
defect4j,mockito,org/mockito/internal/util/reflection/GenericMetadataSupport,8,94,"            contextualActualTypeParameters.put(typeVariable, boundsOf(typeVariable));",0,0,0,2,4,0,10,0,0,10,73,7,0.04762,0,0,-1
defect4j,mockito,org/mockito/exceptions/Reporter,9,583,        throw new MockitoException(join(,0,0,0,0,2,0,2,2,0,4,32,5,2.25,0,0,-1
defect4j,mockito,org/mockito/Mockito,9,1405,"        return MOCKITO_CORE.mock(classToSpy, withSettings()",0,0,0,1,3,1,8,0,0,8,51,5,1.33333,0,0,-1
defect4j,mockito,org/mockito/internal/creation/instance/ConstructorInstantiator,9,14,        if (outerClassInstance == null) {,6,1,0,1,3,0,4,2,0,15,33,1,0.57143,0,0,-1
defect4j,mockito,org/mockito/internal/creation/instance/ConstructorInstantiator,9,9,    public ConstructorInstantiator(Object outerClassInstance) {,4,0,0,1,3,1,0,2,0,7,59,2,0.5,0,0,-1
defect4j,mockito,org/mockito/internal/creation/instance/InstantiatorProvider,9,11,            return new ConstructorInstantiator(settings.getOuterClassInstance());,0,0,0,2,4,1,4,2,0,6,69,7,0.5,0,0,-1
defect4j,mockito,org/mockito/internal/creation/settings/CreationSettings,9,110,        return outerClassInstance;,2,0,0,0,0,1,0,0,0,2,26,4,0.5,0,0,-1
defect4j,mockito,org/mockito/internal/creation/MockSettingsImpl,9,98,        this.useConstructor = true;,2,0,0,0,0,0,0,0,0,4,27,4,0.44444,0,0,-1
defect4j,mockito,org/mockito/internal/invocation/realmethod/CleanTraceRealMethod,9,32,            new ConditionalStackTraceFilter().filter(t);,0,0,0,2,4,0,4,2,0,6,44,8,0.25,0,0,-1
defect4j,mockito,org/mockito/internal/creation/DelegatingMethod,9,46,        return (method.getModifiers() & Modifier.ABSTRACT) != 0;,4,2,0,2,4,1,4,0,0,10,56,4,0.20455,0,0,-1
defect4j,mockito,org/mockito/exceptions/base/MockitoException,9,34,        super(message);,2,0,0,1,2,0,0,0,0,2,15,4,0.045,0,0,-1
defect4j,mockito,org/mockito/exceptions/base/MockitoException,9,41,        ConditionalStackTraceFilter filter = new ConditionalStackTraceFilter();,2,0,0,1,2,0,0,4,0,7,71,3,0.04286,0,0,-1
defect4j,mockito,org/mockito/exceptions/base/MockitoException,9,42,        filter.filter(this);,10,1,0,1,2,0,0,0,0,12,20,4,0.04286,0,0,-1
defect4j,mockito,org/mockito/internal/handler/InvocationNotifierHandler,9,41,        } catch (Throwable t){,2,0,0,1,4,0,0,2,0,4,22,6,0.04206,0,0,-1
defect4j,mockito,org/mockito/internal/handler/InvocationNotifierHandler,9,43,            throw t;,2,0,0,0,0,0,0,0,0,2,8,7,0.04206,0,0,-1
defect4j,mockito,org/mockito/internal/creation/settings/CreationSettings,9,81,        return defaultAnswer;,2,0,0,0,0,1,0,0,0,2,21,4,0.01459,0,0,-1
defect4j,mockito,org/mockito/internal/stubbing/InvocationContainerImpl,9,85,        },2,0,0,0,1,0,4,0,0,7,1,4,0.01459,0,0,-1
defect4j,mockito,org/mockito/internal/util/MockNameImpl,9,20,            this.mockName = toInstanceName(classToMock);,2,0,0,1,2,0,4,0,0,7,44,6,0.01417,0,0,-1
defect4j,mockito,org/mockito/internal/util/MockNameImpl,9,21,            this.defaultName = true;,2,0,0,0,0,3,4,2,0,11,24,2,0.01417,0,0,-1
defect4j,mockito,org/mockito/internal/util/MockNameImpl,9,33,        if (className.length() == 0) {,0,1,0,2,5,0,4,0,0,5,30,4,0.01417,0,0,-1
defect4j,mockito,org/mockito/internal/util/MockNameImpl,9,38,"        return className.substring(0, 1).toLowerCase() + className.substring(1);",0,1,0,3,6,1,10,0,0,11,72,4,0.01417,0,0,-1
defect4j,mockito,org/mockito/internal/creation/DelegatingMethod,9,42,        return method.isVarArgs();,2,0,0,1,2,3,10,2,0,16,26,1,0.01391,0,0,-1
defect4j,mockito,org/mockito/internal/creation/cglib/DelegatingMockitoMethodProxy,9,14,    public DelegatingMockitoMethodProxy(MethodProxy methodProxy) {,4,0,0,1,3,1,0,2,0,7,62,2,0.01389,0,0,-1
defect4j,mockito,org/mockito/internal/creation/cglib/MethodInterceptorFilter,9,73,        return new DelegatingMockitoMethodProxy(methodProxy);,2,0,0,1,2,1,0,2,0,4,53,5,0.01389,0,0,-1
defect4j,mockito,org/mockito/internal/stubbing/BaseStubbing,9,14,"public abstract class BaseStubbing<T> implements OngoingStubbing<T>, DeprecatedOngoingStubbing<T> {",4,0,0,0,1,2,0,8,0,14,99,1,0.01385,0,0,-1
defect4j,mockito,org/mockito/internal/progress/MockingProgressImpl,9,30,        this.iOngoingStubbing = iOngoingStubbing;,4,0,0,0,0,0,0,0,0,5,41,4,0.01385,0,0,-1
defect4j,mockito,org/mockito/internal/handler/MockHandlerImpl,9,83,        OngoingStubbingImpl<T> ongoingStubbing = new OngoingStubbingImpl<T>(invocationContainerImpl);,4,0,0,1,2,0,0,8,0,12,93,4,0.01385,0,0,-1
defect4j,mockito,org/mockito/internal/stubbing/InvocationContainerImpl,9,77,        synchronized (stubbed) {,2,0,0,1,3,0,6,0,0,8,24,3,0.01374,0,0,-1
defect4j,mockito,org/mockito/internal/stubbing/InvocationContainerImpl,9,78,            for (StubbedInvocationMatcher s : stubbed) {,6,0,0,1,3,1,0,2,0,9,44,1,0.01374,0,0,-1
defect4j,mockito,org/mockito/internal/verification/DefaultRegisteredInvocations,9,24,        synchronized (invocations) {,6,1,0,1,3,0,0,0,0,7,28,3,0.01364,0,0,-1
defect4j,mockito,org/mockito/internal/verification/DefaultRegisteredInvocations,9,25,            invocations.add(invocation);,2,0,0,1,2,0,0,0,0,2,28,4,0.01364,0,0,-1
defect4j,mockito,org/mockito/internal/verification/DefaultRegisteredInvocations,9,26,        },2,0,0,0,1,0,0,2,0,4,1,2,0.01364,0,0,-1
defect4j,mockito,org/mockito/internal/stubbing/InvocationContainerImpl,9,40,        registeredInvocations.add(invocation.getInvocation());,4,0,0,2,4,0,12,2,0,18,54,3,0.01355,0,0,-1
defect4j,mockito,org/mockito/internal/stubbing/InvocationContainerImpl,9,41,        this.invocationForStubbing = invocation;,0,0,0,0,0,0,6,2,0,8,40,7,0.01355,0,0,-1
defect4j,mockito,org/mockito/internal/handler/MockHandlerImpl,9,64,        mockingProgress.validateState();,2,0,0,1,2,0,0,0,0,2,32,4,0.01347,0,0,-1
defect4j,mockito,org/mockito/internal/handler/MockHandlerImpl,9,67,        if (verificationMode != null) {,2,1,0,1,3,0,0,0,0,3,31,4,0.01347,0,0,-1
defect4j,mockito,org/mockito/internal/handler/MockHandlerImpl,9,59,        InvocationMatcher invocationMatcher = matchersBinder.bindMatchers(,2,0,0,0,1,0,4,2,0,8,66,4,0.01343,0,0,-1
defect4j,mockito,org/mockito/internal/handler/MockHandlerImpl,9,57,        VerificationMode verificationMode = mockingProgress.pullVerificationMode();,2,0,0,1,2,0,4,2,0,8,75,4,0.01337,0,0,-1
defect4j,mockito,org/mockito/internal/progress/MockingProgressImpl,9,53,        if (verificationMode == null) {,2,1,0,1,3,0,0,0,0,3,31,4,0.01331,0,0,-1
defect4j,mockito,org/mockito/internal/invocation/MatchersBinder,9,24,"        validateMatchers(invocation, lastMatchers);",2,0,0,1,2,1,6,2,0,11,43,6,0.01325,0,0,-1
defect4j,mockito,org/mockito/internal/invocation/MatchersBinder,9,27,        return invocationWithMatchers;,8,0,0,0,0,4,4,6,0,21,30,2,0.01325,0,0,-1
defect4j,mockito,org/mockito/internal/invocation/realmethod/DefaultRealMethod,9,16,    public DefaultRealMethod(MockitoMethodProxy methodProxy) {,2,0,0,1,3,0,4,4,0,10,58,4,0.01322,0,0,-1
defect4j,mockito,org/mockito/internal/invocation/realmethod/DefaultRealMethod,9,17,        this.methodProxy = methodProxy;,4,0,0,0,0,0,0,0,0,5,31,4,0.01322,0,0,-1
defect4j,mockito,org/mockito/internal/invocation/realmethod/CleanTraceRealMethod,9,21,        this(new DefaultRealMethod(methodProxy));,2,0,0,2,4,0,0,2,0,4,41,5,0.01322,0,0,-1
defect4j,mockito,org/mockito/internal/invocation/realmethod/CleanTraceRealMethod,9,22,    },2,0,0,0,1,1,4,2,0,9,1,3,0.01322,0,0,-1
defect4j,mockito,org/mockito/internal/invocation/MatchersBinder,9,23,        List<LocalizedMatcher> lastMatchers = argumentMatcherStorage.pullLocalizedMatchers();,2,0,0,1,2,0,4,4,0,10,85,4,0.01322,0,0,-1
defect4j,mockito,org/mockito/internal/invocation/realmethod/CleanTraceRealMethod,9,24,    public CleanTraceRealMethod(RealMethod realMethod) {,2,0,0,1,3,0,0,2,0,6,52,4,0.01322,0,0,-1
defect4j,mockito,org/mockito/internal/invocation/realmethod/CleanTraceRealMethod,9,25,        this.realMethod = realMethod;,4,0,0,0,0,0,0,0,0,5,29,4,0.01322,0,0,-1
defect4j,mockito,org/mockito/internal/invocation/MatchersBinder,9,31,        if (!lastMatchers.isEmpty()) {,0,0,0,2,5,0,4,0,0,5,30,4,0.01322,0,0,-1
defect4j,mockito,org/mockito/internal/creation/cglib/MethodInterceptorFilter,9,52,        MockitoMethodProxy mockitoMethodProxy = createMockitoMethodProxy(methodProxy);,4,0,0,1,2,2,4,2,0,12,78,1,0.01322,0,0,-1
defect4j,mockito,org/mockito/internal/creation/cglib/MethodInterceptorFilter,9,53,        new CGLIBHacker().setMockitoNamingPolicy(methodProxy);,2,0,0,2,4,0,4,2,0,8,54,3,0.01322,0,0,-1
defect4j,mockito,org/mockito/internal/creation/cglib/MethodInterceptorFilter,9,55,        MockitoMethod mockitoMethod = createMockitoMethod(method);,2,0,0,1,2,0,4,2,0,8,58,4,0.01322,0,0,-1
defect4j,mockito,org/mockito/internal/creation/cglib/MethodInterceptorFilter,9,57,        CleanTraceRealMethod realMethod = new CleanTraceRealMethod(mockitoMethodProxy);,4,0,0,1,2,0,0,4,0,8,79,4,0.01322,0,0,-1
defect4j,mockito,org/mockito/internal/creation/cglib/MethodInterceptorFilter,9,58,"        Invocation invocation = new InvocationImpl(proxy, mockitoMethod, args, SequenceNumber.next(), realMethod);",18,0,0,2,4,0,4,4,0,27,106,1,0.01322,0,0,-1
defect4j,mockito,org/mockito/internal/creation/cglib/MethodInterceptorFilter,9,48,        } else if (acrossJVMSerializationFeature.isWriteReplace(method)) {,0,0,0,2,6,0,6,0,0,6,66,7,0.0132,0,0,-1
defect4j,mockito,org/mockito/internal/creation/cglib/AcrossJVMSerializationFeature,9,64,        return  method.getReturnType() == Object.class,0,1,0,1,2,1,4,2,0,7,46,6,0.0132,0,0,-1
defect4j,mockito,org/mockito/internal/creation/cglib/CGLIBHacker,9,12,class CGLIBHacker {,2,0,0,0,1,0,0,0,0,2,19,1,0.01318,0,0,-1
defect4j,mockito,org/mockito/internal/creation/cglib/CGLIBHacker,9,16,            Field createInfoField = reflectOnCreateInfo(methodProxy);,2,0,0,1,2,0,4,2,0,8,57,6,0.01318,0,0,-1
defect4j,mockito,org/mockito/internal/creation/cglib/CGLIBHacker,9,17,            createInfoField.setAccessible(true);,2,1,0,1,2,0,6,2,0,12,36,5,0.01318,0,0,-1
defect4j,mockito,org/mockito/internal/creation/cglib/CGLIBHacker,9,18,            Object createInfo = createInfoField.get(methodProxy);,2,0,0,1,2,0,6,2,0,10,53,6,0.01318,0,0,-1
defect4j,mockito,org/mockito/internal/creation/cglib/CGLIBHacker,9,21,            if (namingPolicyField.get(createInfo) == null) {,0,1,0,2,5,0,6,0,0,7,48,6,0.01318,0,0,-1
defect4j,mockito,org/mockito/internal/creation/cglib/CGLIBHacker,9,22,"                namingPolicyField.set(createInfo, MockitoNamingPolicy.INSTANCE);",4,0,0,1,2,0,6,0,0,10,64,9,0.01318,0,0,-1
defect4j,mockito,org/mockito/internal/creation/cglib/CGLIBHacker,9,33,        Class cglibMethodProxyClass = methodProxy.getClass();,2,0,0,1,2,0,4,2,0,8,53,4,0.01318,0,0,-1
defect4j,mockito,org/mockito/internal/creation/cglib/CGLIBHacker,9,37,        while (cglibMethodProxyClass != MethodProxy.class) {,2,1,0,1,3,0,0,2,0,5,52,4,0.01318,0,0,-1
defect4j,mockito,org/mockito/internal/creation/cglib/MethodInterceptorFilter,9,71,        if (mockSettings.isSerializable()),4,0,0,2,4,0,4,0,0,9,34,3,0.01318,0,0,-1
defect4j,mockito,org/mockito/internal/creation/cglib/MethodInterceptorFilter,9,77,        if (mockSettings.isSerializable()) {,4,0,0,2,5,0,4,0,0,9,36,3,0.01318,0,0,-1
defect4j,mockito,org/mockito/internal/creation/DelegatingMethod,9,12,public class DelegatingMethod implements MockitoMethod {,0,0,0,0,1,0,6,0,0,6,56,5,0.01316,0,0,-1
defect4j,mockito,org/mockito/exceptions/base/MockitoAssertionError,14,23,    },0,1,0,0,1,0,6,0,0,7,1,4,0.00806,0,0,-1
defect4j,mockito,org/mockito/internal/stubbing/answers/AnswersValidator,14,21,"            validateReturnValue((Returns) answer, invocation);",2,0,0,2,4,0,4,2,0,8,50,7,0.00752,0,0,-1
defect4j,mockito,org/mockito/internal/stubbing/answers/AnswersValidator,14,57,    },0,0,0,0,1,0,4,0,0,4,1,7,0.00752,0,0,-1
defect4j,mockito,org/mockito/internal/invocation/Invocation,14,134,            return invocation;,4,1,1,0,0,1,6,2,0,19,18,3,0.00752,0,0,-1
defect4j,mockito,org/mockito/internal/stubbing/answers/Returns,14,34,        return value == null;,2,1,0,0,0,1,0,0,0,3,21,4,0.00725,0,0,-1
defect4j,mockito,org/mockito/internal/stubbing/answers/AnswersValidator,14,50,        if (answer.returnsNull() && invocation.returnsPrimitive()) {,0,1,0,3,7,0,8,0,0,9,60,4,0.00725,0,0,-1
defect4j,mockito,org/mockito/internal/stubbing/answers/Returns,14,17,    public Returns(Object value) {,4,0,0,1,3,1,0,2,0,7,30,2,0.00704,0,0,-1
defect4j,mockito,org/mockito/internal/stubbing/answers/Returns,14,18,        this.value = value;,2,0,0,0,0,0,0,0,0,3,19,5,0.00704,0,0,-1
defect4j,mockito,org/mockito/internal/stubbing/OngoingStubbingImpl,14,23,        invocationContainerImpl.addAnswer(answer);,6,0,0,1,2,1,16,2,0,25,42,1,0.00704,0,0,-1
defect4j,mockito,org/mockito/internal/stubbing/ConsecutiveStubbing,14,15,        this.invocationContainerImpl = invocationContainerImpl;,10,0,0,0,0,0,8,8,0,27,55,1,0.0068,0,0,-1
defect4j,mockito,org/mockito/internal/verification/Times,14,34,            MissingInvocationChecker missingInvocation = new MissingInvocationChecker();,2,0,0,1,2,0,0,4,0,6,76,6,0.0068,0,0,-1
defect4j,mockito,org/mockito/internal/stubbing/InvocationContainerImpl,14,46,"        addAnswer(answer, false);",2,0,0,1,2,0,12,2,0,18,25,3,0.00671,0,0,-1
defect4j,mockito,org/mockito/internal/invocation/Invocation,14,179,        return this.method.getReturnType() == Void.TYPE;,6,1,0,1,2,1,2,0,0,9,48,4,0.00667,0,0,-1
defect4j,mockito,org/mockito/internal/invocation/Invocation,14,130,"        String invocation = method + matchersPrinter.getArgumentsLine(matchers, printSettings);",8,2,0,1,2,0,8,4,0,24,87,3,0.00662,0,0,-1
defect4j,mockito,org/mockito/internal/invocation/Invocation,14,139,"        return new MockUtil().getMockName(mock) + ""."" + method.getName();",4,0,0,3,6,1,10,0,0,15,65,3,0.00662,0,0,-1
defect4j,mockito,org/mockito/internal/verification/RegisteredInvocations,14,25,        int last = invocations.size() - 1;,2,1,0,1,2,0,4,0,0,7,34,5,0.00633,0,0,-1
defect4j,mockito,org/mockito/internal/verification/Times,14,33,        if (wantedCount > 0) {,2,1,0,1,3,0,0,0,0,3,22,4,0.00629,0,0,-1
defect4j,mockito,org/mockito/internal/util/MockName,14,41,        return mockName;,2,0,0,0,0,1,0,0,0,2,16,4,0.00613,0,0,-1
defect4j,mockito,org/mockito/internal/MockitoCore,14,49,        IOngoingStubbing stubbing = mockingProgress.pullOngoingStubbing();,2,0,0,1,2,0,4,2,0,8,66,4,0.00613,0,0,-1
defect4j,mockito,org/mockito/internal/MockitoCore,14,50,        if (stubbing == null) {,2,1,0,1,3,0,0,0,0,3,23,4,0.00613,0,0,-1
defect4j,mockito,org/mockito/internal/creation/MockSettingsImpl,14,45,        return mockName;,4,0,0,0,0,1,8,2,0,14,16,3,0.00585,0,0,-1
defect4j,mockito,org/mockito/internal/util/MockUtil,14,101,        return getMockHandler(mock).getMockSettings().getMockName();,0,0,0,3,6,1,8,0,0,8,60,5,0.00585,0,0,-1
defect4j,mockito,org/mockito/internal/progress/ThreadSafeMockingProgress,14,32,        return threadSafely().pullOngoingStubbing();,0,0,0,2,4,1,8,0,0,9,44,1,0.00556,0,0,-1
defect4j,mockito,org/mockito/internal/progress/MockingProgressImpl,14,33,        IOngoingStubbing temp = iOngoingStubbing;,4,0,0,0,0,0,0,2,0,6,41,4,0.00556,0,0,-1
defect4j,mockito,org/mockito/internal/stubbing/StubbedInvocationMatcher,14,20,    private final Queue<Answer> answers = new ConcurrentLinkedQueue<Answer>();,2,0,0,1,2,2,0,8,0,12,74,2,0.00546,0,0,-1
defect4j,mockito,org/mockito/internal/stubbing/StubbedInvocationMatcher,14,25,        this.answers.add(answer);,2,0,0,1,2,0,2,0,0,5,25,4,0.00546,0,0,-1
defect4j,mockito,org/mockito/internal/stubbing/InvocationContainerImpl,14,59,        if (isConsecutive) {,4,0,0,1,3,0,0,0,0,5,20,6,0.00546,0,0,-1
defect4j,mockito,org/mockito/internal/stubbing/InvocationContainerImpl,14,62,"            stubbed.addFirst(new StubbedInvocationMatcher(invocationForStubbing, answer));",4,0,0,2,4,0,4,2,0,10,78,7,0.00546,0,0,-1
defect4j,mockito,org/mockito/internal/debugging/Location,14,32,        return where;,2,0,0,0,0,1,0,0,0,2,13,4,0.00538,0,0,-1
defect4j,mockito,org/mockito/internal/stubbing/answers/AnswersValidator,14,28,        if (answer instanceof CallsRealMethods) {,2,0,0,1,3,0,0,2,0,4,41,5,0.00526,0,0,-1
defect4j,mockito,org/mockito/internal/stubbing/answers/AnswersValidator,14,24,        if (answer instanceof DoesNothing) {,2,0,0,1,3,0,4,2,0,9,36,3,0.00521,0,0,-1
defect4j,mockito,org/mockito/internal/stubbing/InvocationContainerImpl,14,54,        Invocation invocation = invocationForStubbing.getInvocation();,6,0,0,1,2,0,6,2,0,14,62,3,0.00505,0,0,-1
defect4j,mockito,org/mockito/internal/stubbing/InvocationContainerImpl,14,55,        mockingProgress.stubbingCompleted(invocation);,8,0,0,1,2,2,0,20,0,30,46,1,0.00505,0,0,-1
defect4j,mockito,org/mockito/internal/stubbing/InvocationContainerImpl,14,56,        AnswersValidator answersValidator = new AnswersValidator();,2,0,0,1,2,0,0,4,0,6,59,4,0.00505,0,0,-1
defect4j,mockito,org/mockito/internal/progress/MockingProgressImpl,14,87,        stubbingInProgress = null;,4,0,0,0,0,0,4,2,0,11,26,3,0.00505,0,0,-1
defect4j,mockito,org/mockito/internal/progress/MockingProgressImpl,14,88,    },2,0,0,0,1,0,4,2,0,8,1,4,0.00505,0,0,-1
defect4j,mockito,org/mockito/internal/progress/ThreadSafeMockingProgress,14,45,    },4,1,0,0,1,0,6,2,0,13,1,3,0.00493,0,0,-1
defect4j,mockito,org/mockito/internal/stubbing/answers/AnswersValidator,14,11,public class AnswersValidator {,2,0,0,0,1,1,0,0,0,3,31,1,0.00474,0,0,-1
defect4j,mockito,org/mockito/internal/stubbing/answers/AnswersValidator,14,13,    private Reporter reporter = new Reporter();,2,0,0,1,2,1,0,4,0,7,43,2,0.00474,0,0,-1
defect4j,mockito,org/mockito/internal/stubbing/answers/AnswersValidator,14,16,        if (answer instanceof ThrowsException) {,2,0,0,1,3,0,0,2,0,4,40,5,0.00474,0,0,-1
defect4j,mockito,org/mockito/internal/MockHandler,14,76,"                VerificationDataImpl data = new VerificationDataImpl(invocationContainerImpl.getInvocations(), invocationMatcher);            ",4,0,0,2,4,0,4,4,0,12,114,6,0.0036,1,1,-1
defect4j,mockito,org/mockito/internal/verification/VerificationModeFactory,14,24,        return new Times(wantedNumberOfInvocations);,2,0,0,1,2,1,0,2,0,4,44,5,0.00356,0,0,-1
defect4j,mockito,org/mockito/internal/verification/Times,14,25,    public Times(int wantedNumberOfInvocations) {,4,0,0,1,3,0,0,0,0,5,45,4,0.00356,0,0,-1
defect4j,mockito,org/mockito/internal/verification/Times,14,26,        if (wantedNumberOfInvocations < 0) {,2,1,0,1,3,0,0,0,0,3,36,4,0.00356,0,0,-1
defect4j,mockito,org/mockito/internal/progress/MockingProgressImpl,14,56,        VerificationMode temp = verificationMode.getObject();,4,0,0,1,2,1,4,8,0,17,53,1,0.00353,0,0,-1
defect4j,mockito,org/mockito/internal/runners/util/RunnerProvider,15,12,public class RunnerProvider {,2,0,0,0,1,1,0,0,0,3,29,1,0.14286,0,0,-1
defect4j,mockito,org/mockito/internal/runners/RunnerFactory,15,17,    RunnerFactory(RunnerProvider runnerProvider) {,4,0,0,1,3,0,0,2,0,6,46,2,0.14286,0,0,-1
defect4j,mockito,org/mockito/internal/runners/util/FrameworkUsageValidator,15,17,    public FrameworkUsageValidator(RunNotifier notifier) {,4,0,0,1,3,1,0,2,0,7,54,2,0.14286,0,0,-1
defect4j,mockito,org/mockito/internal/runners/util/RunnerProvider,15,18,"            Class.forName(""org.junit.runners.BlockJUnit4ClassRunner"");",4,0,0,1,2,1,0,2,0,7,58,3,0.14286,0,0,-1
defect4j,mockito,org/mockito/internal/runners/util/FrameworkUsageValidator,15,18,        this.notifier = notifier;,4,0,0,0,0,0,0,0,0,5,25,4,0.14286,0,0,-1
defect4j,mockito,org/mockito/internal/runners/RunnerFactory,15,19,    },2,1,0,0,1,0,0,2,0,5,1,13,0.14286,0,0,-1
defect4j,mockito,org/mockito/internal/runners/util/RunnerProvider,15,22,        },6,3,0,0,1,0,0,2,0,11,1,3,0.14286,0,0,-1
defect4j,mockito,org/mockito/internal/runners/JUnit45AndHigherRunnerImpl,15,22,    public JUnit45AndHigherRunnerImpl(Class<?> klass) throws InitializationError {,6,0,0,1,3,1,0,2,0,9,78,2,0.14286,0,0,-1
defect4j,mockito,org/mockito/internal/runners/RunnerFactory,15,22,        this(new RunnerProvider());,2,0,0,2,4,0,4,2,0,8,27,4,0.14286,0,0,-1
defect4j,mockito,org/mockito/internal/runners/JUnit45AndHigherRunnerImpl,15,23,        runner = new BlockJUnit4ClassRunner(klass) {,4,0,0,1,3,0,0,2,0,7,44,4,0.14286,0,0,-1
defect4j,mockito,org/mockito/internal/runners/util/RunnerProvider,15,26,        return hasJUnit45OrHigher;,2,0,0,0,0,1,4,2,0,8,26,6,0.14286,0,0,-1
defect4j,mockito,org/mockito/internal/runners/JUnit45AndHigherRunnerImpl,15,27,                MockitoAnnotations.initMocks(target);,0,0,0,1,2,0,6,0,0,6,37,11,0.14286,0,0,-1
defect4j,mockito,org/mockito/internal/runners/RunnerFactory,15,28,"                return runnerProvider.newInstance(""org.mockito.internal.runners.JUnit45AndHigherRunnerImpl"", klass);",0,0,0,1,2,1,6,0,0,7,100,9,0.14286,0,0,-1
defect4j,mockito,org/mockito/internal/runners/util/FrameworkUsageValidator,15,28,        },2,0,0,0,1,0,4,2,0,8,1,5,0.14286,0,0,-1
defect4j,mockito,org/mockito/internal/runners/util/RunnerProvider,15,32,            Class<?> runnerClass = Class.forName(runnerClassName);,4,0,0,1,2,0,24,4,0,32,54,3,0.14286,0,0,-1
defect4j,mockito,org/mockito/internal/runners/JUnit45AndHigherRunnerImpl,15,35,        notifier.addListener(new FrameworkUsageValidator(notifier));,2,0,0,2,4,0,4,2,0,8,60,5,0.14286,0,0,-1
defect4j,mockito,org/mockito/internal/runners/util/RunnerProvider,15,39,            return (RunnerImpl) constructor.newInstance(constructorParam);,0,0,0,2,4,1,6,2,0,8,62,7,0.14286,0,0,-1
defect4j,mockito,org/mockito/internal/runners/JUnit45AndHigherRunnerImpl,15,41,        return runner.getDescription();,0,0,0,1,2,1,8,0,0,8,31,5,0.14286,0,0,-1
defect4j,mockito,org/mockito/internal/runners/JUnit45AndHigherRunnerImpl,15,45,		runner.filter(filter);,4,0,0,1,2,1,0,4,0,9,22,1,0.14286,0,0,-1
defect4j,mockito,org/mockito/runners/MockitoJUnitRunner,15,56,    public MockitoJUnitRunner(Class<?> klass) throws InvocationTargetException {,6,0,0,1,3,1,4,2,0,13,76,1,0.14286,0,0,-1
defect4j,mockito,org/mockito/internal/MockitoCore,15,147,    },2,0,0,0,1,0,0,2,0,4,1,7,0.14286,0,0,-1
defect4j,mockito,org/mockito/Mockito,15,1703,        MOCKITO_CORE.validateMockitoUsage();,2,0,0,1,2,0,6,0,0,9,36,5,0.14286,0,0,-1
defect4j,mockito,org/mockito/Mockito,15,1704,    },6,0,0,0,1,2,0,8,0,17,1,1,0.14286,0,0,-1
defect4j,mockito,org/mockito/internal/configuration/injection/NameBasedCandidateFilter,15,22,                if (field.getName().equals(mockUtil.getMockName(mock).toString())) {,2,0,0,5,11,3,0,8,0,13,68,2,0.07692,0,0,-1
defect4j,mockito,org/mockito/internal/configuration/injection/NameBasedCandidateFilter,15,26,"            return next.filterCandidate(mockNameMatches, field, fieldInstance);",6,0,0,1,2,1,10,2,0,19,67,3,0.07692,0,0,-1
defect4j,mockito,org/mockito/internal/util/reflection/FieldInitializer,15,39,            checkNotInterface(field);,2,0,0,1,2,1,4,4,0,11,25,7,0.07692,0,0,-1
defect4j,mockito,org/mockito/internal/util/MockName,15,41,        return mockName;,2,0,0,0,0,1,0,0,0,2,16,4,0.07692,0,0,-1
defect4j,mockito,org/mockito/internal/creation/MockSettingsImpl,15,45,        return mockName;,2,0,0,0,0,1,0,0,0,2,16,4,0.07692,0,0,-1
defect4j,mockito,org/mockito/internal/creation/MethodInterceptorFilter,15,51,        return handler;,2,0,0,0,0,1,0,0,0,2,15,4,0.07692,0,0,-1
defect4j,mockito,org/mockito/internal/util/reflection/FieldInitializer,15,60,        final AccessibilityChanger changer = new AccessibilityChanger();,2,0,0,1,2,0,0,4,0,6,64,4,0.07692,0,0,-1
defect4j,mockito,org/mockito/internal/util/reflection/FieldInitializer,15,67,            Object newFieldInstance = constructor.newInstance(noArg);,4,1,0,1,2,1,14,4,0,25,57,1,0.07692,0,0,-1
defect4j,mockito,org/mockito/internal/util/MockUtil,15,72,        if (mock == null) {,2,1,0,1,3,0,0,0,0,3,19,4,0.07692,0,0,-1
defect4j,mockito,org/mockito/internal/util/MockUtil,15,77,            return (MockHandlerInterface) getInterceptor(mock).getHandler();,0,0,0,3,6,1,6,2,0,8,64,7,0.07692,0,0,-1
defect4j,mockito,org/mockito/internal/util/reflection/FieldInitializer,15,91,        if(field.getType().isMemberClass() && !Modifier.isStatic(field.getType().getModifiers())) {,0,1,0,6,13,0,16,0,0,18,91,4,0.07692,0,0,-1
defect4j,mockito,org/mockito/internal/util/reflection/FieldInitializer,15,100,    },2,0,0,0,1,0,0,4,0,6,1,7,0.07692,0,0,-1
defect4j,mockito,org/mockito/internal/util/MockUtil,15,84,        return getInterceptor(mock) != null;,0,1,0,1,2,1,4,0,0,6,36,4,0.0625,0,0,-1
defect4j,mockito,org/mockito/internal/util/MockUtil,15,92,        if (!(mock instanceof Factory)) {,2,0,0,2,5,0,0,2,0,5,33,4,0.0625,0,0,-1
defect4j,mockito,org/mockito/internal/util/MockUtil,15,95,        Factory factory = (Factory) mock;,4,0,0,1,2,0,4,4,0,12,33,3,0.0625,0,0,-1
defect4j,mockito,org/mockito/internal/stubbing/defaultanswers/ReturnsMocks,16,36,"        return mockitoCore.mock(clazz, new MockSettingsImpl().defaultAnswer(this), false);",0,0,0,3,6,1,8,2,0,11,82,5,0.5,0,0,-1
defect4j,mockito,org/mockito/internal/stubbing/defaultanswers/ReturnsMocks,16,32,        if (!ClassImposterizer.INSTANCE.canImposterise(clazz)) {,4,0,0,2,5,0,4,0,0,9,56,4,0.33333,0,0,-1
defect4j,mockito,org/mockito/internal/MockitoCore,16,32,"    public <T> T mock(Class<T> classToMock, MockSettings mockSettings, boolean shouldResetOngoingStubbing) { return mock(classToMock, mockSettings); }",10,0,0,3,6,2,6,8,0,25,146,2,0.25,1,0,-1
defect4j,mockito,org/mockito/internal/creation/jmock/ClassImposterizer,16,65,            mockedType = ClassWithSuperclassToWorkAroundCglibBug.class;,2,0,0,0,0,0,0,2,0,5,59,6,0.25,0,0,-1
defect4j,mockito,org/mockito/exceptions/misusing/MissingMethodInvocationException,16,14,        super(message);,2,0,0,1,2,0,0,0,0,2,15,4,0.11111,0,0,-1
defect4j,mockito,org/mockito/internal/MockitoCore,16,42,            mockingProgress.reset();,6,1,0,1,2,0,20,6,0,35,24,3,0.11111,1,1,-1
defect4j,mockito,org/mockito/internal/stubbing/defaultanswers/ReturnsMoreEmptyValues,16,65,        }  else if (type.isArray()) {,0,0,0,2,6,0,4,0,0,4,29,6,0.11111,0,0,-1
defect4j,mockito,org/mockito/internal/stubbing/defaultanswers/ReturnsMoreEmptyValues,16,59,        return returnValueFor(returnType);,0,0,0,1,2,1,10,0,0,10,34,3,0.09091,0,0,-1
defect4j,mockito,org/mockito/internal/stubbing/defaultanswers/ReturnsMoreEmptyValues,16,63,        if (type == String.class) {,0,1,0,1,3,0,10,0,0,11,27,4,0.09091,0,0,-1
defect4j,mockito,org/mockito/internal/stubbing/defaultanswers/ReturnsMoreEmptyValues,16,53,        Object ret = delegate.answer(invocation);,2,0,0,1,2,0,0,0,0,2,41,8,0.08333,0,0,-1
defect4j,mockito,org/mockito/internal/stubbing/defaultanswers/ReturnsMoreEmptyValues,16,54,        if (ret != null) {,2,1,0,1,3,0,0,0,0,3,18,4,0.08333,0,0,-1
defect4j,mockito,org/mockito/internal/progress/ThreadSafeMockingProgress,16,59,    },0,0,0,0,1,0,6,0,0,7,1,4,0.01351,0,0,-1
defect4j,mockito,org/mockito/internal/progress/MockingProgressImpl,16,98,        verificationMode = null;,2,0,0,0,0,0,4,2,0,8,24,4,0.01351,0,0,-1
defect4j,mockito,org/mockito/exceptions/base/MockitoException,16,22,        super(message);,2,0,0,1,2,0,0,0,0,2,15,4,0.00971,0,0,-1
defect4j,mockito,org/mockito/exceptions/base/MockitoException,16,27,        unfilteredStackTrace = getStackTrace();,6,0,0,1,2,0,16,8,0,31,39,3,0.00971,0,0,-1
defect4j,mockito,org/mockito/exceptions/base/MockitoException,16,29,        ConditionalStackTraceFilter filter = new ConditionalStackTraceFilter();,2,0,0,1,2,0,0,4,0,6,71,4,0.00971,0,0,-1
defect4j,mockito,org/mockito/internal/MockitoCore,16,40,        IOngoingStubbing stubbing = mockingProgress.pullOngoingStubbing();,6,0,0,1,2,1,4,4,0,15,66,2,0.00645,0,0,-1
defect4j,mockito,org/mockito/internal/MockitoCore,16,41,        if (stubbing == null) {,10,0,0,1,3,1,0,6,0,19,23,1,0.00645,0,0,-1
defect4j,mockito,org/mockito/internal/progress/MockingProgressImpl,16,32,        IOngoingStubbing temp = iOngoingStubbing;,2,0,0,0,0,2,0,12,0,16,41,2,0.00578,0,0,-1
defect4j,mockito,org/mockito/internal/progress/MockingProgressImpl,16,33,        iOngoingStubbing = null;,2,0,0,0,0,0,0,0,0,3,24,4,0.00578,0,0,-1
defect4j,mockito,org/mockito/internal/progress/ThreadSafeMockingProgress,16,42,        threadSafely().stubbingStarted();,2,0,0,2,4,0,0,2,0,4,33,6,0.00515,0,0,-1
defect4j,mockito,org/mockito/internal/progress/MockingProgressImpl,16,62,        stubbingInProgress = new Location();,2,0,0,1,2,0,0,2,0,5,36,4,0.0051,0,0,-1
defect4j,mockito,org/mockito/internal/stubbing/defaultanswers/ReturnsEmptyValues,16,100,        } else if (type == HashMap.class) {,2,1,0,1,4,0,0,2,0,5,35,16,0.00369,0,0,-1
defect4j,mockito,org/mockito/internal/stubbing/defaultanswers/ReturnsEmptyValues,16,106,        } else if (type == LinkedHashMap.class) {,2,1,0,1,4,0,0,2,0,5,41,19,0.00369,0,0,-1
defect4j,mockito,org/mockito/internal/stubbing/defaultanswers/ReturnsEmptyValues,16,94,        } else if (type == LinkedList.class) {,14,2,0,1,4,2,0,4,0,23,38,1,0.00368,0,0,-1
defect4j,mockito,org/mockito/internal/stubbing/defaultanswers/ReturnsEmptyValues,16,98,        } else if (type == Map.class) {,2,1,0,1,4,0,0,2,0,5,31,15,0.00368,0,0,-1
defect4j,mockito,org/mockito/internal/stubbing/defaultanswers/ReturnsEmptyValues,16,80,        } else if (type == Collection.class) {,2,1,0,1,4,0,6,2,0,11,38,3,0.00362,0,0,-1
defect4j,mockito,org/mockito/internal/stubbing/defaultanswers/ReturnsEmptyValues,16,82,        } else if (type == Set.class) {,2,1,0,1,4,0,8,0,0,12,31,5,0.00362,0,0,-1
defect4j,mockito,org/mockito/internal/stubbing/defaultanswers/ReturnsEmptyValues,16,84,        } else if (type == HashSet.class) {,2,1,0,1,4,0,0,2,0,5,35,8,0.00362,0,0,-1
defect4j,mockito,org/mockito/internal/stubbing/defaultanswers/ReturnsEmptyValues,16,90,        } else if (type == LinkedHashSet.class) {,2,1,0,1,4,0,0,0,0,3,41,4,0.00362,0,0,-1
defect4j,mockito,org/mockito/internal/stubbing/defaultanswers/ReturnsEmptyValues,16,92,        } else if (type == List.class) {,2,1,0,1,4,0,0,2,0,5,32,12,0.00362,0,0,-1
defect4j,mockito,org/mockito/internal/stubbing/defaultanswers/ReturnsEmptyValues,16,76,        } else if (Primitives.isPrimitiveWrapper(type)) {,2,0,0,2,6,3,0,8,0,13,49,2,0.00361,0,0,-1
defect4j,mockito,org/mockito/internal/util/Primitives,16,29,"    private static Map<Class<?>, Object> wrapperReturnValues = new HashMap<Class<?>, Object>();",2,0,0,1,2,0,0,2,0,4,91,6,0.00322,0,0,-1
defect4j,mockito,org/mockito/internal/util/Primitives,16,31,"    private static Map<Class<?>, Object> primitiveValues = new HashMap<Class<?>, Object>();",2,0,0,1,2,2,0,12,0,16,87,2,0.00322,0,0,-1
defect4j,mockito,org/mockito/internal/util/Primitives,16,38,"        wrapperReturnValues.put(Integer.class, new Integer(0));",0,0,0,2,4,0,4,4,0,8,55,5,0.00322,0,0,-1
defect4j,mockito,org/mockito/internal/util/Primitives,16,41,"        wrapperReturnValues.put(Double.class, new Double(0));",2,2,0,2,4,0,32,6,0,43,53,1,0.00322,0,0,-1
defect4j,mockito,org/mockito/internal/util/Primitives,16,45,"        primitiveTypes.put(Boolean.class, Boolean.TYPE);",0,0,1,1,2,0,8,0,0,13,48,6,0.00322,0,0,-1
defect4j,mockito,org/mockito/internal/util/Primitives,16,46,"        primitiveTypes.put(Character.class, Character.TYPE);",2,0,0,1,2,0,0,2,0,4,52,5,0.00322,0,0,-1
defect4j,mockito,org/mockito/internal/util/Primitives,16,47,"        primitiveTypes.put(Byte.class, Byte.TYPE);",4,0,0,1,2,0,4,2,0,10,42,5,0.00322,0,0,-1
defect4j,mockito,org/mockito/internal/util/Primitives,16,48,"        primitiveTypes.put(Short.class, Short.TYPE);",6,0,0,1,2,0,4,2,0,13,44,1,0.00322,0,0,-1
defect4j,mockito,org/mockito/internal/util/Primitives,16,49,"        primitiveTypes.put(Integer.class, Integer.TYPE);",8,1,1,1,2,1,0,2,0,15,48,2,0.00322,0,0,-1
defect4j,mockito,org/mockito/internal/util/Primitives,16,50,"        primitiveTypes.put(Long.class, Long.TYPE);",6,0,0,1,2,0,8,4,0,18,42,1,0.00322,0,0,-1
defect4j,mockito,org/mockito/internal/util/Primitives,16,51,"        primitiveTypes.put(Float.class, Float.TYPE);",4,0,0,1,2,0,4,2,0,10,44,5,0.00322,0,0,-1
defect4j,mockito,org/mockito/internal/util/CreationValidator,17,24,        for (Class i : extraInterfaces) {,2,0,0,1,3,0,6,2,0,10,33,8,0.05556,0,0,-1
defect4j,mockito,org/mockito/internal/creation/MockSettingsImpl,17,22,        return this.extraInterfaces(java.io.Serializable.class);,6,0,0,1,2,1,2,0,0,8,56,5,0.05263,1,0,-1
defect4j,mockito,org/mockito/internal/creation/MockSettingsImpl,17,31,            if (i == null) {,2,1,0,1,3,0,0,0,0,3,16,6,0.03571,0,0,-1
defect4j,mockito,org/mockito/internal/creation/MockSettingsImpl,17,33,            } else if (!i.isInterface()) {,0,0,0,2,6,0,4,0,0,5,30,7,0.03571,0,0,-1
defect4j,mockito,org/mockito/internal/util/MockName,17,18,            this.mockName = toInstanceName(classToMock);,2,0,0,1,2,0,4,0,0,7,44,6,0.00235,0,0,-1
defect4j,mockito,org/mockito/internal/util/MockName,17,26,        String className = clazz.getSimpleName();,2,0,0,1,2,1,0,2,0,5,41,1,0.00235,0,0,-1
defect4j,mockito,org/mockito/internal/util/MockName,17,27,        if (className.length() == 0) {,4,1,0,2,5,0,4,0,0,10,30,3,0.00235,0,0,-1
defect4j,mockito,org/mockito/internal/creation/jmock/ClassImposterizer,17,79,"            enhancer.setInterfaces(prepend(mockedType, interfaces));",2,1,0,2,4,0,0,0,0,3,56,4,0.00184,0,0,-1
defect4j,mockito,org/mockito/internal/creation/jmock/ClassImposterizer,17,117,        Class<?>[] all = new Class<?>[rest.length+1];,8,1,0,2,4,0,12,4,0,26,45,1,0.00184,0,0,-1
defect4j,mockito,org/mockito/internal/creation/jmock/ClassImposterizer,17,119,"        System.arraycopy(rest, 0, all, 1, rest.length);",4,0,0,1,2,0,8,0,0,12,47,5,0.00184,0,0,-1
defect4j,mockito,org/mockito/internal/creation/jmock/ClassImposterizer,17,120,        return all;,4,2,1,0,0,1,14,2,0,25,11,3,0.00184,0,0,-1
defect4j,mockito,org/mockito/internal/util/CreationValidator,17,33,            return;,2,0,0,0,0,1,4,0,0,7,7,7,0.00166,0,0,-1
defect4j,mockito,org/mockito/MockitoAnnotations,17,96,            for(Annotation annotation : field.getAnnotations()) {,2,0,0,2,5,0,4,2,0,8,53,6,0.00166,0,0,-1
defect4j,mockito,org/mockito/internal/creation/jmock/SerializableNoOp,17,12,"public class SerializableNoOp implements NoOp, Serializable {",2,0,0,0,1,1,0,4,0,7,61,1,0.0016,0,0,-1
defect4j,mockito,org/mockito/internal/creation/cglib/MockitoNamingPolicy,17,15,"        return ""ByMockitoWithCGLIB"";",2,0,0,0,0,1,4,0,0,8,28,3,0.0016,0,0,-1
defect4j,mockito,org/mockito/internal/verification/RegisteredInvocations,17,15,public class RegisteredInvocations implements Serializable {,2,0,0,0,1,1,4,2,0,10,60,1,0.0016,0,0,-1
defect4j,mockito,org/mockito/internal/creation/jmock/SerializableNoOp,17,15,  public static final Callback SERIALIZABLE_INSTANCE = new SerializableNoOp();,2,0,0,1,2,3,0,4,0,9,76,2,0.0016,0,0,-1
defect4j,mockito,org/mockito/internal/invocation/MatchersBinder,17,15,public class MatchersBinder implements Serializable {,2,0,0,0,1,1,0,2,0,5,53,1,0.0016,0,0,-1
defect4j,mockito,org/mockito/internal/util/MockName,17,16,"    public MockName(String mockName, Class classToMock) {",6,0,0,1,3,1,4,4,0,15,53,2,0.0016,0,0,-1
defect4j,mockito,org/mockito/internal/stubbing/InvocationContainerImpl,17,20,"@SuppressWarnings(""unchecked"")",2,0,0,1,2,0,0,0,0,3,30,2,0.0016,0,0,-1
defect4j,mockito,org/mockito/internal/creation/jmock/SearchingClassLoader,17,24,"        return combineLoadersOf(classes[0], classes);",0,0,1,2,4,1,4,0,0,6,45,5,0.0016,0,0,-1
defect4j,mockito,org/mockito/internal/creation/MethodInterceptorFilter,17,27,"    public MethodInterceptorFilter(MockitoInvocationHandler handler, MockSettingsImpl mockSettings) {",6,0,0,1,3,1,0,4,0,11,97,2,0.0016,0,0,-1
defect4j,mockito,org/mockito/internal/creation/MethodInterceptorFilter,17,28,        this.handler = handler;,4,0,0,0,0,0,0,0,0,5,23,4,0.0016,0,0,-1
defect4j,mockito,org/mockito/internal/creation/jmock/SearchingClassLoader,17,28,        List<ClassLoader> loaders = new ArrayList<ClassLoader>();,2,0,0,1,2,0,0,8,0,10,57,4,0.0016,0,0,-1
defect4j,mockito,org/mockito/internal/creation/jmock/SearchingClassLoader,17,30,"        addIfNewElement(loaders, first.getClassLoader());",8,1,0,2,4,0,8,8,0,25,49,3,0.0016,0,0,-1
defect4j,mockito,org/mockito/internal/stubbing/InvocationContainerImpl,17,31,    public InvocationContainerImpl(MockingProgress mockingProgress) {,4,0,0,1,3,1,0,2,0,7,65,2,0.0016,0,0,-1
defect4j,mockito,org/mockito/internal/creation/jmock/SearchingClassLoader,17,31,        for (Class<?> c : others) {,4,0,0,1,3,0,0,2,0,6,27,4,0.0016,0,0,-1
defect4j,mockito,org/mockito/internal/stubbing/InvocationContainerImpl,17,32,        this.mockingProgress = mockingProgress;,0,0,0,0,0,0,6,0,0,7,39,5,0.0016,0,0,-1
defect4j,mockito,org/mockito/internal/MockHandler,17,33,    MatchersBinder matchersBinder = new MatchersBinder();,2,0,0,1,2,0,0,4,0,6,53,2,0.0016,0,0,-1
defect4j,mockito,org/mockito/internal/util/MockUtil,17,36,"        creationValidator.validateMockedType(classToMock, settings.getSpiedInstance());",2,0,0,2,4,1,10,4,0,17,79,1,0.0016,1,1,-1
defect4j,mockito,org/mockito/internal/MockHandler,17,38,    public MockHandler(MockSettingsImpl mockSettings) {,4,0,0,1,3,1,0,2,0,7,51,2,0.0016,0,0,-1
defect4j,mockito,org/mockito/internal/creation/jmock/ClassImposterizer,17,39,            return method.isBridge() ? 1 : 0;,0,0,0,1,2,1,4,0,0,4,33,10,0.0016,0,0,-1
defect4j,mockito,org/mockito/internal/creation/jmock/SearchingClassLoader,17,40,"        addIfNewElement(loaders, SearchingClassLoader.class.getClassLoader());",0,0,0,2,4,0,6,2,0,8,70,5,0.0016,0,0,-1
defect4j,mockito,org/mockito/internal/util/MockUtil,17,40,        MockHandler<T> mockHandler = new MockHandler<T>(settings);,6,0,0,1,2,0,6,10,0,22,58,3,0.0016,0,0,-1
defect4j,mockito,org/mockito/internal/util/MockUtil,17,41,"        MethodInterceptorFilter filter = new MethodInterceptorFilter(mockHandler, settings);",6,0,0,1,2,0,0,4,0,10,84,4,0.0016,0,0,-1
defect4j,mockito,org/mockito/internal/MockHandler,17,41,        this.matchersBinder = new MatchersBinder();,2,0,0,1,2,0,0,2,0,5,43,4,0.0016,0,0,-1
defect4j,mockito,org/mockito/internal/MockHandler,17,42,        this.invocationContainerImpl = new InvocationContainerImpl(mockingProgress);,4,0,0,1,2,0,0,2,0,7,76,4,0.0016,0,0,-1
defect4j,mockito,org/mockito/internal/creation/jmock/SearchingClassLoader,17,44,"        addIfNewElement(loaders, currentThread().getContextClassLoader());",2,1,0,3,6,0,8,0,0,11,66,1,0.0016,0,0,-1
defect4j,mockito,org/mockito/internal/util/MockUtil,17,47,        Object spiedInstance = settings.getSpiedInstance();,2,0,0,1,2,0,4,2,0,8,51,4,0.0016,1,1,-1
defect4j,mockito,org/mockito/internal/stubbing/defaultanswers/ReturnsEmptyValues,18,107,        } else if (type == HashMap.class) {,2,1,0,1,4,0,0,2,0,5,35,15,0.00211,0,0,-1
defect4j,mockito,org/mockito/internal/stubbing/defaultanswers/ReturnsEmptyValues,18,111,        } else if (type == TreeMap.class) {,10,1,0,1,4,1,0,8,0,20,35,1,0.00211,0,0,-1
defect4j,mockito,org/mockito/internal/stubbing/defaultanswers/ReturnsEmptyValues,18,101,        } else if (type == LinkedList.class) {,8,1,0,1,4,0,0,0,0,10,38,6,0.00211,0,0,-1
defect4j,mockito,org/mockito/internal/stubbing/defaultanswers/ReturnsEmptyValues,18,105,        } else if (type == Map.class) {,2,1,0,1,4,0,0,2,0,5,31,14,0.00211,0,0,-1
defect4j,mockito,org/mockito/internal/stubbing/defaultanswers/ReturnsEmptyValues,18,87,        } else if (type == Collection.class) {,2,0,0,1,4,1,0,0,0,3,38,2,0.0021,1,0,-1
defect4j,mockito,org/mockito/internal/stubbing/defaultanswers/ReturnsEmptyValues,18,93,        } else if (type == SortedSet.class) {,8,1,0,1,4,0,14,6,0,29,37,3,0.0021,0,0,-1
defect4j,mockito,org/mockito/internal/stubbing/defaultanswers/ReturnsEmptyValues,18,95,        } else if (type == TreeSet.class) {,2,1,0,1,4,0,0,2,0,5,35,9,0.0021,0,0,-1
defect4j,mockito,org/mockito/internal/stubbing/defaultanswers/ReturnsEmptyValues,18,97,        } else if (type == LinkedHashSet.class) {,2,1,0,1,4,0,0,2,0,5,41,10,0.0021,0,0,-1
defect4j,mockito,org/mockito/internal/stubbing/defaultanswers/ReturnsEmptyValues,18,99,        } else if (type == List.class) {,2,2,0,1,4,0,10,2,0,16,32,3,0.0021,0,0,-1
defect4j,mockito,org/mockito/internal/util/MockUtil,18,70,        return isMockitoMock(mock) && getMockSettings(mock).getDefaultAnswer() == Mockito.CALLS_REAL_METHODS;,4,2,0,3,6,1,10,0,0,16,101,4,0.00162,0,0,-1
defect4j,mockito,org/mockito/internal/util/Primitives,18,13,"    private static final Map<Class<?>, Class<?>> PRIMITIVE_TYPES = new HashMap<Class<?>, Class<?>>();",6,0,0,1,2,3,0,12,0,22,97,1,0.00161,0,0,-1
defect4j,mockito,org/mockito/internal/util/Primitives,18,14,"    private static final Map<Class<?>, Object> PRIMITIVE_OR_WRAPPER_DEFAULT_VALUES = new HashMap<Class<?>, Object>();",2,0,0,1,2,3,0,12,0,17,113,2,0.00161,0,0,-1
defect4j,mockito,org/mockito/internal/util/Primitives,18,59,"        PRIMITIVE_TYPES.put(Character.class, Character.TYPE);",4,0,0,1,2,0,4,2,0,10,53,5,0.00161,0,0,-1
defect4j,mockito,org/mockito/internal/util/Primitives,18,61,"        PRIMITIVE_TYPES.put(Short.class, Short.TYPE);",4,0,0,1,2,0,4,2,0,10,45,5,0.00161,0,0,-1
defect4j,mockito,org/mockito/internal/util/Primitives,18,62,"        PRIMITIVE_TYPES.put(Integer.class, Integer.TYPE);",4,0,0,1,2,0,4,2,0,10,49,5,0.00161,0,0,-1
defect4j,mockito,org/mockito/internal/util/Primitives,18,63,"        PRIMITIVE_TYPES.put(Long.class, Long.TYPE);",4,0,0,1,2,0,4,2,0,10,43,5,0.00161,0,0,-1
defect4j,mockito,org/mockito/internal/util/Primitives,18,76,"        PRIMITIVE_OR_WRAPPER_DEFAULT_VALUES.put(Double.class, 0D);",8,0,0,1,2,0,0,0,0,10,58,4,0.00161,0,0,-1
defect4j,mockito,org/mockito/internal/util/Primitives,18,78,"        PRIMITIVE_OR_WRAPPER_DEFAULT_VALUES.put(boolean.class, false);",8,1,0,1,2,0,0,0,0,10,62,3,0.00161,0,0,-1
defect4j,mockito,org/mockito/internal/util/Primitives,18,80,"        PRIMITIVE_OR_WRAPPER_DEFAULT_VALUES.put(byte.class, (byte) 0);",2,0,0,2,4,0,0,2,0,4,62,5,0.00161,0,0,-1
defect4j,mockito,org/mockito/internal/util/Primitives,18,81,"        PRIMITIVE_OR_WRAPPER_DEFAULT_VALUES.put(short.class, (short) 0);",6,0,0,2,4,1,0,4,0,12,64,1,0.00161,0,0,-1
defect4j,mockito,org/mockito/internal/util/Primitives,18,82,"        PRIMITIVE_OR_WRAPPER_DEFAULT_VALUES.put(int.class, 0);",2,1,0,1,2,0,0,0,0,3,54,4,0.00161,0,0,-1
defect4j,mockito,org/mockito/internal/util/Primitives,18,83,"        PRIMITIVE_OR_WRAPPER_DEFAULT_VALUES.put(long.class, 0L);",6,2,0,1,2,0,8,2,0,19,56,3,0.00161,0,0,-1
defect4j,mockito,org/mockito/internal/util/Primitives,18,84,"        PRIMITIVE_OR_WRAPPER_DEFAULT_VALUES.put(float.class, 0F);",6,3,0,1,2,0,4,4,0,17,57,1,0.00161,0,0,-1
defect4j,mockito,org/mockito/internal/util/Primitives,18,85,"        PRIMITIVE_OR_WRAPPER_DEFAULT_VALUES.put(double.class, 0D);",2,0,0,1,2,1,4,6,0,13,58,1,0.00161,0,0,-1
defect4j,mockito,org/mockito/internal/util/MockUtil,18,66,        return isMockitoMock(mock);,0,0,0,1,2,1,16,0,0,17,27,3,0.0012,0,0,-1
defect4j,mockito,org/mockito/internal/configuration/injection/scanner/MockScanner,18,59,"            FieldReader fieldReader = new FieldReader(instance, field);",6,0,0,1,2,0,0,4,0,10,59,6,0.00111,0,0,-1
defect4j,mockito,org/mockito/internal/configuration/injection/scanner/MockScanner,18,61,"            Object mockInstance = preparedMock(fieldReader.read(), field);",4,0,0,2,4,2,8,6,0,20,62,1,0.00111,0,0,-1
defect4j,mockito,org/mockito/internal/configuration/injection/scanner/MockScanner,18,62,            if (mockInstance != null) {,2,1,0,1,3,0,0,0,0,3,27,6,0.00111,0,0,-1
defect4j,mockito,org/mockito/internal/configuration/injection/scanner/MockScanner,18,80,        return null != field.getAnnotation(Spy.class),2,0,0,1,2,1,0,2,0,4,45,6,0.00111,0,0,-1
defect4j,mockito,org/mockito/internal/configuration/injection/scanner/InjectMocksScanner,18,52,            if (null != field.getAnnotation(InjectMocks.class)) {,0,1,0,2,5,0,4,2,0,7,53,6,0.00111,0,0,-1
defect4j,mockito,org/mockito/internal/configuration/DefaultAnnotationEngine,18,64,            boolean alreadyAssigned = false;,2,0,0,0,0,0,0,0,0,3,32,7,0.0011,0,0,-1
defect4j,mockito,org/mockito/MockitoAnnotations,18,122,        for(Annotation annotation : field.getAnnotations()) {,2,0,0,2,5,0,4,2,0,8,53,4,0.0011,0,0,-1
defect4j,mockito,org/mockito/internal/util/MockUtil,18,74,        return mockMaker.getHandler(mock) != null;,0,1,0,1,2,1,6,0,0,7,42,4,0.0011,0,0,-1
defect4j,mockito,org/mockito/internal/configuration/GlobalConfiguration,18,26,        return GLOBAL_CONFIGURATION.get();,2,0,0,1,2,3,0,4,0,8,34,2,0.00109,0,0,-1
defect4j,mockito,org/mockito/internal/util/reflection/FieldReader,18,18,        this.target = target;,2,1,0,0,0,0,0,2,0,5,21,9,0.00109,0,0,-1
defect4j,mockito,org/mockito/internal/util/reflection/FieldReader,18,20,        changer.enableAccess(field);,2,0,0,1,2,0,4,2,0,8,28,3,0.00109,0,0,-1
defect4j,mockito,org/mockito/internal/configuration/SpyAnnotationEngine,19,60,                        Mockito.reset(instance);,0,0,0,1,2,0,6,0,0,6,24,13,0.2,0,0,-1
defect4j,mockito,org/mockito/internal/stubbing/defaultanswers/ReturnsEmptyValues,19,70,                return name.toString();,0,0,0,1,2,1,4,0,0,4,23,9,0.09091,0,0,-1
defect4j,mockito,org/mockito/internal/configuration/injection/SpyOnInjectedFieldsHandler,19,38,                if (new MockUtil().isMock(instance)) {,0,0,0,3,7,0,4,2,0,6,38,9,0.05556,0,0,-1
defect4j,mockito,org/mockito/internal/configuration/injection/SpyOnInjectedFieldsHandler,19,43,"                    new FieldSetter(fieldOwner, field).set(",4,0,0,1,3,0,2,2,0,8,39,11,0.05556,0,0,-1
defect4j,mockito,org/mockito/internal/configuration/injection/filter/NameBasedCandidateFilter,19,26,			for (Object mock : mocks) {,4,0,0,1,3,0,0,2,0,6,27,6,0.05263,0,0,-1
defect4j,mockito,org/mockito/internal/stubbing/defaultanswers/ReturnsEmptyValues,19,66,            MockName name = mockUtil.getMockName(mock);,6,0,0,1,2,1,4,4,0,15,43,2,0.05263,0,0,-1
defect4j,mockito,org/mockito/internal/stubbing/defaultanswers/ReturnsEmptyValues,19,67,            if (name.isDefault()) {,0,0,0,2,5,0,4,0,0,4,23,7,0.05263,0,0,-1
defect4j,mockito,org/mockito/internal/util/MockUtil,19,44,        InternalMockHandler oldHandler = (InternalMockHandler) getMockHandler(mock);,6,0,0,2,4,0,4,4,0,15,76,3,0.04545,0,0,-1
defect4j,mockito,org/mockito/internal/util/MockUtil,19,45,        MockCreationSettings settings = oldHandler.getMockSettings();,6,0,0,1,2,1,8,6,0,21,61,1,0.04545,0,0,-1
defect4j,mockito,org/mockito/internal/util/MockUtil,19,46,        MockHandler newHandler = new MockHandlerFactory().create(settings);,2,0,0,2,4,0,4,4,0,10,67,4,0.04545,0,0,-1
defect4j,mockito,org/mockito/internal/util/MockUtil,19,48,"        mockMaker.resetMock(mock, newHandler, settings);",2,0,0,1,2,0,10,0,0,12,48,3,0.04545,0,0,-1
defect4j,mockito,org/mockito/internal/util/reflection/SuperTypesLastSorter,19,36,            int newPos = i;,8,0,0,0,0,0,4,2,0,14,15,1,0.04167,0,0,-1
defect4j,mockito,org/mockito/internal/util/reflection/SuperTypesLastSorter,19,38,                Class<?> t = fields.get(j).getType();,2,1,1,2,4,0,4,2,0,15,37,8,0.04167,0,0,-1
defect4j,mockito,org/mockito/internal/util/reflection/SuperTypesLastSorter,19,40,                if (ft != t && ft.isAssignableFrom(t)) {,4,2,0,2,5,0,6,0,0,12,40,8,0.04167,0,0,-1
defect4j,mockito,org/mockito/internal/configuration/injection/filter/FinalMockCandidateFilter,19,41,        return new OngoingInjecter() {,0,0,0,1,3,1,0,2,0,2,30,6,0.04167,1,1,-1
defect4j,mockito,org/mockito/internal/util/reflection/SuperTypesLastSorter,19,51,        },10,5,1,0,1,0,4,0,0,25,1,4,0.04167,0,0,-1
defect4j,mockito,org/mockito/internal/MockitoCore,19,96,        mockingProgress.resetOngoingStubbing();,4,1,0,1,2,0,4,6,0,15,39,3,0.04167,0,0,-1
defect4j,mockito,org/mockito/internal/MockitoCore,19,98,        for (T m : mocks) {,0,0,0,1,3,0,6,0,0,6,19,5,0.04167,0,0,-1
defect4j,mockito,org/mockito/internal/configuration/SpyAnnotationEngine,19,62,"                        field.set(testInstance, Mockito.mock(instance.getClass(), withSettings()",0,0,0,2,6,0,16,0,0,16,72,14,0.03448,0,0,-1
defect4j,mockito,org/mockito/internal/configuration/injection/ConstructorInjection,19,61,            return false;,0,0,0,0,0,1,0,0,0,1,13,7,0.0303,0,0,-1
defect4j,mockito,org/mockito/internal/util/reflection/FieldInitializer,19,175,            final AccessibilityChanger changer = new AccessibilityChanger();,2,0,0,1,2,1,0,4,0,7,64,5,0.0303,0,0,-1
defect4j,mockito,org/mockito/internal/util/reflection/FieldInitializer,19,176,            Constructor<?> constructor = null;,2,0,0,0,0,0,0,2,0,4,34,5,0.0303,0,0,-1
defect4j,mockito,org/mockito/internal/util/reflection/FieldInitializer,19,179,                changer.enableAccess(constructor);,2,0,0,1,2,0,12,4,0,18,34,1,0.0303,0,0,-1
defect4j,mockito,org/mockito/internal/util/reflection/FieldInitializer,19,181,                final Object[] noArg = new Object[0];,2,0,0,2,4,1,0,4,0,7,37,7,0.0303,0,0,-1
defect4j,mockito,org/mockito/internal/util/reflection/FieldInitializer,19,182,                Object newFieldInstance = constructor.newInstance(noArg);,2,1,0,1,2,0,0,0,0,3,57,6,0.0303,0,0,-1
defect4j,mockito,org/mockito/internal/util/reflection/FieldInitializer,19,183,"                new FieldSetter(testClass, field).set(newFieldInstance);",10,0,0,2,4,2,4,4,0,21,56,1,0.0303,0,0,-1
defect4j,mockito,org/mockito/internal/util/reflection/FieldInitializer,19,185,"                return new FieldInitializationReport(field.get(testClass), true, false);",6,0,0,2,4,1,12,6,0,27,72,1,0.0303,0,0,-1
defect4j,mockito,org/mockito/internal/util/reflection/FieldInitializer,19,195,                if(constructor != null) {,2,1,0,1,3,0,0,0,0,3,25,7,0.0303,0,0,-1
defect4j,mockito,org/mockito/internal/util/reflection/FieldInitializer,19,196,                    changer.safelyDisableAccess(constructor);,2,0,0,1,2,0,6,0,0,8,41,1,0.0303,0,0,-1
defect4j,mockito,org/mockito/internal/util/reflection/FieldInitializer,19,278,"                throw new MockitoException(""the field "" + field.getName() + "" of type "" + field.getType() + "" has no parameterized constructor"");",0,1,0,3,6,0,8,2,0,14,129,8,0.0303,0,0,-1
defect4j,mockito,org/mockito/internal/configuration/injection/ConstructorInjection,19,56,            if(e.getCause() instanceof InvocationTargetException) {,0,0,0,2,5,0,4,2,0,6,55,8,0.02941,0,0,-1
defect4j,mockito,org/mockito/internal/configuration/SpyAnnotationEngine,19,56,"                    assertNotInterface(instance, field.getType());",0,0,0,2,4,0,8,0,0,8,46,11,0.02703,0,0,-1
defect4j,mockito,org/mockito/internal/configuration/SpyAnnotationEngine,19,57,                    if (new MockUtil().isMock(instance)) {,0,0,0,3,7,0,4,2,0,6,38,11,0.02703,0,0,-1
defect4j,mockito,org/mockito/internal/configuration/SpyAnnotationEngine,19,61,                    } else if (instance != null) {,2,1,0,1,4,0,0,0,0,3,30,11,0.02703,0,0,-1
defect4j,mockito,org/mockito/internal/configuration/SpyAnnotationEngine,19,51,"                assertNoIncompatibleAnnotations(Spy.class, field, Mock.class, org.mockito.MockitoAnnotations.Mock.class, Captor.class);",10,0,0,1,2,0,4,6,0,20,119,3,0.02632,0,0,-1
defect4j,mockito,org/mockito/internal/configuration/SpyAnnotationEngine,19,55,                    instance = field.get(testInstance);,2,0,0,1,2,0,6,0,0,9,35,10,0.02632,0,0,-1
defect4j,mockito,org/mockito/internal/configuration/SpyAnnotationEngine,19,77,        type = testInstance != null? testInstance.getClass() : type;,2,0,0,1,2,2,0,4,0,8,60,2,0.02632,0,0,-1
defect4j,mockito,org/mockito/internal/util/reflection/FieldInitializer,19,121,"            return new FieldInitializationReport(fieldInstance, false, false);",2,0,0,1,2,1,0,2,0,6,66,7,0.02564,0,0,-1
defect4j,mockito,org/mockito/internal/configuration/SpyAnnotationEngine,19,123,        for (Class u : undesiredAnnotations) {,4,0,0,1,3,0,0,2,0,6,38,4,0.025,0,0,-1
defect4j,mockito,org/mockito/internal/configuration/SpyAnnotationEngine,19,124,            if (field.isAnnotationPresent(u)) {,10,0,0,2,5,1,4,4,0,20,35,2,0.025,0,0,-1
defect4j,mockito,org/mockito/internal/util/reflection/BeanPropertySetter,19,29,"    public BeanPropertySetter(final Object target, final Field propertyField, boolean reportNoSetterFound) {",4,0,0,1,3,0,0,2,0,7,104,3,0.02222,0,0,-1
defect4j,mockito,org/mockito/internal/configuration/injection/filter/FinalMockCandidateFilter,19,30,"                        if (!new BeanPropertySetter(fieldInstance, field).set(matchingMock)) {",6,0,0,3,7,1,4,4,0,16,70,1,0.02222,0,0,-1
defect4j,mockito,org/mockito/internal/util/reflection/BeanPropertySetter,19,30,        this.field = propertyField;,4,0,0,0,0,0,0,0,0,5,27,4,0.02222,0,0,-1
defect4j,mockito,org/mockito/internal/util/reflection/BeanPropertySetter,19,31,        this.target = target;,2,0,0,0,0,0,8,0,0,10,21,3,0.02222,0,0,-1
defect4j,mockito,org/mockito/internal/util/reflection/BeanPropertySetter,19,32,        this.reportNoSetterFound = reportNoSetterFound;,6,0,0,0,0,1,0,4,0,12,47,1,0.02222,0,0,-1
defect4j,mockito,org/mockito/internal/configuration/injection/filter/FinalMockCandidateFilter,19,35,                    },2,0,0,0,1,1,0,2,0,5,1,1,0.02222,0,0,-1
defect4j,mockito,org/mockito/internal/util/collections/HashCodeAndEqualsMockWrapper,19,41,        if (this == o) return true;,2,1,0,1,2,1,0,0,0,4,27,4,0.02222,0,0,-1
defect4j,mockito,org/mockito/internal/util/reflection/BeanPropertySetter,19,41,"        this(target, propertyField, false);",4,0,0,1,2,0,0,0,0,5,35,4,0.02222,0,0,-1
defect4j,mockito,org/mockito/internal/util/collections/HashCodeAndEqualsMockWrapper,19,44,        HashCodeAndEqualsMockWrapper that = (HashCodeAndEqualsMockWrapper) o;,4,0,0,1,2,0,0,4,0,8,69,4,0.02222,0,0,-1
defect4j,mockito,org/mockito/internal/util/collections/HashCodeAndEqualsMockWrapper,19,46,        return mockInstance == that.mockInstance;,6,1,0,0,0,1,0,0,0,7,41,4,0.02222,0,0,-1
defect4j,mockito,org/mockito/internal/util/reflection/BeanPropertySetter,19,53,        AccessibilityChanger changer = new AccessibilityChanger();,4,0,0,1,2,0,4,2,0,10,58,5,0.02222,0,0,-1
defect4j,mockito,org/mockito/internal/util/reflection/BeanPropertySetter,19,54,        Method writeMethod = null;,4,0,0,0,0,0,0,2,0,6,26,3,0.02222,0,0,-1
defect4j,mockito,org/mockito/internal/configuration/injection/PropertyAndSetterInjection,19,116,                injectionOccurred |= true;,2,0,0,0,0,0,0,0,0,4,26,8,0.02222,0,0,-1
defect4j,mockito,org/mockito/internal/configuration/injection/PropertyAndSetterInjection,19,117,                mocks.remove(injected);,4,0,0,1,2,0,0,0,0,5,23,4,0.02222,0,0,-1
defect4j,mockito,org/mockito/internal/configuration/injection/filter/TypeBasedCandidateFilter,19,21,        List<Object> mockTypeMatches = new ArrayList<Object>();,2,0,0,1,2,0,8,8,0,18,55,3,0.02174,0,0,-1
defect4j,mockito,org/mockito/internal/configuration/injection/filter/TypeBasedCandidateFilter,19,22,        for (Object mock : mocks) {,6,0,0,1,3,1,0,6,0,13,27,1,0.02174,0,0,-1
defect4j,mockito,org/mockito/internal/configuration/injection/filter/TypeBasedCandidateFilter,19,23,            if (field.getType().isAssignableFrom(mock.getClass())) {,8,0,0,4,9,0,14,6,0,29,56,1,0.02174,0,0,-1
defect4j,mockito,org/mockito/internal/configuration/injection/filter/FinalMockCandidateFilter,19,24,        if(mocks.size() == 1) {,0,1,0,2,5,0,4,0,0,5,23,4,0.02174,0,0,-1
defect4j,mockito,org/mockito/internal/configuration/injection/filter/NameBasedCandidateFilter,19,24,		List<Object> mockNameMatches = new ArrayList<Object>();,2,0,0,1,2,0,0,8,0,10,55,4,0.02174,0,0,-1
defect4j,mockito,org/mockito/internal/configuration/injection/filter/NameBasedCandidateFilter,19,25,		if (mocks.size() > 1) {,0,1,0,2,5,0,4,0,0,5,23,4,0.02174,0,0,-1
defect4j,mockito,org/mockito/internal/configuration/injection/filter/TypeBasedCandidateFilter,19,26,        },2,1,0,0,1,0,0,2,0,5,1,19,0.02174,0,0,-1
defect4j,mockito,org/mockito/internal/configuration/injection/filter/TypeBasedCandidateFilter,19,28,"        return next.filterCandidate(mockTypeMatches, field, fieldInstance);",0,0,0,1,2,1,10,0,0,10,67,5,0.02174,1,0,-1
defect4j,mockito,org/mockito/internal/configuration/injection/PropertyAndSetterInjection,19,113,            Field field = it.next();,2,0,0,1,2,0,4,2,0,8,24,6,0.02174,0,0,-1
defect4j,mockito,org/mockito/internal/configuration/injection/PropertyAndSetterInjection,19,114,"            Object injected = mockCandidateFilter.filterCandidate(mocks, field, instance).thenInject();",2,0,0,2,4,0,12,2,0,16,91,6,0.02174,1,0,-1
defect4j,mockito,org/mockito/internal/util/reflection/FieldInitializationReport,19,46,        return wasInitializedUsingConstructorArgs;,2,0,0,0,0,1,0,0,0,2,42,4,0.01923,0,0,-1
defect4j,mockito,org/mockito/internal/configuration/injection/ConstructorInjection,19,52,"            FieldInitializationReport report = new FieldInitializer(fieldOwner, field, simpleArgumentResolver).initialize();",2,0,0,2,4,1,0,0,0,3,112,1,0.01923,0,0,-1
defect4j,mockito,org/mockito/internal/util/reflection/FieldInitializer,19,124,        return instantiator.instantiate();,4,0,0,1,2,1,4,0,0,9,34,3,0.01887,0,0,-1
defect4j,mockito,org/mockito/internal/util/reflection/FieldInitializer,19,69,            checkNotAbstract(field);,6,0,0,1,2,4,0,2,0,12,24,0,0.01852,0,0,-1
defect4j,mockito,org/mockito/internal/util/reflection/FieldInitializer,19,66,            checkNotLocal(field);,2,1,0,1,2,0,4,2,0,11,21,1,0.01818,0,0,-1
defect4j,mockito,org/mockito/internal/util/reflection/FieldInitializer,19,67,            checkNotInner(field);,0,0,0,1,2,0,8,0,0,9,21,3,0.01818,0,0,-1
defect4j,mockito,org/mockito/internal/creation/MockSettingsImpl,20,98,        this.useConstructor = true;,2,0,0,0,0,0,0,0,0,4,27,4,4.0,0,0,-1
defect4j,mockito,org/mockito/internal/creation/MockSettingsImpl,20,103,        this.outerClassInstance = outerClassInstance;,10,0,0,0,0,0,6,2,0,20,45,3,1.8,0,0,-1
defect4j,mockito,org/mockito/internal/creation/bytebuddy/InterceptedInvocation,20,184,                    return callable.call();,2,0,0,1,2,1,10,2,0,14,23,1,0.52083,0,0,-1
defect4j,mockito,org/mockito/internal/stubbing/answers/CallsRealMethods,20,39,    	if (Modifier.isAbstract(invocation.getMethod().getModifiers())) {,0,0,0,4,9,0,10,0,0,10,65,5,0.5102,0,0,-1
defect4j,mockito,org/mockito/internal/creation/bytebuddy/InterceptedInvocation,20,178,                return true;,4,2,0,0,0,1,0,2,0,9,12,1,0.5,0,0,-1
defect4j,mockito,org/mockito/internal/configuration/SpyAnnotationEngine,20,117,"            return Mockito.mock(type, settings.useConstructor());",0,0,0,2,4,1,10,0,0,10,53,7,0.23529,0,0,-1
defect4j,mockito,org/mockito/internal/configuration/SpyAnnotationEngine,20,85,        MockSettings settings = withSettings(),2,0,0,1,2,0,2,2,0,6,38,4,0.18182,0,0,-1
defect4j,mockito,org/mockito/internal/configuration/SpyAnnotationEngine,20,92,        if (!Modifier.isStatic(type.getModifiers())) {,0,0,0,3,7,0,4,0,0,5,46,5,0.18182,0,0,-1
defect4j,mockito,org/mockito/internal/configuration/SpyAnnotationEngine,20,107,            constructor = type.getDeclaredConstructor();,4,0,0,1,2,0,0,0,0,5,44,4,0.18182,0,0,-1
defect4j,mockito,org/mockito/internal/configuration/SpyAnnotationEngine,20,110,        },4,0,0,0,1,1,0,2,0,7,1,2,0.18182,0,0,-1
defect4j,mockito,org/mockito/internal/configuration/SpyAnnotationEngine,20,112,        if (Modifier.isPrivate(constructor.getModifiers())) {,0,0,0,3,7,0,14,0,0,15,53,3,0.18182,0,0,-1
defect4j,mockito,org/mockito/internal/configuration/SpyAnnotationEngine,20,100,"                return Mockito.mock(type, settings",2,0,0,0,1,1,12,2,0,16,34,3,0.14286,0,0,-1
defect4j,mockito,org/mockito/internal/creation/bytebuddy/InterceptedInvocation,20,172,            public FromCallable(Callable<?> callable) {,6,0,0,1,3,2,0,2,0,11,43,1,0.12887,0,0,-1
defect4j,mockito,org/mockito/internal/creation/bytebuddy/InterceptedInvocation,20,173,                this.callable = callable;,4,0,0,0,0,0,0,0,0,5,25,6,0.12887,0,0,-1
defect4j,mockito,org/mockito/internal/creation/bytebuddy/InterceptedInvocation,20,174,            },2,0,0,0,1,0,0,2,0,4,1,7,0.12887,0,0,-1
defect4j,mockito,org/mockito/internal/configuration/SpyAnnotationEngine,20,95,                if (!enclosing.isInstance(testInstance)) {,0,0,0,2,5,0,6,0,0,7,42,8,0.125,0,0,-1
defect4j,mockito,org/mockito/internal/configuration/SpyAnnotationEngine,20,93,            Class<?> enclosing = type.getEnclosingClass();,4,0,0,1,2,1,0,4,0,9,46,2,0.11111,0,0,-1
defect4j,mockito,org/mockito/internal/configuration/SpyAnnotationEngine,20,94,            if (enclosing != null) {,6,1,0,1,3,0,0,0,0,8,24,3,0.11111,0,0,-1
defect4j,mockito,org/mockito/internal/configuration/SpyAnnotationEngine,20,55,                    instance = field.get(testInstance);,4,0,0,1,2,0,0,2,0,6,35,4,0.09756,0,0,-1
defect4j,mockito,org/mockito/internal/configuration/SpyAnnotationEngine,20,57,                    if (new MockUtil().isMock(instance)) {,2,0,1,3,7,0,0,2,0,8,38,6,0.09756,0,0,-1
defect4j,mockito,org/mockito/internal/configuration/SpyAnnotationEngine,20,61,                    } else if (instance != null) {,2,1,0,1,4,0,0,0,0,3,30,11,0.09756,0,0,-1
defect4j,mockito,org/mockito/internal/configuration/SpyAnnotationEngine,20,77,        type = testInstance != null? testInstance.getClass() : type;,6,1,0,1,2,0,4,0,0,12,60,4,0.09756,0,0,-1
defect4j,mockito,org/mockito/internal/configuration/SpyAnnotationEngine,20,78,        if (type.isInterface()) {,2,0,0,2,5,0,4,0,0,6,25,3,0.09756,0,0,-1
defect4j,mockito,org/mockito/internal/configuration/SpyAnnotationEngine,20,128,    },2,1,0,0,1,0,0,2,0,5,1,12,0.09756,0,0,-1
defect4j,mockito,org/mockito/internal/configuration/SpyAnnotationEngine,20,123,        for (Class u : undesiredAnnotations) {,4,0,0,1,3,0,0,2,0,6,38,4,0.09302,0,0,-1
defect4j,mockito,org/mockito/internal/stubbing/answers/CallsRealMethods,20,40,    		return RETURNS_DEFAULTS.answer(invocation);,4,2,1,1,2,1,8,2,0,20,43,1,0.09091,0,0,-1
defect4j,mockito,org/mockito/internal/verification/DefaultRegisteredInvocations,20,18,"public class DefaultRegisteredInvocations implements RegisteredInvocations, Serializable {",6,0,0,0,1,1,4,4,0,16,90,1,0.06178,0,0,-1
defect4j,mockito,org/mockito/internal/verification/DefaultRegisteredInvocations,20,21,    private final LinkedList<Invocation> invocations = new LinkedList<Invocation>();,2,0,0,1,2,2,0,8,0,12,80,2,0.06178,0,0,-1
defect4j,mockito,org/mockito/internal/verification/DefaultRegisteredInvocations,20,53,    private static class RemoveToString implements Filter<Invocation> {,2,0,0,0,1,2,0,4,0,8,67,2,0.06178,0,0,-1
defect4j,mockito,org/mockito/internal/handler/MockHandlerFactory,20,13,public class MockHandlerFactory {,2,0,0,0,1,1,0,0,0,3,33,1,0.06172,0,0,-1
defect4j,mockito,org/mockito/internal/handler/MockHandlerFactory,20,16,        InternalMockHandler handler = new MockHandlerImpl(settings);,6,0,0,1,2,0,16,6,0,31,60,1,0.06172,0,0,-1
defect4j,mockito,org/mockito/internal/handler/MockHandlerFactory,20,17,        InternalMockHandler nullResultGuardian = new NullResultGuardian(handler);,4,0,0,1,2,0,0,4,0,9,73,4,0.06172,0,0,-1
defect4j,mockito,org/mockito/internal/invocation/MatchersBinder,20,18,public class MatchersBinder implements Serializable {,2,0,0,0,1,1,4,6,0,13,53,1,0.06172,0,0,-1
defect4j,mockito,org/mockito/internal/handler/MockHandlerFactory,20,20,        return notifier;,6,0,0,0,0,1,0,8,0,14,16,3,0.06172,0,0,-1
defect4j,mockito,org/mockito/internal/handler/NullResultGuardian,20,24,    public NullResultGuardian(InternalMockHandler delegate) {,4,0,0,1,3,1,0,2,0,7,57,2,0.06172,0,0,-1
defect4j,mockito,org/mockito/internal/creation/bytebuddy/ByteBuddyMockMaker,20,25,        if (settings.getSerializableMode() == SerializableMode.ACROSS_CLASSLOADERS) {,4,1,0,2,5,0,4,0,0,9,77,4,0.06172,0,0,-1
defect4j,mockito,org/mockito/internal/stubbing/InvocationContainerImpl,20,27,    private final LinkedList<StubbedInvocationMatcher> stubbed = new LinkedList<StubbedInvocationMatcher>();,2,0,0,1,2,2,0,8,0,12,104,2,0.06172,0,0,-1
defect4j,mockito,org/mockito/internal/creation/bytebuddy/CachingMockBytecodeGenerator,20,28,            Class generatedMockClass = mockCachePerClassLoaderOf(mockedType).getOrGenerateMockClass(,6,0,0,1,3,2,0,4,0,13,88,1,0.06172,0,0,-1
defect4j,mockito,org/mockito/internal/handler/InvocationNotifierHandler,20,31,"    public InvocationNotifierHandler(InternalMockHandler<T> mockHandler, MockCreationSettings settings) {",6,0,0,1,3,1,0,6,0,13,101,2,0.06172,0,0,-1
defect4j,mockito,org/mockito/internal/util/MockUtil,20,31,        MockHandler mockHandler = new MockHandlerFactory().create(settings);,2,0,0,2,4,0,4,4,0,10,68,4,0.06172,0,0,-1
defect4j,mockito,org/mockito/internal/handler/InvocationNotifierHandler,20,32,        this.mockHandler = mockHandler;,4,0,0,0,0,0,0,0,0,5,31,4,0.06172,0,0,-1
defect4j,mockito,org/mockito/internal/creation/bytebuddy/MockMethodInterceptor,20,33,"    public MockMethodInterceptor(InternalMockHandler handler, MockCreationSettings mockCreationSettings) {",8,0,0,1,3,1,0,4,0,13,102,2,0.06172,0,0,-1
defect4j,mockito,org/mockito/internal/handler/InvocationNotifierHandler,20,33,        this.invocationListeners = settings.getInvocationListeners();,2,0,0,1,2,0,4,0,0,7,61,4,0.06172,0,0,-1
defect4j,mockito,org/mockito/internal/creation/bytebuddy/CachingMockBytecodeGenerator,20,33,            return generatedMockClass;,2,0,0,0,0,1,0,0,0,2,26,6,0.06172,0,0,-1
defect4j,mockito,org/mockito/internal/creation/bytebuddy/MockMethodInterceptor,20,34,        this.handler = handler;,6,0,0,0,0,0,6,0,0,13,23,3,0.06172,0,0,-1
defect4j,mockito,org/mockito/internal/creation/bytebuddy/ByteBuddyMockMaker,20,34,            mockInstance = classInstantiator.instantiate(mockedProxyType);,2,0,0,1,2,0,6,0,0,9,62,6,0.06172,1,0,-1
defect4j,mockito,org/mockito/internal/stubbing/InvocationContainerImpl,20,34,"    public InvocationContainerImpl(MockingProgress mockingProgress, MockCreationSettings mockSettings) {",6,0,0,1,3,1,0,4,0,11,100,2,0.06172,0,0,-1
defect4j,mockito,org/mockito/internal/creation/bytebuddy/MockMethodInterceptor,20,35,        this.mockCreationSettings = mockCreationSettings;,4,0,0,0,0,0,0,0,0,5,49,4,0.06172,0,0,-1
defect4j,mockito,org/mockito/internal/creation/bytebuddy/ByteBuddyMockMaker,20,35,            MockMethodInterceptor.MockAccess mockAccess = (MockMethodInterceptor.MockAccess) mockInstance;,14,1,0,1,2,0,8,2,0,25,94,3,0.06172,0,0,-1
defect4j,mockito,org/mockito/internal/handler/MockHandlerImpl,20,35,    MatchersBinder matchersBinder = new MatchersBinder();,2,0,0,1,2,0,0,4,0,6,53,2,0.06172,0,0,-1
defect4j,mockito,org/mockito/internal/creation/bytebuddy/CachingMockBytecodeGenerator,20,35,          avoidingClassLeakCacheLock.unlock();,2,0,0,1,2,0,10,4,0,16,36,3,0.06172,0,0,-1
defect4j,mockito,org/mockito/internal/creation/bytebuddy/MockMethodInterceptor,20,36,        acrossJVMSerializationFeature = new AcrossJVMSerializationFeature();,6,0,0,1,2,0,4,2,0,14,68,1,0.06172,0,0,-1
defect4j,mockito,org/mockito/internal/creation/bytebuddy/ByteBuddyMockMaker,20,36,"            mockAccess.setMockitoInterceptor(new MockMethodInterceptor(asInternalMockHandler(handler), settings));",2,0,0,3,6,0,8,2,0,12,102,7,0.06172,0,0,-1
defect4j,mockito,org/mockito/internal/handler/MockHandlerImpl,20,36,    MockingProgress mockingProgress = new ThreadSafeMockingProgress();,0,1,0,1,2,0,4,0,0,5,66,4,0.06172,0,0,-1
defect4j,mockito,org/mockito/internal/stubbing/InvocationContainerImpl,20,36,        this.registeredInvocations = createRegisteredInvocations(mockSettings);,2,0,0,1,2,0,4,0,0,7,71,4,0.06172,0,0,-1
defect4j,mockito,org/mockito/internal/util/MockUtil,20,36,        if (spiedInstance != null) {,4,3,0,1,3,0,10,0,0,18,28,4,0.06172,0,0,-1
defect4j,mockito,org/mockito/internal/creation/bytebuddy/ByteBuddyMockMaker,20,38,"            return ensureMockIsAssignableToMockedType(settings, mockInstance);",2,0,0,1,2,1,6,2,0,10,66,3,0.06172,0,0,-1
defect4j,mockito,org/mockito/internal/creation/bytebuddy/MockBytecodeGenerator,20,38,"        DynamicType.Builder<T> builder = byteBuddy.subclass(mockedType, ConstructorStrategy.Default.IMITATE_SUPER_TYPE)",12,0,0,1,2,0,6,2,0,20,111,4,0.06172,0,0,-1
defect4j,mockito,org/mockito/internal/creation/bytebuddy/CachingMockBytecodeGenerator,20,40,        if (!avoidingClassLeakageCache.containsKey(mockedType.getClassLoader())) {,0,0,0,3,7,0,8,0,0,9,74,4,0.06172,0,0,-1
defect4j,mockito,org/mockito/internal/handler/MockHandlerImpl,20,40,    public MockHandlerImpl(MockCreationSettings mockSettings) {,4,0,0,1,3,1,0,2,0,7,59,2,0.06172,0,0,-1
defect4j,mockito,org/mockito/internal/creation/settings/CreationSettings,20,40,    public CreationSettings(CreationSettings copy) {,4,0,0,1,3,1,0,2,0,7,48,2,0.06172,0,0,-1
defect4j,mockito,org/mockito/internal/util/MockUtil,20,40,        return mock;,2,0,0,0,0,1,0,0,0,2,12,4,0.06172,0,0,-1
defect4j,mockito,org/mockito/internal/creation/bytebuddy/CachingMockBytecodeGenerator,20,41,            avoidingClassLeakageCache.put(,4,0,0,0,1,0,0,0,0,5,30,4,0.06172,0,0,-1
defect4j,mockito,org/mockito/internal/handler/MockHandlerImpl,20,41,        this.mockSettings = mockSettings;,4,0,0,0,0,0,0,0,0,5,33,4,0.06172,0,0,-1
defect4j,mockito,org/mockito/internal/creation/settings/CreationSettings,20,41,        this.typeToMock = copy.typeToMock;,6,0,0,0,0,0,0,0,0,7,34,4,0.06172,0,0,-1
defect4j,mockito,org/mockito/internal/handler/MockHandlerImpl,20,42,        this.mockingProgress = new ThreadSafeMockingProgress();,4,0,0,1,2,0,0,0,0,5,55,6,0.06172,0,0,-1
defect4j,mockito,org/mockito/internal/creation/settings/CreationSettings,20,42,        this.extraInterfaces = copy.extraInterfaces;,6,0,0,0,0,0,0,0,0,7,44,4,0.06172,0,0,-1
defect4j,mockito,org/mockito/internal/handler/MockHandlerImpl,20,43,        this.matchersBinder = new MatchersBinder();,10,0,0,1,2,0,4,2,0,18,43,3,0.06172,0,0,-1
defect4j,mockito,org/mockito/internal/creation/settings/CreationSettings,20,43,        this.name = copy.name;,8,0,0,0,0,0,0,0,0,9,22,3,0.06172,0,0,-1
defect4j,mockito,org/mockito/internal/handler/MockHandlerImpl,20,44,"        this.invocationContainerImpl = new InvocationContainerImpl(mockingProgress, mockSettings);",6,0,0,1,2,0,0,2,0,9,90,4,0.06172,0,0,-1
defect4j,mockito,org/mockito/internal/creation/settings/CreationSettings,20,45,        this.defaultAnswer = copy.defaultAnswer;,12,1,0,0,0,0,0,0,0,14,40,3,0.06172,0,0,-1
defect4j,mockito,org/mockito/internal/creation/settings/CreationSettings,20,47,        this.serializableMode = copy.serializableMode;,6,0,0,0,0,0,0,0,0,7,46,4,0.06172,0,0,-1
defect4j,mockito,org/mockito/internal/creation/settings/CreationSettings,20,48,        this.invocationListeners = copy.invocationListeners;,6,0,0,0,0,0,0,0,0,7,52,4,0.06172,0,0,-1
defect4j,mockito,org/mockito/internal/creation/bytebuddy/CachingMockBytecodeGenerator,20,50,"        private ConcurrentHashMap<MockKey, WeakReference<Class>> generatedClassCache =",2,0,0,0,0,1,0,8,0,11,78,3,0.06172,0,0,-1
defect4j,mockito,org/mockito/internal/creation/settings/CreationSettings,20,50,        this.useConstructor = copy.isUsingConstructor();,2,0,0,1,2,0,8,0,0,10,48,1,0.06172,0,0,-1
defect4j,mockito,org/mockito/internal/creation/settings/CreationSettings,20,51,        this.outerClassInstance = copy.getOuterClassInstance();,2,0,0,1,2,0,4,0,0,7,55,4,0.06172,0,0,-1
defect4j,mockito,org/mockito/internal/creation/bytebuddy/MockBytecodeGenerator,20,52,        Class<?>[] allMockedTypes = new Class<?>[interfaces.size() + 1];,2,1,0,3,6,0,4,4,0,11,64,4,0.06172,0,0,-1
defect4j,mockito,org/mockito/internal/creation/bytebuddy/MockBytecodeGenerator,20,53,        allMockedTypes[0] = mockedType;,2,0,1,1,2,0,0,0,0,5,31,4,0.06172,0,0,-1
defect4j,mockito,org/mockito/internal/creation/bytebuddy/CachingMockBytecodeGenerator,20,55,            this.generator = generator;,4,0,0,0,0,0,0,0,0,5,27,5,0.06172,0,0,-1
defect4j,mockito,org/mockito/internal/creation/settings/CreationSettings,20,55,        return typeToMock;,2,0,0,0,0,1,0,0,0,2,18,4,0.06172,0,0,-1
defect4j,mockito,org/mockito/internal/creation/bytebuddy/MockBytecodeGenerator,20,55,        int index = 1;,2,0,0,0,0,2,0,0,0,4,14,2,0.06172,0,0,-1
defect4j,mockito,org/mockito/internal/creation/bytebuddy/CachingMockBytecodeGenerator,20,56,        },2,0,0,0,1,0,4,0,0,7,1,4,0.06172,0,0,-1
defect4j,mockito,org/mockito/internal/MockitoCore,20,58,        MockCreationSettings<T> creationSettings = impl.confirm(typeToMock);,2,0,0,1,2,0,6,4,0,12,68,4,0.06172,0,0,-1
defect4j,mockito,org/mockito/internal/creation/bytebuddy/ByteBuddyMockMaker,20,59,        Class<T> typeToMock = settings.getTypeToMock();,2,0,0,1,2,0,4,4,0,10,47,4,0.06172,0,0,-1
defect4j,mockito,org/mockito/internal/creation/settings/CreationSettings,20,59,        this.typeToMock = typeToMock;,6,1,0,0,0,0,16,2,0,27,29,1,0.06172,0,0,-1
defect4j,mockito,org/mockito/internal/creation/bytebuddy/CachingMockBytecodeGenerator,20,59,"            MockKey mockKey = MockKey.of(mockedType, interfaces);",2,0,0,1,2,0,8,2,0,12,53,5,0.06172,0,0,-1
defect4j,mockito,org/mockito/internal/creation/bytebuddy/ByteBuddyMockMaker,20,60,        return typeToMock.cast(mock);,0,0,0,1,2,1,4,0,0,4,29,8,0.06172,0,0,-1
defect4j,mockito,org/mockito/internal/creation/bytebuddy/CachingMockBytecodeGenerator,20,60,            Class generatedMockClass = null;,6,3,0,0,0,0,16,4,0,29,32,3,0.06172,0,0,-1
defect4j,mockito,org/mockito/internal/creation/bytebuddy/CachingMockBytecodeGenerator,20,61,            WeakReference<Class> classWeakReference = generatedClassCache.get(mockKey);,2,0,0,1,2,0,6,4,0,12,75,5,0.06172,0,0,-1
defect4j,mockito,org/mockito/internal/creation/bytebuddy/CachingMockBytecodeGenerator,20,62,            if(classWeakReference != null) {,2,1,0,1,3,0,6,0,0,9,32,1,0.06172,0,0,-1
defect4j,mockito,org/mockito/internal/creation/bytebuddy/CachingMockBytecodeGenerator,20,65,            if(generatedMockClass == null) {,2,1,0,1,3,0,0,0,0,3,32,5,0.06172,0,0,-1
defect4j,mockito,org/mockito/internal/creation/bytebuddy/AcrossJVMSerializationFeature,20,66,    private boolean instanceLocalCurrentlySerializingFlag = false;,0,0,0,0,0,0,4,0,0,4,62,5,0.06172,0,0,-1
defect4j,mockito,org/mockito/internal/creation/bytebuddy/MockBytecodeGenerator,20,66,        String typeName = type.getName();,4,0,0,1,2,2,0,4,0,11,33,1,0.06172,0,0,-1
defect4j,mockito,org/mockito/internal/creation/bytebuddy/AcrossJVMSerializationFeature,20,67,    private final Lock mutex = new ReentrantLock();,2,0,0,1,2,2,0,4,0,8,47,2,0.06172,0,0,-1
defect4j,mockito,org/mockito/internal/creation/bytebuddy/MockBytecodeGenerator,20,67,"        if (typeName.startsWith(""java."") || (type.getPackage() != null && type.getPackage().isSealed())) {",0,0,0,6,13,0,0,0,0,19,98,4,0.06172,0,0,-1
defect4j,mockito,org/mockito/internal/creation/settings/CreationSettings,20,68,        this.extraInterfaces = extraInterfaces;,4,0,0,0,0,0,0,0,0,5,39,4,0.06172,0,0,-1
defect4j,mockito,org/mockito/internal/creation/bytebuddy/CachingMockBytecodeGenerator,20,68,"            generatedClassCache.put(mockKey, new WeakReference<Class>(generatedMockClass));",2,0,0,2,4,0,6,4,0,12,79,6,0.06172,0,0,-1
defect4j,mockito,org/mockito/internal/creation/settings/CreationSettings,20,69,        return this;,2,0,0,0,0,1,0,0,0,3,12,4,0.06172,0,0,-1
defect4j,mockito,org/mockito/internal/creation/bytebuddy/CachingMockBytecodeGenerator,20,69,            return generatedMockClass;,4,0,0,0,0,1,4,2,0,10,26,5,0.06172,0,0,-1
defect4j,mockito,org/mockito/internal/progress/ThreadSafeMockingProgress,20,73,    },4,0,0,0,1,0,0,0,0,5,1,4,0.06172,0,0,-1
defect4j,mockito,org/mockito/internal/creation/bytebuddy/CachingMockBytecodeGenerator,20,74,"                return generator.generateMockClass(mockedType, interfaces);",0,0,0,1,2,1,16,0,0,16,59,1,0.06172,0,0,-1
defect4j,mockito,org/mockito/internal/creation/settings/CreationSettings,20,77,        return spiedInstance;,2,0,0,0,0,1,0,0,0,2,21,4,0.06172,0,0,-1
defect4j,mockito,org/mockito/internal/creation/bytebuddy/CachingMockBytecodeGenerator,20,100,            private final Set<String> types = new HashSet<String>();,2,0,0,1,2,2,4,8,0,17,56,1,0.06172,0,0,-1
defect4j,mockito,org/mockito/internal/creation/settings/CreationSettings,20,102,        return invocationListeners;,8,0,0,0,0,1,0,4,0,12,27,3,0.06172,0,0,-1
defect4j,mockito,org/mockito/internal/creation/bytebuddy/CachingMockBytecodeGenerator,20,104,                for (Class anInterface : interfaces) {,4,0,0,1,3,0,0,2,0,6,38,6,0.06172,0,0,-1
defect4j,mockito,org/mockito/internal/creation/instance/ConstructorInstantiator,21,32,"        return new InstantationException(""Unable to create mock instance of '""",0,0,0,0,1,1,0,2,0,3,70,5,1.0,1,1,-1
defect4j,mockito,org/mockito/internal/creation/instance/InstantationException,21,6,"        super(message, cause);",4,0,0,1,2,0,0,0,0,4,22,4,0.33333,0,0,-1
defect4j,mockito,org/mockito/internal/exceptions/stacktrace/DefaultStackTraceCleanerProvider,21,9,public class DefaultStackTraceCleanerProvider implements StackTraceCleanerProvider {,2,0,0,0,1,1,0,2,0,5,84,1,0.0625,0,0,-1
defect4j,mockito,org/mockito/internal/util/Checks,21,14,        if(value == null) {,2,1,0,1,3,0,0,0,0,3,19,4,0.0625,0,0,-1
defect4j,mockito,org/mockito/internal/configuration/injection/MockInjectionStrategy,21,14,public abstract class MockInjectionStrategy {,2,0,0,0,1,2,0,0,0,4,45,1,0.0625,0,0,-1
defect4j,mockito,org/mockito/internal/progress/ThreadSafeMockingProgress,21,15,"public class ThreadSafeMockingProgress implements MockingProgress, Serializable {",2,0,0,0,1,1,0,4,0,7,81,1,0.0625,0,0,-1
defect4j,mockito,org/mockito/internal/configuration/MockAnnotationProcessor,21,16,public class MockAnnotationProcessor implements FieldAnnotationProcessor<Mock> {,2,0,0,0,1,1,0,4,0,7,80,1,0.0625,0,0,-1
defect4j,mockito,org/mockito/internal/configuration/injection/filter/NameBasedCandidateFilter,21,16,    private final MockUtil mockUtil = new MockUtil();,2,0,0,1,2,2,0,4,0,8,49,2,0.0625,0,0,-1
defect4j,mockito,org/mockito/internal/configuration/injection/filter/TypeBasedCandidateFilter,21,16,    public TypeBasedCandidateFilter(MockCandidateFilter next) {,4,0,0,1,3,2,0,4,0,10,59,1,0.0625,0,0,-1
defect4j,mockito,org/mockito/internal/configuration/MockitoAnnotationsMockAnnotationProcessor,21,16,public class MockitoAnnotationsMockAnnotationProcessor implements FieldAnnotationProcessor<Mock> {,4,0,0,0,1,0,0,2,0,6,98,4,0.0625,0,0,-1
defect4j,mockito,org/mockito/internal/util/Checks,21,17,        return value;,2,0,0,0,0,1,0,0,0,2,13,4,0.0625,0,0,-1
defect4j,mockito,org/mockito/internal/configuration/injection/filter/TypeBasedCandidateFilter,21,17,        this.next = next;,4,0,0,0,0,0,0,0,0,5,17,4,0.0625,0,0,-1
defect4j,mockito,org/mockito/internal/configuration/DefaultInjectionEngine,21,17,public class DefaultInjectionEngine {,2,0,0,0,1,1,0,0,0,3,37,1,0.0625,0,0,-1
defect4j,mockito,org/mockito/internal/configuration/CaptorAnnotationProcessor,21,17,public class CaptorAnnotationProcessor implements FieldAnnotationProcessor<Captor> {,2,0,0,0,1,1,0,4,0,7,84,1,0.0625,0,0,-1
defect4j,mockito,org/mockito/internal/configuration/injection/filter/TypeBasedCandidateFilter,21,18,    },4,0,0,0,1,0,0,0,0,5,1,4,0.0625,0,0,-1
defect4j,mockito,org/mockito/internal/progress/MockingProgressImpl,21,19,public class MockingProgressImpl implements MockingProgress {,2,0,0,0,1,1,0,2,0,5,61,1,0.0625,0,0,-1
defect4j,mockito,org/mockito/internal/configuration/injection/filter/NameBasedCandidateFilter,21,19,        this.next = next;,6,0,0,0,0,1,4,6,0,19,17,1,0.0625,0,0,-1
defect4j,mockito,org/mockito/internal/creation/cglib/CglibMockMaker,21,19,public final class CglibMockMaker implements MockMaker {,2,0,0,0,1,2,0,2,0,6,56,1,0.0625,0,0,-1
defect4j,mockito,org/mockito/configuration/DefaultMockitoConfiguration,21,20,public class DefaultMockitoConfiguration implements IMockitoConfiguration {,4,0,0,0,1,1,0,2,0,9,75,1,0.0625,0,0,-1
defect4j,mockito,org/mockito/internal/util/MockUtil,21,21,public class MockUtil {,2,0,0,0,1,1,0,0,0,3,23,1,0.0625,0,0,-1
defect4j,mockito,org/mockito/internal/util/Checks,21,21,"        checkNotNull(iterable, checkedIterable);",4,0,0,1,2,0,6,0,0,11,40,4,0.0625,0,0,-1
defect4j,mockito,org/mockito/internal/configuration/injection/filter/FinalMockCandidateFilter,21,22,public class FinalMockCandidateFilter implements MockCandidateFilter {,2,0,0,0,1,1,0,2,0,5,70,1,0.0625,0,0,-1
defect4j,mockito,org/mockito/internal/progress/ArgumentMatcherStorageImpl,21,22,public class ArgumentMatcherStorageImpl implements ArgumentMatcherStorage {,2,0,0,0,1,1,0,2,0,5,75,1,0.0625,0,0,-1
defect4j,mockito,org/mockito/internal/progress/ThreadSafeMockingProgress,21,22,            mockingProgress.set(new MockingProgressImpl());,6,1,0,2,4,0,6,2,0,15,47,3,0.0625,0,0,-1
defect4j,mockito,org/mockito/internal/util/Checks,21,22,        for (Object item : iterable) {,4,0,0,1,3,0,0,2,0,6,30,4,0.0625,0,0,-1
defect4j,mockito,org/mockito/internal/util/MockUtil,21,23,    private static final MockMaker mockMaker = ClassPathLoader.getMockMaker();,2,0,0,1,2,3,4,2,0,11,74,2,0.0625,0,0,-1
defect4j,mockito,org/mockito/internal/configuration/InjectingAnnotationEngine,21,23,public class InjectingAnnotationEngine implements AnnotationEngine {,2,0,0,0,1,1,0,2,0,5,68,1,0.0625,0,0,-1
defect4j,mockito,org/mockito/internal/progress/ThreadSafeMockingProgress,21,24,        return mockingProgress.get();,2,1,1,1,2,1,6,0,0,13,29,3,0.0625,0,0,-1
defect4j,mockito,org/mockito/internal/progress/MockingProgressImpl,21,26,    private Location stubbingInProgress = null;,4,0,0,0,0,1,8,2,0,15,43,1,0.0625,0,0,-1
defect4j,mockito,org/mockito/internal/progress/ArgumentMatcherStorageImpl,21,26,    private final Stack<LocalizedMatcher> matcherStack = new Stack<LocalizedMatcher>();,2,0,0,1,2,2,0,8,0,12,83,2,0.0625,0,0,-1
defect4j,mockito,org/mockito/internal/configuration/DefaultInjectionEngine,21,26,    },0,0,0,0,1,0,10,0,0,10,1,1,0.0625,0,0,-1
defect4j,mockito,org/mockito/internal/configuration/injection/SpyOnInjectedFieldsHandler,21,28,public class SpyOnInjectedFieldsHandler extends MockInjectionStrategy {,2,0,0,0,1,1,0,2,0,5,71,1,0.0625,0,0,-1
defect4j,mockito,org/mockito/internal/configuration/injection/scanner/InjectMocksScanner,21,29,    public InjectMocksScanner(Class<?> clazz) {,8,0,0,1,3,1,0,2,0,12,43,2,0.0625,0,0,-1
defect4j,mockito,org/mockito/internal/configuration/DefaultAnnotationEngine,21,30,"    private final Map<Class<? extends Annotation>, FieldAnnotationProcessor<?>> annotationProcessorMap = new HashMap<Class<? extends Annotation>, FieldAnnotationProcessor<?>>();",2,0,0,1,2,2,0,16,0,20,173,2,0.0625,0,0,-1
defect4j,mockito,org/mockito/internal/configuration/GlobalConfiguration,21,31,        if (GLOBAL_CONFIGURATION.get() == null) {,2,0,0,2,5,0,0,0,0,2,41,4,0.0625,0,0,-1
defect4j,mockito,org/mockito/internal/configuration/injection/scanner/InjectMocksScanner,21,31,    },4,1,0,0,1,0,0,4,0,9,1,3,0.0625,0,0,-1
defect4j,mockito,org/mockito/internal/configuration/GlobalConfiguration,21,32,            GLOBAL_CONFIGURATION.set(createConfig());,2,0,0,2,4,0,4,0,0,7,41,4,0.0625,0,0,-1
defect4j,mockito,org/mockito/internal/util/collections/HashCodeAndEqualsSafeSet,21,32,public class HashCodeAndEqualsSafeSet implements Set<Object> {,2,0,0,0,1,1,0,4,0,7,62,1,0.0625,0,0,-1
defect4j,mockito,org/mockito/internal/matchers/Equality,22,16,"            return isArray(o2) && areArraysEqual(o1, o2);",0,1,0,2,4,1,10,0,0,11,45,7,0.33333,0,0,-1
defect4j,mockito,org/mockito/internal/matchers/Equality,22,28,        return Array.getLength(o1) == Array.getLength(o2);,0,1,0,2,4,1,12,0,0,13,50,4,0.33333,0,0,-1
defect4j,mockito,org/mockito/internal/matchers/Equality,22,33,"            if (!areEqual(Array.get(o1, i), Array.get(o2, i))) return false;",0,0,0,4,8,1,0,0,0,13,64,4,0.33333,0,0,-1
defect4j,mockito,org/mockito/internal/matchers/Equality,22,18,            return o1.equals(o2);,4,0,0,1,2,1,4,2,0,10,21,5,0.00392,0,0,-1
defect4j,mockito,org/mockito/internal/matchers/Equality,22,13,        if (o1 == null || o2 == null) {,0,0,0,1,3,0,8,0,0,8,31,7,0.00377,1,0,-1
defect4j,mockito,org/mockito/internal/configuration/injection/MockInjectionStrategy,22,14,public abstract class MockInjectionStrategy {,2,0,0,0,1,2,0,0,0,4,45,1,0.00182,0,0,-1
defect4j,mockito,org/mockito/internal/configuration/MockAnnotationProcessor,22,16,public class MockAnnotationProcessor implements FieldAnnotationProcessor<Mock> {,2,0,0,0,1,1,0,4,0,7,80,1,0.00182,0,0,-1
defect4j,mockito,org/mockito/internal/configuration/injection/filter/NameBasedCandidateFilter,22,16,    private final MockUtil mockUtil = new MockUtil();,2,0,0,1,2,2,0,4,0,8,49,2,0.00182,0,0,-1
defect4j,mockito,org/mockito/internal/configuration/injection/filter/TypeBasedCandidateFilter,22,16,    public TypeBasedCandidateFilter(MockCandidateFilter next) {,4,0,0,1,3,1,0,2,0,7,59,2,0.00182,0,0,-1
defect4j,mockito,org/mockito/internal/configuration/MockitoAnnotationsMockAnnotationProcessor,22,16,public class MockitoAnnotationsMockAnnotationProcessor implements FieldAnnotationProcessor<Mock> {,2,0,0,0,1,1,0,4,0,7,98,1,0.00182,0,0,-1
defect4j,mockito,org/mockito/internal/configuration/DefaultInjectionEngine,22,17,public class DefaultInjectionEngine {,2,0,0,0,1,1,2,0,0,5,37,1,0.00182,0,0,-1
defect4j,mockito,org/mockito/internal/configuration/CaptorAnnotationProcessor,22,17,public class CaptorAnnotationProcessor implements FieldAnnotationProcessor<Captor> {,2,0,0,0,1,1,0,4,0,7,84,1,0.00182,0,0,-1
defect4j,mockito,org/mockito/internal/configuration/injection/filter/NameBasedCandidateFilter,22,18,    public NameBasedCandidateFilter(MockCandidateFilter next) {,12,0,0,1,3,1,4,4,0,21,59,1,0.00182,0,0,-1
defect4j,mockito,org/mockito/internal/configuration/injection/MockInjectionStrategy,22,20,        return new MockInjectionStrategy() {,6,0,0,1,3,1,4,4,0,15,36,3,0.00182,0,0,-1
defect4j,mockito,org/mockito/internal/configuration/injection/scanner/MockScanner,22,22,    private MockUtil mockUtil = new MockUtil();,2,0,0,1,2,1,0,4,0,7,43,2,0.00182,0,0,-1
defect4j,mockito,org/mockito/internal/util/Checks,22,22,        for (Object item : iterable) {,4,0,0,1,3,0,0,2,0,6,30,4,0.00182,0,0,-1
defect4j,mockito,org/mockito/internal/configuration/InjectingAnnotationEngine,22,23,public class InjectingAnnotationEngine implements AnnotationEngine {,2,0,0,0,1,1,0,2,0,5,68,1,0.00182,0,0,-1
defect4j,mockito,org/mockito/internal/configuration/InjectingAnnotationEngine,22,24,    private AnnotationEngine delegate = new DefaultAnnotationEngine();,2,0,0,1,2,1,0,4,0,7,66,2,0.00182,0,0,-1
defect4j,mockito,org/mockito/internal/util/Checks,22,25,        return iterable;,4,0,0,0,0,3,0,4,0,10,16,1,0.00182,0,0,-1
defect4j,mockito,org/mockito/internal/configuration/DefaultInjectionEngine,22,26,    },0,0,0,0,1,0,6,0,0,6,1,6,0.00182,0,0,-1
defect4j,mockito,org/mockito/internal/configuration/injection/SpyOnInjectedFieldsHandler,22,28,public class SpyOnInjectedFieldsHandler extends MockInjectionStrategy {,2,0,0,0,1,1,0,2,0,5,71,1,0.00182,0,0,-1
defect4j,mockito,org/mockito/internal/configuration/DefaultAnnotationEngine,22,30,"    private final Map<Class<? extends Annotation>, FieldAnnotationProcessor<?>> annotationProcessorMap = new HashMap<Class<? extends Annotation>, FieldAnnotationProcessor<?>>();",2,0,0,1,2,2,0,16,0,20,173,2,0.00182,0,0,-1
defect4j,mockito,org/mockito/internal/configuration/DefaultAnnotationEngine,22,32,    public DefaultAnnotationEngine() {,4,1,0,1,3,1,0,0,0,6,34,2,0.00182,0,0,-1
defect4j,mockito,org/mockito/internal/util/collections/HashCodeAndEqualsSafeSet,22,32,public class HashCodeAndEqualsSafeSet implements Set<Object> {,2,0,0,0,1,1,0,4,0,7,62,1,0.00182,0,0,-1
defect4j,mockito,org/mockito/internal/configuration/injection/scanner/MockScanner,22,32,"    public MockScanner(Object instance, Class<?> clazz) {",4,0,0,1,3,0,8,4,0,16,53,6,0.00182,0,0,-1
defect4j,mockito,org/mockito/internal/configuration/DefaultAnnotationEngine,22,33,"        registerAnnotationProcessor(Mock.class, new MockAnnotationProcessor());",0,0,0,2,4,0,2,4,0,6,71,5,0.00182,0,0,-1
defect4j,mockito,org/mockito/internal/configuration/injection/scanner/MockScanner,22,33,        this.instance = instance;,6,1,0,0,0,0,4,0,0,12,25,4,0.00182,0,0,-1
defect4j,mockito,org/mockito/internal/configuration/DefaultAnnotationEngine,22,34,"        registerAnnotationProcessor(MockitoAnnotations.Mock.class, new MockitoAnnotationsMockAnnotationProcessor());",4,0,0,2,4,0,2,2,0,8,108,5,0.00182,0,0,-1
defect4j,mockito,org/mockito/internal/util/collections/HashCodeAndEqualsSafeSet,22,34,    private HashSet<HashCodeAndEqualsMockWrapper> backingHashSet = new HashSet<HashCodeAndEqualsMockWrapper>();,2,0,0,1,2,1,4,10,0,17,107,1,0.00182,0,0,-1
defect4j,mockito,org/mockito/internal/configuration/injection/scanner/MockScanner,22,35,    },4,0,0,0,1,0,10,4,0,19,1,1,0.00182,0,0,-1
defect4j,mockito,org/mockito/internal/util/collections/HashCodeAndEqualsSafeSet,22,37,        return new Iterator<Object>() {,6,0,0,1,3,1,6,2,0,16,31,3,0.00182,0,0,-1
defect4j,mockito,org/mockito/internal/configuration/SpyAnnotationEngine,22,39,public class SpyAnnotationEngine implements AnnotationEngine {,2,0,0,0,1,1,0,2,0,5,62,1,0.00182,0,0,-1
defect4j,mockito,org/mockito/internal/configuration/injection/scanner/InjectMocksScanner,22,41,    },2,0,0,0,1,0,0,2,0,5,1,4,0.00182,0,0,-1
defect4j,mockito,org/mockito/internal/configuration/injection/ConstructorInjection,22,42,    public ConstructorInjection() { },2,0,0,2,4,1,0,0,0,3,33,2,0.00182,0,0,-1
defect4j,mockito,org/mockito/internal/configuration/SpyAnnotationEngine,22,47,        Field[] fields = context.getDeclaredFields();,2,0,0,2,4,0,0,0,0,2,45,4,0.00182,0,0,-1
defect4j,mockito,org/mockito/internal/util/reflection/GenericMetadataSupport,23,194,            return new NotGenericReturnTypeSupport(genericReturnType);,6,0,0,1,2,1,0,2,0,9,58,1,0.05556,0,0,-1
defect4j,mockito,org/mockito/internal/util/reflection/GenericMetadataSupport,23,444,        public NotGenericReturnTypeSupport(Type genericReturnType) {,4,0,0,1,3,1,0,2,0,7,60,3,0.05556,0,0,-1
defect4j,mockito,org/mockito/internal/util/reflection/GenericMetadataSupport,23,445,            returnType = (Class<?>) genericReturnType;,4,0,0,1,2,0,8,2,0,14,42,3,0.05556,0,0,-1
defect4j,mockito,org/mockito/internal/stubbing/defaultanswers/ReturnsDeepStubs,23,107,                return returnTypeGenericMetadata;,2,0,0,0,0,1,0,0,0,2,33,9,0.05263,1,1,-1
defect4j,mockito,org/mockito/internal/stubbing/defaultanswers/ReturnsDeepStubs,23,56,"        return getMock(invocation, returnTypeGenericMetadata);",6,0,0,1,2,1,0,0,0,7,54,5,0.04348,1,1,-1
defect4j,mockito,org/mockito/internal/stubbing/defaultanswers/ReturnsDeepStubs,23,62,    	InternalMockHandler<Object> handler = new MockUtil().getMockHandler(invocation.getMock());,8,0,0,3,6,0,22,8,0,39,90,1,0.04348,1,1,-1
defect4j,mockito,org/mockito/internal/stubbing/defaultanswers/ReturnsDeepStubs,23,63,    	InvocationContainerImpl container = (InvocationContainerImpl) handler.getInvocationContainer();,2,0,0,2,4,0,4,4,0,10,95,4,0.04348,1,1,-1
defect4j,mockito,org/mockito/internal/stubbing/defaultanswers/ReturnsDeepStubs,23,66,        for (StubbedInvocationMatcher stubbedInvocationMatcher : container.getStubbedInvocations()) {,2,0,0,2,5,0,4,2,0,8,93,4,0.04348,1,1,-1
defect4j,mockito,org/mockito/internal/stubbing/defaultanswers/ReturnsDeepStubs,23,94,        MockSettings mockSettings =,2,0,0,0,0,0,0,2,0,4,27,4,0.04348,0,0,-1
defect4j,mockito,org/mockito/internal/stubbing/defaultanswers/ReturnsDeepStubs,23,104,        return new ReturnsDeepStubs() {,4,0,0,1,3,2,4,16,0,25,31,1,0.04348,0,0,-1
defect4j,mockito,org/mockito/internal/stubbing/defaultanswers/ReturnsDeepStubs,23,120,        return mock;,2,0,0,0,0,1,0,0,0,2,12,4,0.04348,0,0,-1
defect4j,mockito,org/mockito/internal/stubbing/defaultanswers/ReturnsDeepStubs,23,52,        if (!mockitoCore.isTypeMockable(rawType)) {,0,0,0,2,5,0,6,0,0,7,43,4,0.04167,0,0,-1
defect4j,mockito,org/mockito/internal/util/reflection/GenericMetadataSupport,23,59,public abstract class GenericMetadataSupport implements Serializable {,4,0,0,0,1,3,4,4,0,15,70,1,0.04167,0,0,-1
defect4j,mockito,org/mockito/internal/util/reflection/GenericMetadataSupport,23,66,"    protected Map<TypeVariable, Type> contextualActualTypeParameters = new HashMap<TypeVariable, Type>();",4,0,0,1,2,1,0,14,0,19,101,1,0.04167,0,0,-1
defect4j,mockito,org/mockito/internal/util/reflection/GenericMetadataSupport,23,70,        if (!(classType instanceof ParameterizedType)) {,4,0,0,2,5,0,4,2,0,11,48,0,0.04167,0,0,-1
defect4j,mockito,org/mockito/internal/util/reflection/GenericMetadataSupport,23,71,            return;,4,0,0,0,0,1,0,6,0,10,7,4,0.04167,0,0,-1
defect4j,mockito,org/mockito/internal/util/reflection/GenericMetadataSupport,23,90,        for (TypeVariable typeParameter : typeParameters) {,4,0,0,1,3,0,0,2,0,6,51,4,0.04167,0,0,-1
defect4j,mockito,org/mockito/internal/stubbing/defaultanswers/ReturnsDeepStubs,23,127,        CreationSettings mockSettings = (CreationSettings) new MockUtil().getMockHandler(mock).getMockSettings();,22,1,0,4,8,1,18,16,0,61,105,2,0.04167,0,0,-1
defect4j,mockito,org/mockito/internal/util/reflection/GenericMetadataSupport,23,190,        Type genericReturnType = method.getGenericReturnType();,6,1,0,1,2,1,4,4,0,17,55,1,0.04167,0,0,-1
defect4j,mockito,org/mockito/internal/util/reflection/GenericMetadataSupport,23,193,        if (genericReturnType instanceof Class) {,2,0,0,1,3,0,0,2,0,4,41,5,0.04167,0,0,-1
defect4j,mockito,org/mockito/internal/util/reflection/GenericMetadataSupport,23,219,"        Checks.checkNotNull(type, ""type"");",0,0,0,1,2,0,6,0,0,7,34,5,0.04167,0,0,-1
defect4j,mockito,org/mockito/internal/util/reflection/GenericMetadataSupport,23,220,        if (type instanceof Class) {,2,0,0,1,3,0,0,2,0,4,28,5,0.04167,0,0,-1
defect4j,mockito,org/mockito/internal/util/reflection/GenericMetadataSupport,23,244,        public FromClassGenericMetadataSupport(Class<?> clazz) {,10,5,1,1,3,0,4,0,0,25,56,4,0.04167,0,0,-1
defect4j,mockito,org/mockito/internal/util/reflection/GenericMetadataSupport,23,247,        },4,1,0,0,1,2,4,10,0,21,1,1,0.04167,0,0,-1
defect4j,mockito,org/mockito/internal/util/reflection/GenericMetadataSupport,23,250,            registerTypeParametersOn(clazz.getTypeParameters());,4,3,0,2,4,0,0,2,0,9,52,5,0.04167,0,0,-1
defect4j,mockito,org/mockito/internal/util/reflection/GenericMetadataSupport,23,251,            registerTypeVariablesOn(clazz.getGenericSuperclass());,2,0,0,2,4,0,10,0,0,13,54,4,0.04167,0,0,-1
defect4j,mockito,org/mockito/internal/stubbing/InvocationContainerImpl,23,125,        return stubbed;,4,1,0,0,0,3,0,4,0,11,15,1,0.03846,0,0,-1
defect4j,mockito,org/mockito/internal/util/Primitives,23,32,        return (Class<T>) primitiveTypes.get(clazz);,2,0,0,2,4,3,6,4,0,14,44,1,0.03226,0,0,-1
defect4j,mockito,org/mockito/internal/util/reflection/Whitebox,23,12,        Class<?> c = target.getClass();,2,0,0,1,2,0,4,2,0,8,31,4,0.03125,0,0,-1
defect4j,mockito,org/mockito/internal/util/reflection/Whitebox,23,16,            return f.get(target);,2,0,0,1,2,1,2,4,0,8,21,4,0.03125,0,0,-1
defect4j,mockito,org/mockito/internal/creation/SerializableMockitoMethodProxy,23,22,    public SerializableMockitoMethodProxy(MethodProxy methodProxy) {,4,0,0,1,3,1,0,2,0,7,64,2,0.03125,0,0,-1
defect4j,mockito,org/mockito/internal/creation/SerializableMockitoMethodProxy,23,25,"        c2 = (Class<?>) Whitebox.getInternalState(info, ""c2"");",6,1,0,2,4,0,10,6,0,25,54,1,0.03125,0,0,-1
defect4j,mockito,org/mockito/internal/creation/SerializableMockitoMethodProxy,23,26,        desc = methodProxy.getSignature().getDescriptor();,2,0,0,2,4,0,6,0,0,9,50,4,0.03125,0,0,-1
defect4j,mockito,org/mockito/internal/creation/SerializableMockitoMethodProxy,23,27,        name = methodProxy.getSignature().getName();,2,0,0,2,4,0,6,0,0,9,44,4,0.03125,0,0,-1
defect4j,mockito,org/mockito/internal/creation/SerializableMockitoMethodProxy,23,28,        superName = methodProxy.getSuperName();,2,1,0,1,2,0,6,0,0,10,39,3,0.03125,0,0,-1
defect4j,mockito,org/mockito/internal/util/Primitives,23,30,            return clazz;,2,0,0,0,0,1,0,0,0,2,13,6,0.03125,0,0,-1
defect4j,mockito,org/mockito/internal/util/reflection/Whitebox,23,34,"        Field f = getField(clazz, field);",2,0,0,1,2,0,6,2,0,10,33,4,0.03125,0,0,-1
defect4j,mockito,org/mockito/internal/util/reflection/Whitebox,23,35,        while (f == null && clazz != Object.class) {,4,3,0,1,3,0,0,2,0,9,44,4,0.03125,0,0,-1
defect4j,mockito,org/mockito/internal/stubbing/answers/MethodInfo,23,37,            return Primitives.primitiveTypeOf(clazz) == Primitives.primitiveTypeOf(method.getReturnType());,0,1,0,3,6,1,14,0,0,15,95,6,0.03125,0,0,-1
defect4j,mockito,org/mockito/internal/util/reflection/Whitebox,23,45,        return f;,2,0,0,0,0,3,0,0,0,4,9,1,0.03125,0,0,-1
defect4j,mockito,org/mockito/internal/util/reflection/Whitebox,23,50,            return clazz.getDeclaredField(field);,4,0,0,1,2,1,0,0,0,5,37,4,0.03125,0,0,-1
defect4j,mockito,org/mockito/internal/creation/MethodInterceptorFilter,23,74,            return new SerializableMockitoMethodProxy(methodProxy);,2,0,0,1,2,1,0,2,0,4,55,6,0.03125,0,0,-1
defect4j,mockito,org/mockito/internal/creation/MockSettingsImpl,23,36,        this.serializableMode = mode;,2,0,0,0,0,0,0,2,0,4,29,5,0.02174,0,0,-1
defect4j,mockito,org/mockito/internal/stubbing/InvocationContainerImpl,23,84,            },2,0,0,0,1,2,0,0,0,4,1,2,0.01266,0,0,-1
defect4j,mockito,org/mockito/internal/util/Primitives,23,53,        return (T) primitiveOrWrapperDefaultValues.get(primitiveOrWrapperType);,0,1,0,2,4,1,14,10,0,25,71,3,0.00787,0,0,-1
defect4j,mockito,org/mockito/internal/invocation/SerializableMethod,23,24,    public SerializableMethod(Method method) {,8,0,0,1,3,1,4,4,0,17,42,2,0.00602,0,0,-1
defect4j,mockito,org/mockito/internal/invocation/SerializableMethod,23,26,        methodName = method.getName();,0,0,1,1,2,0,4,0,0,6,30,5,0.00602,0,0,-1
defect4j,mockito,org/mockito/internal/invocation/SerializableMethod,23,27,        parameterTypes = method.getParameterTypes();,2,0,0,1,2,0,4,0,0,7,44,4,0.00602,0,0,-1
defect4j,mockito,org/mockito/internal/invocation/SerializableMethod,23,28,        returnType = method.getReturnType();,12,0,0,1,2,1,4,6,0,24,36,2,0.00602,0,0,-1
defect4j,mockito,org/mockito/internal/invocation/SerializableMethod,23,29,        exceptionTypes = method.getExceptionTypes();,4,0,0,1,2,1,0,0,0,5,44,2,0.00602,0,0,-1
defect4j,mockito,org/mockito/internal/invocation/SerializableMethod,23,30,        isVarArgs = method.isVarArgs();,4,0,0,1,2,0,4,2,0,11,31,3,0.00602,0,0,-1
defect4j,mockito,org/mockito/internal/invocation/SerializableMethod,23,50,        return isVarArgs;,2,0,0,0,0,1,0,0,0,2,17,4,0.00602,0,0,-1
defect4j,mockito,org/mockito/internal/stubbing/answers/AnswersValidator,23,22,"            validateReturnValue((Returns) answer, methodInfo);",2,0,0,2,4,0,4,2,0,8,50,7,0.00549,0,0,-1
defect4j,mockito,org/mockito/internal/stubbing/answers/AnswersValidator,23,75,    },10,0,0,0,1,0,12,2,0,25,1,3,0.00549,0,0,-1
defect4j,mockito,org/mockito/internal/stubbing/answers/MethodInfo,23,36,        if (method.getReturnType().isPrimitive() || clazz.isPrimitive()) {,0,1,0,4,9,0,10,0,0,11,66,4,0.00546,0,0,-1
defect4j,mockito,org/mockito/internal/stubbing/answers/AnswersValidator,23,72,        if (!answer.returnsNull() && !methodInfo.isValidReturnType(answer.getReturnType())) {,0,0,0,4,9,0,4,0,0,4,85,5,0.00538,0,0,-1
defect4j,mockito,org/mockito/internal/stubbing/answers/Returns,23,34,        return value == null;,8,0,0,0,0,2,0,4,0,13,21,2,0.00532,0,0,-1
defect4j,mockito,org/mockito/internal/stubbing/answers/AnswersValidator,23,68,        if (answer.returnsNull() && methodInfo.returnsPrimitive()) {,0,1,0,3,7,0,8,0,0,9,60,4,0.00532,0,0,-1
defect4j,mockito,org/mockito/internal/handler/MockHandlerImpl,23,119,        return invocationContainerImpl;,6,0,0,0,0,1,0,0,0,7,31,3,0.00518,0,0,-1
defect4j,mockito,org/mockito/internal/stubbing/answers/Returns,23,17,    public Returns(Object value) {,4,0,0,1,3,0,4,0,0,9,30,3,0.00515,0,0,-1
defect4j,mockito,org/mockito/internal/stubbing/answers/Returns,23,18,        this.value = value;,4,0,0,0,0,0,0,0,0,5,19,4,0.00515,0,0,-1
defect4j,mockito,org/mockito/internal/stubbing/ConsecutiveStubbing,23,14,    public ConsecutiveStubbing(InvocationContainerImpl invocationContainerImpl) {,4,0,0,1,3,1,0,2,0,7,77,2,0.00495,0,0,-1
defect4j,mockito,org/mockito/internal/stubbing/ConsecutiveStubbing,23,15,        this.invocationContainerImpl = invocationContainerImpl;,4,0,0,0,0,0,0,0,0,5,55,4,0.00495,0,0,-1
defect4j,mockito,org/mockito/internal/stubbing/answers/MethodInfo,23,44,        return this.method.getReturnType() == Void.TYPE;,6,1,0,1,2,1,2,0,0,9,48,4,0.00495,0,0,-1
defect4j,mockito,org/mockito/internal/verification/DefaultRegisteredInvocations,23,48,        synchronized (invocations) {,8,0,0,1,3,0,18,2,0,29,28,1,0.00488,0,0,-1
defect4j,mockito,org/mockito/internal/stubbing/InvocationContainerImpl,23,50,"        addAnswer(answer, false);",4,1,0,1,2,0,0,2,0,7,25,7,0.00478,0,0,-1
defect4j,mockito,org/mockito/internal/verification/DefaultRegisteredInvocations,23,31,        synchronized (invocations) {,4,0,0,1,3,2,0,2,0,8,28,1,0.00465,0,0,-1
defect4j,mockito,org/mockito/internal/verification/DefaultRegisteredInvocations,23,32,            if (! invocations.isEmpty()) {,4,0,0,2,5,0,12,8,0,24,30,3,0.00465,0,0,-1
defect4j,mockito,org/mockito/internal/stubbing/InvocationContainerImpl,23,49,        registeredInvocations.removeLast();,4,0,0,1,2,0,10,0,0,14,35,3,0.00455,0,0,-1
defect4j,mockito,org/mockito/internal/MockitoCore,23,66,        if (stubbing == null) {,2,1,0,1,3,0,0,0,0,3,23,4,0.00452,0,0,-1
defect4j,mockito,org/mockito/internal/MockitoCore,24,164,        OngoingStubbingImpl ongoingStubbing = ((OngoingStubbingImpl) mockingProgress.pullOngoingStubbing());,2,0,0,3,6,0,4,4,0,10,100,4,0.04545,0,0,-1
defect4j,mockito,org/mockito/internal/MockitoCore,24,166,        return allInvocations.get(allInvocations.size()-1);,0,1,0,2,4,1,8,0,0,9,51,5,0.04545,0,0,-1
defect4j,mockito,org/mockito/internal/creation/jmock/ClassImposterizer,24,103,            enhancer.setSuperclass(mockedType);,2,0,0,1,2,0,4,0,0,8,35,4,0.01465,0,0,-1
defect4j,mockito,org/mockito/internal/invocation/ArgumentsProcessor,24,47,                matchers.add(new Equals(arg));,2,0,0,2,4,0,4,2,0,8,30,9,0.00873,0,0,-1
defect4j,mockito,org/mockito/internal/matchers/Equals,24,19,    public Equals(Object wanted) {,4,0,0,1,3,1,0,2,0,7,30,2,0.00853,0,0,-1
defect4j,mockito,org/mockito/internal/matchers/Equals,24,20,        this.wanted = wanted;,4,0,0,0,0,0,4,2,0,12,21,1,0.00853,0,0,-1
defect4j,mockito,org/mockito/ArgumentMatcher,24,60,public abstract class ArgumentMatcher<T> extends BaseMatcher<T> {,4,0,0,0,1,2,4,4,0,14,65,1,0.00786,0,0,-1
defect4j,mockito,org/mockito/internal/stubbing/defaultanswers/GloballyConfiguredAnswer,24,24,        return new GlobalConfiguration().getDefaultAnswer().answer(invocation);,4,0,0,3,6,2,0,2,0,7,71,3,0.00769,0,0,-1
defect4j,mockito,org/mockito/internal/handler/NullResultGuardian,24,35,            return result;,2,0,0,0,0,1,0,0,0,2,14,6,0.00768,0,0,-1
defect4j,mockito,org/mockito/internal/util/ObjectMethodsGuru,24,22,        return method.getReturnType() == String.class,0,1,0,1,2,1,4,2,0,7,45,6,0.00693,0,0,-1
defect4j,mockito,org/mockito/internal/stubbing/InvocationContainerImpl,24,45,        this.invocationForStubbing = invocationMatcher;,12,2,0,0,0,0,4,0,0,20,47,3,0.00685,0,0,-1
defect4j,mockito,org/mockito/internal/handler/MockHandlerImpl,24,93,             Object ret = mockSettings.getDefaultAnswer().answer(invocation);,2,0,0,2,4,0,8,2,0,12,64,6,0.00685,0,0,-1
defect4j,mockito,org/mockito/internal/creation/settings/CreationSettings,24,77,        return defaultAnswer;,2,0,0,0,0,1,0,0,0,2,21,4,0.0068,0,0,-1
defect4j,mockito,org/mockito/internal/stubbing/InvocationContainerImpl,24,85,        },2,0,1,0,1,0,4,2,0,12,1,3,0.0068,0,0,-1
defect4j,mockito,org/mockito/internal/stubbing/InvocationContainerImpl,24,87,        return null;,4,0,0,0,0,1,0,0,0,5,12,4,0.0068,0,0,-1
defect4j,mockito,org/mockito/internal/util/MockNameImpl,24,20,            this.mockName = toInstanceName(classToMock);,2,0,0,1,2,0,4,0,0,7,44,6,0.00664,0,0,-1
defect4j,mockito,org/mockito/internal/util/MockNameImpl,24,32,        String className = clazz.getSimpleName();,4,3,0,1,2,0,16,2,0,26,41,3,0.00664,0,0,-1
defect4j,mockito,org/mockito/internal/util/MockNameImpl,24,33,        if (className.length() == 0) {,2,1,0,2,5,2,10,4,0,19,30,1,0.00664,0,0,-1
defect4j,mockito,org/mockito/internal/creation/DelegatingMethod,24,25,        return method;,2,0,0,0,0,1,0,0,0,2,14,4,0.00647,0,0,-1
defect4j,mockito,org/mockito/internal/creation/DelegatingMockitoMethodProxy,24,18,        return methodProxy;,2,0,0,0,0,2,0,2,0,5,19,1,0.00643,0,0,-1
defect4j,mockito,org/mockito/internal/creation/DelegatingMockitoMethodProxy,24,13,    public DelegatingMockitoMethodProxy(MethodProxy methodProxy) {,8,1,0,1,3,1,0,2,0,12,62,2,0.00642,0,0,-1
defect4j,mockito,org/mockito/internal/stubbing/OngoingStubbingImpl,24,19,    public OngoingStubbingImpl(InvocationContainerImpl invocationContainerImpl) {,4,0,0,1,3,1,8,2,0,15,77,2,0.00642,0,0,-1
defect4j,mockito,org/mockito/internal/stubbing/OngoingStubbingImpl,24,20,        this.invocationContainerImpl = invocationContainerImpl;,4,0,0,0,0,0,0,0,0,5,55,4,0.00642,0,0,-1
defect4j,mockito,org/mockito/internal/progress/ThreadSafeMockingProgress,24,30,    },2,0,0,0,1,0,12,2,0,16,1,5,0.00642,0,0,-1
defect4j,mockito,org/mockito/internal/progress/MockingProgressImpl,24,31,        this.iOngoingStubbing = iOngoingStubbing;,6,0,0,0,0,0,0,2,0,9,41,1,0.00642,0,0,-1
defect4j,mockito,org/mockito/internal/creation/MethodInterceptorFilter,24,75,        return new DelegatingMockitoMethodProxy(methodProxy);,2,0,0,1,2,1,0,2,0,4,53,5,0.00642,0,0,-1
defect4j,mockito,org/mockito/internal/handler/MockHandlerImpl,24,82,        invocationContainerImpl.setInvocationForPotentialStubbing(invocationMatcher);,4,0,0,1,2,0,0,0,0,5,77,8,0.00642,0,0,-1
defect4j,mockito,org/mockito/internal/handler/MockHandlerImpl,24,83,        OngoingStubbingImpl<T> ongoingStubbing = new OngoingStubbingImpl<T>(invocationContainerImpl);,6,1,0,1,2,0,0,10,0,17,93,3,0.00642,0,0,-1
defect4j,mockito,org/mockito/internal/handler/NullResultGuardian,24,29,        Object result = delegate.handle(invocation);,2,0,0,1,2,0,6,2,0,10,44,4,0.00638,0,0,-1
defect4j,mockito,org/mockito/internal/handler/InvocationNotifierHandler,24,40,            return returnedValue;,2,0,0,0,0,1,0,0,0,2,21,6,0.00638,0,0,-1
defect4j,mockito,org/mockito/internal/verification/DefaultRegisteredInvocations,24,24,        synchronized (invocations) {,2,0,0,1,3,0,0,0,0,2,28,4,0.00633,0,0,-1
defect4j,mockito,org/mockito/internal/progress/ArgumentMatcherStorageImpl,24,41,            return Collections.emptyList();,4,0,0,1,2,1,4,0,0,9,31,3,0.00626,0,0,-1
defect4j,mockito,org/mockito/internal/handler/MockHandlerImpl,24,64,        mockingProgress.validateState();,4,0,0,1,2,0,0,0,0,5,32,4,0.00625,0,0,-1
defect4j,mockito,org/mockito/internal/handler/MockHandlerImpl,24,67,        if (verificationMode != null) {,2,1,0,1,3,0,0,0,0,3,31,4,0.00625,0,0,-1
defect4j,mockito,org/mockito/internal/handler/MockHandlerImpl,24,57,        VerificationMode verificationMode = mockingProgress.pullVerificationMode();,2,0,0,1,2,0,4,2,0,8,75,4,0.0062,0,0,-1
defect4j,mockito,org/mockito/internal/invocation/MatchersBinder,24,26,"        InvocationMatcher invocationWithMatchers = new InvocationMatcher(invocation, (List<Matcher>)(List) lastMatchers);",14,0,0,3,6,2,0,14,0,30,113,2,0.00614,0,0,-1
defect4j,mockito,org/mockito/internal/invocation/MatchersBinder,24,27,        return invocationWithMatchers;,2,0,0,0,0,1,0,0,0,2,30,4,0.00614,0,0,-1
defect4j,mockito,org/mockito/internal/invocation/MatchersBinder,24,38,    },4,0,0,0,1,0,4,2,0,10,1,5,0.00614,0,0,-1
defect4j,mockito,org/mockito/internal/progress/SequenceNumber,24,12,        return sequenceNumber++;,2,0,0,0,0,1,0,0,0,3,24,4,0.00613,0,0,-1
defect4j,mockito,org/mockito/internal/invocation/realmethod/CGLIBProxyRealMethod,24,17,    public CGLIBProxyRealMethod(MockitoMethodProxy methodProxy) {,4,0,0,1,3,1,0,2,0,7,61,2,0.00613,0,0,-1
defect4j,mockito,org/mockito/internal/invocation/realmethod/CGLIBProxyRealMethod,24,18,        this.methodProxy = methodProxy;,4,0,0,0,0,0,0,0,0,5,31,4,0.00613,0,0,-1
defect4j,mockito,org/mockito/internal/creation/cglib/CGLIBHacker,24,19,            MethodProxy methodProxy = mockitoMethodProxy.getMethodProxy();,4,0,0,1,2,0,0,4,0,8,62,4,0.00613,0,0,-1
defect4j,mockito,org/mockito/internal/creation/cglib/CGLIBHacker,24,20,            Field createInfoField = reflectOnCreateInfo(methodProxy);,2,0,0,1,2,0,4,2,0,8,57,6,0.00613,0,0,-1
defect4j,mockito,org/mockito/internal/invocation/realmethod/FilteredCGLIBProxyRealMethod,24,22,        this.realMethod = realMethod;,4,0,0,0,0,0,4,0,0,9,29,3,0.00613,0,0,-1
defect4j,mockito,org/mockito/internal/creation/cglib/CGLIBHacker,24,22,            Object createInfo = createInfoField.get(methodProxy);,2,0,0,1,2,0,6,2,0,10,53,6,0.00613,0,0,-1
defect4j,mockito,org/mockito/internal/invocation/MatchersBinder,24,23,        List<LocalizedMatcher> lastMatchers = argumentMatcherStorage.pullLocalizedMatchers();,2,0,0,1,2,0,8,4,0,14,85,3,0.00613,0,0,-1
defect4j,mockito,org/mockito/internal/creation/cglib/CGLIBHacker,24,23,"            Field namingPolicyField = createInfo.getClass().getDeclaredField(""namingPolicy"");",2,0,0,2,4,0,6,2,0,11,81,6,0.00613,0,0,-1
defect4j,mockito,org/mockito/internal/creation/cglib/CGLIBHacker,24,25,            if (namingPolicyField.get(createInfo) == null) {,0,1,0,2,5,0,6,0,0,7,48,6,0.00613,0,0,-1
defect4j,mockito,org/mockito/internal/progress/ArgumentMatcherStorageImpl,24,40,        if (matcherStack.isEmpty()) {,10,0,0,2,5,0,4,0,0,16,29,3,0.00613,0,0,-1
defect4j,mockito,org/mockito/internal/creation/MethodInterceptorFilter,24,54,        MockitoMethodProxy mockitoMethodProxy = createMockitoMethodProxy(methodProxy);,2,0,0,1,2,0,4,2,0,8,78,4,0.00613,0,0,-1
defect4j,mockito,org/mockito/internal/creation/MethodInterceptorFilter,24,60,"        Invocation invocation = new InvocationImpl(proxy, mockitoMethod, args, SequenceNumber.next(), realMethod);",10,0,0,2,4,0,4,4,0,18,106,4,0.00613,0,0,-1
defect4j,mockito,org/mockito/internal/creation/MethodInterceptorFilter,24,50,        } else if (acrossJVMSerializationFeature.isWriteReplace(method)) {,0,0,0,2,6,0,8,0,0,8,66,7,0.00612,0,0,-1
defect4j,mockito,org/mockito/internal/creation/AcrossJVMSerializationFeature,24,62,        return  method.getReturnType() == Object.class,0,1,0,1,2,1,4,2,0,7,46,6,0.00612,0,0,-1
defect4j,mockito,org/mockito/internal/creation/MethodInterceptorFilter,24,73,        if (mockSettings.isSerializable()),4,0,0,2,4,0,8,2,0,14,34,3,0.00611,0,0,-1
defect4j,mockito,org/mockito/internal/invocation/InvocationMatcher,24,49,        return this.invocation;,2,0,0,0,0,1,0,0,0,2,23,5,0.0061,0,0,-1
defect4j,mockito,org/mockito/internal/stubbing/InvocationContainerImpl,24,99,        return !answersForStubbing.isEmpty();,2,1,0,1,2,1,0,0,0,3,37,4,0.0061,0,0,-1
defect4j,mockito,org/mockito/internal/creation/DelegatingMethod,24,11,public class DelegatingMethod implements MockitoMethod {,2,0,0,0,1,0,4,2,0,8,56,4,0.00608,0,0,-1
defect4j,mockito,org/mockito/internal/creation/DelegatingMethod,24,15,    public DelegatingMethod(Method method) {,4,0,0,1,3,1,0,2,0,7,40,2,0.00608,0,0,-1
defect4j,mockito,org/mockito/internal/util/ObjectMethodsGuru,24,28,"        return method.getName().equals(""equals"")",4,1,0,2,4,1,16,6,0,28,40,1,0.00587,0,0,-1
defect4j,mockito,org/mockito/internal/invocation/InvocationMatcher,24,31,"    public InvocationMatcher(Invocation invocation, List<Matcher> matchers) {",6,0,0,1,3,1,0,6,0,13,73,2,0.00563,0,0,-1
defect4j,mockito,org/mockito/internal/invocation/InvocationMatcher,24,38,    },2,0,0,0,1,0,0,0,0,2,1,7,0.00563,0,0,-1
defect4j,mockito,org/mockito/internal/invocation/ArgumentsProcessor,24,43,        for (Object arg : arguments) {,10,0,0,1,3,0,0,4,0,15,30,3,0.0056,0,0,-1
defect4j,mockito,org/mockito/internal/invocation/ArgumentsProcessor,24,22,        if (!isVarArgs || new ArrayUtils().isEmpty(args) || args[args.length - 1] != null && !args[args.length - 1].getClass().isArray()) {,0,0,0,7,15,0,0,0,0,22,131,4,0.00518,0,0,-1
defect4j,mockito,org/mockito/internal/invocation/InvocationImpl,24,44,        this.method = mockitoMethod;,4,0,0,0,0,0,0,0,0,5,28,4,0.00518,0,0,-1
defect4j,mockito,org/mockito/internal/invocation/InvocationImpl,24,46,        this.realMethod = realMethod;,4,0,0,0,0,0,0,0,0,5,29,4,0.00518,0,0,-1
defect4j,mockito,org/mockito/internal/invocation/InvocationImpl,24,47,"        this.arguments = ArgumentsProcessor.expandVarArgs(mockitoMethod.isVarArgs(), args);",2,0,0,2,4,0,10,0,0,13,83,4,0.00518,0,0,-1
defect4j,mockito,org/mockito/internal/invocation/InvocationImpl,24,49,        this.sequenceNumber = sequenceNumber;,4,0,0,0,0,0,4,0,0,9,37,3,0.00518,0,0,-1
defect4j,mockito,org/mockito/internal/invocation/InvocationImpl,24,50,        this.location = new LocationImpl();,4,0,0,1,2,3,4,6,0,18,35,1,0.00518,0,0,-1
defect4j,mockito,org/mockito/internal/invocation/InvocationImpl,24,51,    },6,1,0,0,1,0,4,4,0,15,1,3,0.00518,0,0,-1
defect4j,mockito,org/mockito/internal/debugging/LocationImpl,24,23,        this.stackTraceFilter = stackTraceFilter;,4,0,0,0,0,0,0,0,0,5,41,4,0.00501,0,0,-1
defect4j,mockito,org/mockito/internal/debugging/LocationImpl,24,24,        stackTraceHolder = new Throwable();,2,0,0,1,2,0,0,2,0,5,35,4,0.00501,0,0,-1
defect4j,mockito,org/mockito/internal/exceptions/stacktrace/DefaultStackTraceCleaner,24,8,public class DefaultStackTraceCleaner implements StackTraceCleaner {,10,0,0,0,1,0,0,2,0,13,68,3,0.00444,0,0,-1
defect4j,mockito,org/mockito/internal/exceptions/stacktrace/DefaultStackTraceCleanerProvider,24,12,        return defaultCleaner;,2,0,0,0,0,1,0,0,0,2,22,4,0.00444,0,0,-1
defect4j,mockito,org/mockito/internal/exceptions/stacktrace/StackTraceFilter,24,17,public class StackTraceFilter implements Serializable {,10,0,0,0,1,2,8,6,0,27,55,1,0.00444,0,0,-1
defect4j,mockito,org/mockito/internal/configuration/ClassPathLoader,24,102,        return stackTraceCleanerProvider;,2,0,0,0,0,1,0,0,0,2,33,4,0.00444,0,0,-1
defect4j,mockito,org/mockito/internal/configuration/MockAnnotationProcessor,24,16,public class MockAnnotationProcessor implements FieldAnnotationProcessor<Mock> {,2,0,0,0,1,1,0,4,0,7,80,1,0.00419,0,0,-1
defect4j,mockito,org/mockito/internal/configuration/MockitoAnnotationsMockAnnotationProcessor,24,16,public class MockitoAnnotationsMockAnnotationProcessor implements FieldAnnotationProcessor<Mock> {,2,0,0,0,1,1,0,4,0,7,98,1,0.00419,0,0,-1
defect4j,mockito,org/mockito/internal/configuration/DefaultInjectionEngine,24,17,public class DefaultInjectionEngine {,2,0,0,0,1,1,0,0,0,3,37,1,0.00419,0,0,-1
defect4j,mockito,org/mockito/internal/configuration/CaptorAnnotationProcessor,24,17,public class CaptorAnnotationProcessor implements FieldAnnotationProcessor<Captor> {,4,2,0,0,1,0,6,2,0,15,84,3,0.00419,0,0,-1
defect4j,mockito,org/mockito/internal/configuration/InjectingAnnotationEngine,24,23,public class InjectingAnnotationEngine implements AnnotationEngine {,6,0,0,0,1,1,0,2,0,10,68,1,0.00419,0,0,-1
defect4j,mockito,org/mockito/internal/configuration/InjectingAnnotationEngine,24,24,    private AnnotationEngine delegate = new DefaultAnnotationEngine();,12,0,0,1,2,1,0,6,0,19,66,1,0.00419,0,0,-1
defect4j,mockito,org/mockito/internal/configuration/InjectingAnnotationEngine,24,25,    private AnnotationEngine spyAnnotationEngine = new SpyAnnotationEngine();,6,0,0,1,2,1,0,6,0,13,73,1,0.00419,0,0,-1
defect4j,mockito,org/mockito/internal/configuration/injection/SpyOnInjectedFieldsHandler,24,28,public class SpyOnInjectedFieldsHandler extends MockInjectionStrategy {,2,0,0,0,1,1,0,2,0,5,71,1,0.00419,0,0,-1
defect4j,mockito,org/mockito/internal/configuration/injection/scanner/InjectMocksScanner,24,29,    public InjectMocksScanner(Class<?> clazz) {,4,0,0,1,3,1,0,2,0,7,43,2,0.00419,0,0,-1
defect4j,mockito,org/mockito/internal/configuration/injection/scanner/InjectMocksScanner,24,30,        this.clazz = clazz;,4,0,0,0,0,0,4,0,0,10,19,3,0.00419,0,0,-1
defect4j,mockito,org/mockito/internal/configuration/DefaultAnnotationEngine,24,32,    public DefaultAnnotationEngine() {,2,0,0,1,3,1,0,0,0,3,34,2,0.00419,0,0,-1
defect4j,mockito,org/mockito/internal/configuration/injection/scanner/MockScanner,24,34,        this.clazz = clazz;,4,0,0,0,0,0,0,0,0,5,19,4,0.00419,0,0,-1
defect4j,mockito,org/mockito/internal/configuration/DefaultAnnotationEngine,24,34,"        registerAnnotationProcessor(MockitoAnnotations.Mock.class, new MockitoAnnotationsMockAnnotationProcessor());",4,0,0,2,4,0,2,2,0,8,108,5,0.00419,0,0,-1
defect4j,mockito,org/mockito/internal/configuration/injection/scanner/MockScanner,24,35,    },4,0,0,0,1,0,0,0,0,5,1,4,0.00419,0,0,-1
defect4j,mockito,org/mockito/internal/configuration/DefaultAnnotationEngine,24,36,    },2,0,0,0,1,0,4,2,0,8,1,4,0.00419,0,0,-1
defect4j,mockito,org/mockito/configuration/DefaultMockitoConfiguration,24,39,        return new InjectingAnnotationEngine();,2,0,0,1,2,1,0,2,0,4,39,4,0.00419,0,0,-1
defect4j,mockito,org/mockito/internal/configuration/SpyAnnotationEngine,24,47,        Field[] fields = context.getDeclaredFields();,2,0,0,2,4,0,4,2,0,8,45,4,0.00419,0,0,-1
defect4j,mockito,org/mockito/internal/configuration/injection/MockInjection,24,48,"        return new OngoingMockInjection(fields, ofInstance);",4,0,0,1,2,1,0,2,0,6,52,5,0.00419,0,0,-1
defect4j,mockito,org/mockito/internal/configuration/injection/scanner/MockScanner,24,48,    },2,0,0,0,1,0,0,0,0,2,1,4,0.00419,0,0,-1
defect4j,mockito,org/mockito/internal/configuration/SpyAnnotationEngine,24,48,        for (Field field : fields) {,4,0,0,1,3,0,0,2,0,6,28,4,0.00419,0,0,-1
defect4j,mockito,org/mockito/internal/configuration/injection/scanner/InjectMocksScanner,24,51,        for (Field field : fields) {,4,0,0,1,3,0,0,2,0,6,28,4,0.00419,0,0,-1
defect4j,mockito,org/mockito/internal/configuration/injection/scanner/MockScanner,24,56,        Set<Object> mocks = newMockSafeHashSet();,2,0,0,1,2,0,2,4,0,8,41,4,0.00419,0,0,-1
defect4j,mockito,org/mockito/internal/configuration/InjectingAnnotationEngine,24,56,"        processInjectMocks(testInstance.getClass(), testInstance);",2,0,0,2,4,0,14,2,0,18,58,3,0.00419,0,0,-1
defect4j,mockito,org/mockito/internal/configuration/injection/scanner/InjectMocksScanner,24,58,        return mockDependentFields;,2,0,0,0,0,1,0,0,0,2,27,4,0.00419,0,0,-1
defect4j,mockito,org/mockito/internal/configuration/DefaultAnnotationEngine,24,59,    },0,0,0,0,1,0,4,2,0,6,1,5,0.00419,0,0,-1
defect4j,mockito,org/mockito/internal/configuration/InjectingAnnotationEngine,24,60,        Class<?> classContext = clazz;,4,0,0,0,0,0,0,2,0,6,30,4,0.00419,0,0,-1
defect4j,mockito,org/mockito/internal/configuration/InjectingAnnotationEngine,24,61,        while (classContext != Object.class) {,2,1,0,1,3,0,0,2,0,5,38,4,0.00419,0,0,-1
defect4j,mockito,org/mockito/internal/configuration/injection/scanner/MockScanner,24,66,        return mocks;,2,0,0,0,0,1,0,0,0,2,13,4,0.00419,0,0,-1
defect4j,mockito,org/mockito/internal/configuration/InjectingAnnotationEngine,24,68,        Class<?> classContext = clazz;,4,0,0,0,0,0,0,2,0,6,30,4,0.00419,0,0,-1
defect4j,mockito,org/mockito/internal/configuration/InjectingAnnotationEngine,24,71,"            delegate.process(classContext, testInstance);",6,0,0,1,2,3,0,4,0,13,45,2,0.00419,0,0,-1
defect4j,mockito,org/mockito/internal/configuration/injection/MockInjection,24,86,            postInjectionStrategies.thenTry(new SpyOnInjectedFieldsHandler());,0,0,0,2,4,0,4,2,0,6,66,6,0.00419,0,0,-1
defect4j,mockito,org/mockito/MockitoAnnotations,24,90,        if (testClass == null) {,2,1,0,1,3,0,0,0,0,3,24,4,0.00419,0,0,-1
defect4j,mockito,org/mockito/internal/configuration/InjectingAnnotationEngine,24,90,        Class<?> clazz = testClassInstance.getClass();,2,0,0,1,2,0,4,2,0,8,46,4,0.00419,0,0,-1
defect4j,mockito,org/mockito/internal/util/reflection/GenericMetadataSupport,25,177,        Type type = this.contextualActualTypeParameters.get(typeParameter);,4,0,0,1,2,0,4,2,0,10,67,4,36.0,0,0,-1
defect4j,mockito,org/mockito/internal/util/reflection/GenericMetadataSupport,25,178,        if (type instanceof TypeVariable) {,4,0,0,1,3,1,0,2,0,7,35,2,36.0,0,0,-1
defect4j,mockito,org/mockito/internal/util/reflection/GenericMetadataSupport,25,183,        return type;,18,3,0,0,0,5,0,24,0,49,12,1,36.0,0,0,-1
defect4j,mockito,org/mockito/internal/util/reflection/GenericMetadataSupport,25,201,        if (genericReturnType instanceof ParameterizedType) {,8,0,0,1,3,0,4,6,0,18,53,9,36.0,0,0,-1
defect4j,mockito,org/mockito/internal/util/reflection/GenericMetadataSupport,25,205,"            return new TypeVariableReturnType(this, method.getTypeParameters(), (TypeVariable) genericReturnType);",6,0,0,3,6,1,8,2,0,18,102,3,36.0,0,0,-1
defect4j,mockito,org/mockito/internal/util/reflection/GenericMetadataSupport,25,342,"        public TypeVariableReturnType(GenericMetadataSupport source, TypeVariable[] typeParameters, TypeVariable typeVariable) {",2,0,0,2,5,0,8,4,0,14,120,11,36.0,0,0,-1
defect4j,mockito,org/mockito/internal/util/reflection/GenericMetadataSupport,25,343,            this.typeParameters = typeParameters;,2,0,0,0,0,0,2,4,0,8,37,5,36.0,0,0,-1
defect4j,mockito,org/mockito/internal/util/reflection/GenericMetadataSupport,25,347,            readTypeParameters();,2,0,0,1,2,1,0,4,0,7,21,2,36.0,0,0,-1
defect4j,mockito,org/mockito/internal/util/reflection/GenericMetadataSupport,25,353,        },2,0,0,0,1,0,8,2,0,12,1,6,36.0,0,0,-1
defect4j,mockito,org/mockito/internal/util/reflection/GenericMetadataSupport,25,356,            for (Type type : typeVariable.getBounds()) {,4,0,0,2,5,0,4,4,0,12,44,1,36.0,0,0,-1
defect4j,mockito,org/mockito/internal/util/reflection/GenericMetadataSupport,25,357,                registerTypeVariablesOn(type);,2,0,0,1,2,1,10,0,0,13,30,1,36.0,0,0,-1
defect4j,mockito,org/mockito/internal/util/reflection/GenericMetadataSupport,25,359,            registerTypeVariablesOn(getActualTypeArgumentFor(typeVariable));,12,0,0,2,4,1,0,2,0,17,64,2,36.0,0,0,-1
defect4j,mockito,org/mockito/internal/util/reflection/GenericMetadataSupport,25,364,            if (rawType == null) {,6,1,0,1,3,0,4,2,0,13,22,1,36.0,0,0,-1
defect4j,mockito,org/mockito/internal/util/reflection/GenericMetadataSupport,25,367,            return rawType;,8,0,0,0,0,1,0,0,0,8,15,11,36.0,0,0,-1
defect4j,mockito,org/mockito/internal/util/reflection/GenericMetadataSupport,25,371,            if (type instanceof Class) {,2,0,0,1,3,0,8,2,0,12,28,1,36.0,0,0,-1
defect4j,mockito,org/mockito/internal/util/reflection/GenericMetadataSupport,25,374,            if (type instanceof ParameterizedType) {,2,0,0,1,3,0,0,2,0,4,40,6,36.0,0,0,-1
defect4j,mockito,org/mockito/internal/util/reflection/GenericMetadataSupport,25,78,        ParameterizedType parameterizedType = (ParameterizedType) classType;,10,0,0,1,2,3,0,10,0,24,68,1,18.0,0,0,-1
defect4j,mockito,org/mockito/internal/util/reflection/GenericMetadataSupport,25,79,        TypeVariable[] typeParameters = ((Class<?>) parameterizedType.getRawType()).getTypeParameters();,2,0,0,5,10,0,6,4,0,12,96,4,18.0,0,0,-1
defect4j,mockito,org/mockito/internal/util/reflection/GenericMetadataSupport,25,81,        for (int i = 0; i < actualTypeArguments.length; i++) {,14,2,0,1,3,0,0,0,0,17,54,3,18.0,0,0,-1
defect4j,mockito,org/mockito/internal/util/reflection/GenericMetadataSupport,25,85,            if (actualTypeArgument instanceof WildcardType) {,10,1,0,1,3,2,0,12,0,26,49,1,18.0,0,0,-1
defect4j,mockito,org/mockito/internal/util/reflection/GenericMetadataSupport,25,88,"                contextualActualTypeParameters.put(typeParameter, actualTypeArgument);",2,0,0,1,2,0,12,0,0,14,70,3,18.0,0,0,-1
defect4j,mockito,org/mockito/internal/util/reflection/GenericMetadataSupport,25,96,"            contextualActualTypeParameters.put(typeParameter, boundsOf(typeParameter));",0,1,0,2,4,0,10,0,0,11,75,4,18.0,0,0,-1
defect4j,mockito,org/mockito/internal/util/reflection/GenericMetadataSupport,25,107,        if (typeParameter.getBounds()[0] instanceof TypeVariable) {,0,0,0,3,7,0,4,2,0,6,59,5,18.0,0,0,-1
defect4j,mockito,org/mockito/internal/util/reflection/GenericMetadataSupport,25,110,        return new TypeVarBoundedType(typeParameter);,2,0,0,1,2,1,0,2,0,4,45,5,18.0,0,0,-1
defect4j,mockito,org/mockito/internal/util/reflection/GenericMetadataSupport,25,499,        public TypeVarBoundedType(TypeVariable typeVariable) {,0,0,0,1,3,0,4,0,0,4,54,8,18.0,0,0,-1
defect4j,mockito,org/mockito/internal/util/reflection/GenericMetadataSupport,25,202,"            return new ParameterizedReturnType(this, method.getTypeParameters(), (ParameterizedType) method.getGenericReturnType());",0,0,0,4,8,1,8,4,0,12,120,7,8.0,0,0,-1
defect4j,mockito,org/mockito/internal/util/reflection/GenericMetadataSupport,25,307,"        public ParameterizedReturnType(GenericMetadataSupport source, TypeVariable[] typeParameters, ParameterizedType parameterizedType) {",8,0,0,2,5,1,0,6,0,15,131,3,8.0,0,0,-1
defect4j,mockito,org/mockito/internal/util/reflection/GenericMetadataSupport,25,308,            this.parameterizedType = parameterizedType;,4,0,0,0,0,0,0,0,0,5,43,5,8.0,0,0,-1
defect4j,mockito,org/mockito/internal/util/reflection/GenericMetadataSupport,25,321,            registerTypeVariablesOn(parameterizedType);,2,0,0,1,2,0,0,2,0,4,43,5,8.0,0,0,-1
defect4j,mockito,org/mockito/internal/util/reflection/GenericMetadataSupport,25,258,                registerTypeVariablesOn(genericInterface);,2,0,0,1,2,2,4,4,0,12,42,1,4.0,0,0,-1
defect4j,mockito,org/mockito/internal/creation/jmock/ClassImposterizer,25,82,            mockedType = ClassWithSuperclassToWorkAroundCglibBug.class;,2,0,0,0,0,0,0,2,0,5,59,6,2.66667,0,0,-1
defect4j,mockito,org/mockito/internal/stubbing/defaultanswers/ReturnsDeepStubs,25,57,    	InternalMockHandler<Object> handler = new MockUtil().getMockHandler(invocation.getMock());,4,0,0,3,6,0,6,8,0,18,90,3,2.11765,1,1,-1
defect4j,mockito,org/mockito/internal/stubbing/defaultanswers/ReturnsDeepStubs,25,58,    	InvocationContainerImpl container = (InvocationContainerImpl) handler.getInvocationContainer();,6,0,0,2,4,1,6,4,0,17,95,2,2.11765,0,0,-1
defect4j,mockito,org/mockito/internal/stubbing/defaultanswers/ReturnsDeepStubs,25,68,"        return recordDeepStubMock(invocation, container);",4,0,0,1,2,1,0,0,0,5,49,4,2.11765,1,0,-1
defect4j,mockito,org/mockito/internal/stubbing/defaultanswers/ReturnsDeepStubs,25,82,        Class<?> clz = invocation.getMethod().getReturnType();,10,0,0,2,4,0,8,6,0,24,54,3,2.11765,1,0,-1
defect4j,mockito,org/mockito/internal/stubbing/defaultanswers/ReturnsDeepStubs,25,83,"        final Object mock = org.mockito.Mockito.mock(clz, this);",8,0,0,1,2,1,4,2,0,15,56,4,2.11765,1,0,-1
defect4j,mockito,org/mockito/internal/stubbing/defaultanswers/ReturnsDeepStubs,25,85,        container.addAnswer(new Answer<Object>() {,0,0,0,1,4,0,4,4,0,8,42,5,2.11765,1,1,-1
defect4j,mockito,org/mockito/internal/stubbing/defaultanswers/ReturnsDeepStubs,25,91,        return mock;,2,0,0,0,0,1,0,0,0,2,12,4,2.11765,1,1,-1
defect4j,mockito,org/mockito/internal/stubbing/defaultanswers/ReturnsDeepStubs,25,45,        GenericMetadataSupport returnTypeGenericMetadata =,2,0,0,0,0,0,0,2,0,4,50,4,2.0,0,0,-1
defect4j,mockito,org/mockito/internal/stubbing/defaultanswers/ReturnsDeepStubs,25,48,        Class<?> rawType = returnTypeGenericMetadata.rawType();,2,0,0,1,2,0,4,2,0,8,55,4,2.0,0,0,-1
defect4j,mockito,org/mockito/internal/stubbing/defaultanswers/ReturnsDeepStubs,25,49,        if (!new MockCreationValidator().isTypeMockable(rawType)) {,0,0,0,3,7,0,6,2,0,9,59,3,2.0,0,0,-1
defect4j,mockito,org/mockito/internal/util/reflection/GenericMetadataSupport,25,71,"    protected Map<TypeVariable, Type> contextualActualTypeParameters = new HashMap<TypeVariable, Type>();",2,0,0,1,2,1,4,12,0,19,101,1,2.0,0,0,-1
defect4j,mockito,org/mockito/internal/util/reflection/GenericMetadataSupport,25,75,        if (!(classType instanceof ParameterizedType)) {,6,0,0,2,5,0,0,2,0,10,48,3,2.0,0,0,-1
defect4j,mockito,org/mockito/internal/util/reflection/GenericMetadataSupport,25,76,            return;,6,0,0,0,0,1,10,2,0,18,7,1,2.0,0,0,-1
defect4j,mockito,org/mockito/internal/util/reflection/GenericMetadataSupport,25,95,        for (TypeVariable typeParameter : typeParameters) {,4,0,0,1,3,0,0,2,0,6,51,4,2.0,0,0,-1
defect4j,mockito,org/mockito/internal/stubbing/defaultanswers/ReturnsDeepStubs,25,95,        CreationSettings mockSettings = (CreationSettings) new MockUtil().getMockHandler(mock).getMockSettings();,2,0,0,4,8,0,6,6,0,14,105,4,2.0,1,1,-1
defect4j,mockito,org/mockito/internal/util/reflection/GenericMetadataSupport,25,195,        Type genericReturnType = method.getGenericReturnType();,2,0,0,1,2,0,10,2,0,14,55,3,2.0,0,0,-1
defect4j,mockito,org/mockito/internal/util/reflection/GenericMetadataSupport,25,198,        if (genericReturnType instanceof Class) {,2,0,0,1,3,0,0,2,0,4,41,5,2.0,0,0,-1
defect4j,mockito,org/mockito/internal/util/reflection/GenericMetadataSupport,25,225,        if (type instanceof Class) {,2,0,0,1,3,0,0,0,0,3,28,4,2.0,0,0,-1
defect4j,mockito,org/mockito/internal/util/reflection/GenericMetadataSupport,25,226,            return new FromClassGenericMetadataSupport((Class<?>) type);,2,0,0,2,4,1,0,0,0,2,60,4,2.0,0,0,-1
defect4j,mockito,org/mockito/internal/util/reflection/GenericMetadataSupport,25,249,        public FromClassGenericMetadataSupport(Class<?> clazz) {,4,0,0,1,3,1,0,2,0,7,56,3,2.0,0,0,-1
defect4j,mockito,org/mockito/internal/util/reflection/GenericMetadataSupport,25,255,            registerTypeParametersOn(clazz.getTypeParameters());,0,0,0,2,4,0,6,0,0,6,52,6,2.0,0,0,-1
defect4j,mockito,org/mockito/internal/util/reflection/GenericMetadataSupport,25,257,            for (Type genericInterface : clazz.getGenericInterfaces()) {,2,0,0,2,5,0,4,2,0,8,60,5,2.0,0,0,-1
defect4j,mockito,org/mockito/internal/util/reflection/GenericMetadataSupport,25,260,        },2,0,0,0,1,1,0,2,0,5,1,1,2.0,0,0,-1
defect4j,mockito,org/mockito/internal/util/reflection/GenericMetadataSupport,25,559,    public static class WildCardBoundedType implements BoundedType {,2,0,0,0,1,2,0,2,0,6,64,2,2.0,0,0,-1
defect4j,mockito,org/mockito/internal/stubbing/InvocationContainerImpl,25,125,        return stubbed;,2,0,0,0,0,1,0,0,0,2,15,4,1.8,0,0,-1
defect4j,mockito,org/mockito/internal/util/reflection/GenericMetadataSupport,25,375,                return (Class<?>) ((ParameterizedType) type).getRawType();,2,3,0,4,8,1,12,0,0,18,58,4,1.0,0,0,-1
defect4j,mockito,org/mockito/Mockito,25,1216,"        return mock(classToMock, withSettings().defaultAnswer(defaultAnswer));",0,0,0,3,6,1,14,2,0,16,70,3,0.9,0,0,-1
defect4j,mockito,org/mockito/internal/util/reflection/GenericMetadataSupport,25,108,            return boundsOf((TypeVariable) typeParameter.getBounds()[0]);,0,0,0,4,8,1,6,2,0,8,61,7,0.8,0,0,-1
defect4j,mockito,org/mockito/internal/stubbing/defaultanswers/ReturnsDeepStubs,25,87,                return mock;,2,0,0,0,0,1,0,0,0,2,12,10,0.22222,1,1,-1
defect4j,mockito,org/mockito/internal/util/reflection/GenericMetadataSupport,25,126,        if (wildCardBoundedType.firstBound() instanceof TypeVariable) {,0,0,0,2,5,0,4,2,0,6,63,5,0.2,0,0,-1
defect4j,mockito,org/mockito/internal/util/reflection/GenericMetadataSupport,25,130,        return wildCardBoundedType;,2,1,0,0,0,2,10,2,0,16,27,1,0.2,0,0,-1
defect4j,mockito,org/mockito/internal/util/reflection/GenericMetadataSupport,25,563,        public WildCardBoundedType(WildcardType wildcard) {,6,0,0,1,3,2,0,2,0,10,51,1,0.2,0,0,-1
defect4j,mockito,org/mockito/internal/util/reflection/GenericMetadataSupport,25,564,            this.wildcard = wildcard;,0,0,0,0,0,0,4,2,0,7,25,5,0.2,0,0,-1
defect4j,mockito,org/mockito/internal/util/reflection/GenericMetadataSupport,25,571,            Type[] lowerBounds = wildcard.getLowerBounds();,4,0,0,2,4,0,0,0,0,5,47,4,0.2,0,0,-1
defect4j,mockito,org/mockito/internal/util/reflection/GenericMetadataSupport,25,572,            Type[] upperBounds = wildcard.getUpperBounds();,2,0,0,2,4,0,4,2,0,8,47,5,0.2,0,0,-1
defect4j,mockito,org/mockito/internal/util/reflection/GenericMetadataSupport,25,574,            return lowerBounds.length != 0 ? lowerBounds[0] : upperBounds[0];,4,1,1,2,4,1,0,0,0,9,65,6,0.2,0,0,-1
defect4j,mockito,org/mockito/internal/handler/NullResultGuardian,25,54,        return delegate.getInvocationContainer();,10,0,1,1,2,1,8,16,0,37,41,1,0.19355,0,0,-1
defect4j,mockito,org/mockito/internal/handler/MockHandlerImpl,25,119,        return invocationContainerImpl;,2,0,0,0,0,1,0,0,0,2,31,4,0.19355,0,0,-1
defect4j,mockito,org/mockito/internal/stubbing/StubbedInvocationMatcher,25,20,    private final Queue<Answer> answers = new ConcurrentLinkedQueue<Answer>();,2,0,0,1,2,2,0,8,0,12,74,2,0.139,0,0,-1
defect4j,mockito,org/mockito/internal/stubbing/InvocationContainerImpl,25,63,        synchronized (stubbed) {,2,0,0,1,3,0,0,0,0,2,24,4,0.139,0,0,-1
defect4j,mockito,org/mockito/internal/stubbing/InvocationContainerImpl,25,64,            if (isConsecutive) {,10,0,0,1,3,0,0,2,0,13,20,0,0.139,0,0,-1
defect4j,mockito,org/mockito/internal/stubbing/InvocationContainerImpl,25,67,"                stubbed.addFirst(new StubbedInvocationMatcher(invocationForStubbing, answer));",4,0,0,2,4,0,4,2,0,10,78,9,0.139,0,0,-1
defect4j,mockito,org/mockito/internal/stubbing/InvocationContainerImpl,25,69,        },0,0,0,0,1,0,12,0,0,12,1,5,0.139,0,0,-1
defect4j,mockito,org/mockito/internal/stubbing/answers/AnswersValidator,25,33,        if (answer instanceof ReturnsArgumentAt) {,2,0,0,1,3,0,0,2,0,4,42,5,0.13433,0,0,-1
defect4j,mockito,org/mockito/internal/stubbing/answers/AnswersValidator,25,29,        if (answer instanceof CallsRealMethods) {,2,0,0,1,3,0,0,2,0,4,41,5,0.13333,0,0,-1
defect4j,mockito,org/mockito/internal/progress/ThreadSafeMockingProgress,25,54,    },2,0,0,0,1,1,0,0,0,4,1,2,0.13333,0,0,-1
defect4j,mockito,org/mockito/internal/stubbing/answers/AnswersValidator,25,25,        if (answer instanceof DoesNothing) {,2,0,0,1,3,0,0,2,0,4,36,5,0.13235,0,0,-1
defect4j,mockito,org/mockito/internal/stubbing/InvocationContainerImpl,25,58,        Invocation invocation = invocationForStubbing.getInvocation();,2,0,0,1,2,0,4,2,0,8,62,4,0.12996,0,0,-1
defect4j,mockito,org/mockito/internal/stubbing/InvocationContainerImpl,25,60,        AnswersValidator answersValidator = new AnswersValidator();,4,0,0,1,2,1,0,2,0,7,59,2,0.12996,0,0,-1
defect4j,mockito,org/mockito/internal/progress/MockingProgressImpl,25,94,        stubbingInProgress = null;,2,0,0,0,0,0,0,0,0,3,26,4,0.12996,0,0,-1
defect4j,mockito,org/mockito/internal/stubbing/answers/AnswersValidator,25,21,        if (answer instanceof Returns) {,2,0,0,1,3,0,0,2,0,4,32,5,0.12857,0,0,-1
defect4j,mockito,org/mockito/internal/stubbing/answers/AnswersValidator,25,11,public class AnswersValidator {,2,0,0,0,1,1,0,0,0,3,31,1,0.12245,0,0,-1
defect4j,mockito,org/mockito/internal/stubbing/answers/AnswersValidator,25,13,    private Reporter reporter = new Reporter();,2,0,0,1,2,1,0,0,0,4,43,2,0.12245,0,0,-1
defect4j,mockito,org/mockito/internal/util/MockUtil,25,50,            return (InternalMockHandler) mockMaker.getHandler(mock);,0,0,0,2,4,1,10,6,0,16,56,1,0.0786,0,0,-1
defect4j,mockito,org/mockito/internal/util/MockUtil,25,45,        if (mock == null) {,2,0,0,1,3,1,0,8,0,11,19,2,0.07709,0,0,-1
defect4j,mockito,org/mockito/internal/invocation/InvocationMatcher,25,52,        return this.matchers;,2,0,0,0,0,1,0,0,0,2,21,5,0.06569,0,0,-1
defect4j,mockito,org/mockito/internal/handler/MockHandlerImpl,25,93,             Object ret = mockSettings.getDefaultAnswer().answer(invocation);,2,0,0,2,4,0,8,2,0,12,64,6,0.06283,0,0,-1
defect4j,mockito,org/mockito/internal/creation/CglibMockMaker,25,48,        return ((MethodInterceptorFilter) callback).getHandler();,2,0,0,3,6,1,2,2,0,6,57,5,0.06239,0,0,-1
defect4j,mockito,org/mockito/internal/stubbing/InvocationContainerImpl,25,87,        return null;,2,0,0,0,0,1,4,4,0,10,12,4,0.06239,0,0,-1
defect4j,mockito,org/mockito/internal/creation/CglibMockMaker,25,43,        Factory factory = (Factory) mock;,4,0,0,1,2,0,0,4,0,8,33,4,0.06228,0,0,-1
defect4j,mockito,org/mockito/internal/creation/CglibMockMaker,25,45,        if (!(callback instanceof MethodInterceptorFilter)) {,2,0,0,2,5,1,6,2,0,11,53,1,0.06228,0,0,-1
defect4j,mockito,org/mockito/internal/util/MockNameImpl,25,20,            this.mockName = toInstanceName(classToMock);,2,0,0,1,2,0,4,0,0,7,44,6,0.06133,0,0,-1
defect4j,mockito,org/mockito/internal/util/MockNameImpl,25,32,        String className = clazz.getSimpleName();,4,0,0,1,2,2,4,2,0,12,41,1,0.06133,0,0,-1
defect4j,mockito,org/mockito/internal/util/MockNameImpl,25,33,        if (className.length() == 0) {,6,1,0,2,5,1,10,4,0,22,30,1,0.06133,0,0,-1
defect4j,mockito,org/mockito/internal/util/MockNameImpl,25,38,"        return className.substring(0, 1).toLowerCase() + className.substring(1);",0,1,0,3,6,1,10,0,0,11,72,4,0.06133,0,0,-1
defect4j,mockito,org/mockito/internal/invocation/InvocationImpl,25,54,        return mock;,2,0,0,0,0,1,0,0,0,2,12,4,0.06091,0,0,-1
defect4j,mockito,org/mockito/internal/creation/jmock/ClassImposterizer,25,98,            enhancer.setSuperclass(mockedType);,4,0,0,1,2,0,0,0,0,5,35,4,0.05993,0,0,-1
defect4j,mockito,org/mockito/internal/handler/MockHandlerImpl,25,87,        StubbedInvocationMatcher stubbedInvocation = invocationContainerImpl.findAnswerFor(invocation);,6,0,0,1,2,0,6,2,0,15,95,3,0.05902,0,0,-1
defect4j,mockito,org/mockito/internal/handler/MockHandlerImpl,25,89,        if (stubbedInvocation != null) {,2,1,0,1,3,0,0,0,0,3,32,4,0.05902,0,0,-1
defect4j,mockito,org/mockito/internal/creation/DelegatingMethod,25,25,        return method;,2,0,0,0,0,1,0,0,0,2,14,4,0.05892,0,0,-1
defect4j,mockito,org/mockito/internal/stubbing/BaseStubbing,25,14,"public abstract class BaseStubbing<T> implements OngoingStubbing<T>, DeprecatedOngoingStubbing<T> {",4,0,0,0,1,2,0,8,0,14,99,1,0.05863,0,0,-1
defect4j,mockito,org/mockito/internal/stubbing/OngoingStubbingImpl,25,19,    public OngoingStubbingImpl(InvocationContainerImpl invocationContainerImpl) {,4,0,0,1,3,1,0,2,0,7,77,2,0.05863,0,0,-1
defect4j,mockito,org/mockito/internal/stubbing/OngoingStubbingImpl,25,20,        this.invocationContainerImpl = invocationContainerImpl;,4,0,0,0,0,0,0,0,0,5,55,4,0.05863,0,0,-1
defect4j,mockito,org/mockito/internal/progress/MockingProgressImpl,25,31,        this.iOngoingStubbing = iOngoingStubbing;,2,1,0,0,0,0,8,0,0,11,41,4,0.05863,0,0,-1
defect4j,mockito,org/mockito/internal/handler/MockHandlerImpl,25,83,        OngoingStubbingImpl<T> ongoingStubbing = new OngoingStubbingImpl<T>(invocationContainerImpl);,4,0,0,1,2,0,0,8,0,12,93,4,0.05863,0,0,-1
defect4j,mockito,org/mockito/internal/creation/DelegatingMethod,25,41,        return method.isVarArgs();,10,1,0,1,2,1,0,4,0,17,26,4,0.05854,0,0,-1
defect4j,mockito,org/mockito/internal/creation/DelegatingMockitoMethodProxy,25,15,    },4,0,0,0,1,0,0,0,0,5,1,4,0.05844,0,0,-1
defect4j,mockito,org/mockito/internal/creation/MethodInterceptorFilter,25,72,            return new DelegatingMethod(method); ,2,0,0,1,2,1,0,2,0,4,36,7,0.05844,0,0,-1
defect4j,mockito,org/mockito/internal/handler/NullResultGuardian,25,31,        if(result == null && returnType.isPrimitive()) {,2,2,0,2,5,0,4,0,0,8,48,4,0.05825,0,0,-1
defect4j,mockito,org/mockito/internal/handler/InvocationNotifierHandler,25,38,            Object returnedValue = mockHandler.handle(invocation);,2,0,0,1,2,0,6,2,0,10,54,6,0.05825,0,0,-1
defect4j,mockito,org/mockito/internal/handler/InvocationNotifierHandler,25,39,"            notifyMethodCall(invocation, returnedValue);",0,0,0,1,2,0,12,4,0,17,44,3,0.05825,0,0,-1
defect4j,mockito,org/mockito/internal/handler/InvocationNotifierHandler,25,49,		for (InvocationListener listener : invocationListeners) {,4,0,0,1,3,0,0,2,0,6,57,4,0.05825,0,0,-1
defect4j,mockito,org/mockito/internal/stubbing/InvocationContainerImpl,25,77,        synchronized (stubbed) {,2,0,0,1,3,0,0,0,0,2,24,4,0.05816,0,0,-1
defect4j,mockito,org/mockito/internal/stubbing/InvocationContainerImpl,25,78,            for (StubbedInvocationMatcher s : stubbed) {,4,0,0,1,3,0,0,2,0,6,44,6,0.05816,0,0,-1
defect4j,mockito,org/mockito/internal/progress/MockingProgressImpl,25,55,            return null;,2,2,0,0,0,1,14,0,0,18,12,3,0.05806,0,0,-1
defect4j,mockito,org/mockito/internal/verification/DefaultRegisteredInvocations,25,25,            invocations.add(invocation);,0,0,0,1,2,0,10,0,0,10,28,8,0.05769,0,0,-1
defect4j,mockito,org/mockito/internal/verification/DefaultRegisteredInvocations,25,27,    },2,0,0,0,1,0,0,8,0,10,1,4,0.05769,0,0,-1
defect4j,mockito,org/mockito/internal/stubbing/InvocationContainerImpl,25,42,    },4,0,0,0,1,0,0,0,0,5,1,4,0.05742,0,0,-1
defect4j,mockito,org/mockito/internal/handler/MockHandlerImpl,25,64,        mockingProgress.validateState();,2,1,0,1,2,0,0,0,0,3,32,4,0.05705,0,0,-1
defect4j,mockito,org/mockito/internal/handler/MockHandlerImpl,25,67,        if (verificationMode != null) {,2,1,0,1,3,0,0,0,0,3,31,4,0.05705,0,0,-1
defect4j,mockito,org/mockito/internal/handler/MockHandlerImpl,25,59,        InvocationMatcher invocationMatcher = matchersBinder.bindMatchers(,2,0,0,0,1,0,4,2,0,8,66,4,0.05687,0,0,-1
defect4j,mockito,org/mockito/internal/handler/MockHandlerImpl,25,57,        VerificationMode verificationMode = mockingProgress.pullVerificationMode();,0,0,0,1,2,0,4,0,0,5,75,9,0.0566,0,0,-1
defect4j,mockito,org/mockito/internal/progress/MockingProgressImpl,25,54,        if (verificationMode == null) {,2,1,0,1,3,0,0,0,0,3,31,4,0.05634,0,0,-1
defect4j,mockito,org/mockito/internal/invocation/MatchersBinder,25,24,"        validateMatchers(invocation, lastMatchers);",4,0,0,1,2,0,6,0,0,11,43,4,0.05607,0,0,-1
defect4j,mockito,org/mockito/internal/invocation/MatchersBinder,25,26,"        InvocationMatcher invocationWithMatchers = new InvocationMatcher(invocation, (List<Matcher>)(List) lastMatchers);",6,0,0,3,6,0,0,10,0,16,113,4,0.05607,0,0,-1
defect4j,mockito,org/mockito/internal/invocation/MatchersBinder,25,27,        return invocationWithMatchers;,2,0,0,0,0,1,0,0,0,2,30,4,0.05607,0,0,-1
defect4j,mockito,org/mockito/internal/progress/SequenceNumber,25,9,    private static int sequenceNumber = 1;,6,0,0,0,0,2,2,2,0,12,38,1,0.0559,0,0,-1
defect4j,mockito,org/mockito/internal/progress/SequenceNumber,25,12,        return sequenceNumber++;,2,0,0,0,0,1,10,0,0,13,24,3,0.0559,0,0,-1
defect4j,mockito,org/mockito/internal/invocation/realmethod/CGLIBProxyRealMethod,25,18,        this.methodProxy = methodProxy;,4,0,0,0,0,2,0,4,0,10,31,1,0.0559,0,0,-1
defect4j,mockito,org/mockito/internal/invocation/realmethod/FilteredCGLIBProxyRealMethod,25,18,        this(new CGLIBProxyRealMethod(methodProxy));,2,0,0,2,4,0,4,2,0,8,44,3,0.0559,0,0,-1
defect4j,mockito,org/mockito/internal/creation/cglib/CGLIBHacker,25,19,            MethodProxy methodProxy = mockitoMethodProxy.getMethodProxy();,2,0,0,1,2,0,4,2,0,8,62,6,0.0559,0,0,-1
defect4j,mockito,org/mockito/internal/invocation/realmethod/FilteredCGLIBProxyRealMethod,25,19,    },4,0,0,0,1,1,0,2,0,7,1,2,0.0559,0,0,-1
defect4j,mockito,org/mockito/internal/creation/cglib/CGLIBHacker,25,20,            Field createInfoField = reflectOnCreateInfo(methodProxy);,2,0,0,1,2,0,4,2,0,8,57,6,0.0559,0,0,-1
defect4j,mockito,org/mockito/internal/stubbing/defaultanswers/ReturnsMoreEmptyValues,26,59,            return ret;,2,0,0,0,0,1,0,0,0,2,11,6,0.66667,0,0,-1
defect4j,mockito,org/mockito/internal/stubbing/defaultanswers/ReturnsMoreEmptyValues,26,57,        Object ret = delegate.answer(invocation);,8,0,0,1,2,0,12,6,0,26,41,3,0.18182,0,0,-1
defect4j,mockito,org/mockito/internal/stubbing/defaultanswers/ReturnsMoreEmptyValues,26,58,        if (ret != null) {,2,1,0,1,3,0,0,0,0,3,18,4,0.18182,0,0,-1
defect4j,mockito,org/mockito/internal/stubbing/defaultanswers/ReturnsMocks,26,24,            return ret;,2,0,0,0,0,1,0,0,0,2,11,6,0.14286,0,0,-1
defect4j,mockito,org/mockito/internal/stubbing/defaultanswers/ReturnsSmartNulls,26,45,            return defaultReturnValue;,2,0,0,0,0,1,0,0,0,2,26,6,0.14286,0,0,-1
defect4j,mockito,org/mockito/internal/configuration/injection/ConstructorInjection,26,87,            },2,0,0,0,1,0,0,0,0,3,1,4,0.11111,0,0,-1
defect4j,mockito,org/mockito/internal/configuration/injection/ConstructorInjection,26,77,            List<Object> argumentInstances = new ArrayList<Object>(argTypes.length);,6,0,0,1,2,0,0,8,0,14,72,5,0.1,0,0,-1
defect4j,mockito,org/mockito/internal/configuration/injection/ConstructorInjection,26,81,            return argumentInstances.toArray();,4,1,0,1,2,1,8,0,0,13,35,1,0.1,0,0,-1
defect4j,mockito,org/mockito/internal/configuration/injection/ConstructorInjection,26,85,            for (Object object : objects) {,4,0,0,1,3,0,0,2,0,6,31,5,0.1,0,0,-1
defect4j,mockito,org/mockito/internal/util/reflection/FieldInitializer,26,239,                Object newFieldInstance = constructor.newInstance(args);,2,0,0,1,2,0,6,2,0,10,56,7,0.07692,0,0,-1
defect4j,mockito,org/mockito/internal/util/reflection/FieldInitializer,26,240,"                new FieldSetter(testClass, field).set(newFieldInstance);",0,0,0,2,4,0,12,0,0,12,56,5,0.07692,0,0,-1
defect4j,mockito,org/mockito/internal/invocation/SerializableMethod,26,55,"            return declaringClass.getDeclaredMethod(methodName, parameterTypes);",0,0,0,1,2,1,8,0,0,8,68,7,0.07143,0,0,-1
defect4j,mockito,org/mockito/internal/util/reflection/FieldInitializer,26,235,                constructor = biggestConstructor(field.getType());,2,0,0,2,4,0,4,0,0,7,50,4,0.06667,0,0,-1
defect4j,mockito,org/mockito/internal/util/reflection/FieldInitializer,26,238,                final Object[] args = argResolver.resolveTypeInstances(constructor.getParameterTypes());,2,0,0,3,6,1,8,2,0,13,88,7,0.06667,0,0,-1
defect4j,mockito,org/mockito/internal/util/reflection/FieldInitializer,26,262,        },2,0,0,0,1,0,4,0,0,6,1,7,0.06667,0,0,-1
defect4j,mockito,org/mockito/internal/util/reflection/FieldInitializer,26,270,            return constructor;,2,0,0,0,0,1,10,0,0,12,19,1,0.06667,0,0,-1
defect4j,mockito,org/mockito/internal/invocation/SerializableMethod,26,28,        returnType = method.getReturnType();,16,0,0,1,2,0,16,6,0,39,36,3,0.05634,0,0,-1
defect4j,mockito,org/mockito/internal/invocation/SerializableMethod,26,29,        exceptionTypes = method.getExceptionTypes();,2,0,0,1,2,0,4,0,0,7,44,4,0.05634,0,0,-1
defect4j,mockito,org/mockito/internal/invocation/SerializableMethod,26,31,    },2,0,0,0,1,0,0,0,0,3,1,8,0.05634,0,0,-1
defect4j,mockito,org/mockito/internal/invocation/SerializableMethod,26,50,        return isVarArgs;,2,0,0,0,0,1,0,0,0,2,17,4,0.05634,0,0,-1
defect4j,mockito,org/mockito/internal/stubbing/defaultanswers/ReturnsSmartNulls,26,43,        Object defaultReturnValue = delegate.answer(invocation);,2,0,0,1,2,0,6,2,0,10,56,4,0.05556,0,0,-1
defect4j,mockito,org/mockito/internal/stubbing/defaultanswers/ReturnsSmartNulls,26,44,        if (defaultReturnValue != null) {,2,1,0,1,3,0,0,0,0,3,33,4,0.05556,0,0,-1
defect4j,mockito,org/mockito/internal/configuration/injection/SpyOnInjectedFieldsHandler,26,37,                Object instance = fieldReader.read();,2,0,0,1,2,0,4,2,0,8,37,8,0.04762,0,0,-1
defect4j,mockito,org/mockito/internal/configuration/injection/SpyOnInjectedFieldsHandler,26,43,"                    new FieldSetter(fieldOwner, field).set(",4,0,0,1,3,0,2,2,0,8,39,11,0.04762,0,0,-1
defect4j,mockito,org/mockito/internal/configuration/injection/MockInjectionStrategy,26,22,                return false;,0,0,0,0,0,1,0,0,0,1,13,9,0.03704,0,0,-1
defect4j,mockito,org/mockito/internal/util/Checks,26,23,"            checkNotNull(item, ""item in "" + checkedIterable);",2,1,0,1,2,0,4,0,0,8,49,7,0.03704,0,0,-1
defect4j,mockito,org/mockito/internal/configuration/injection/SpyOnInjectedFieldsHandler,26,32,"        FieldReader fieldReader = new FieldReader(fieldOwner, field);",6,0,0,1,2,0,0,4,0,10,61,4,0.03704,0,0,-1
defect4j,mockito,org/mockito/internal/configuration/injection/SpyOnInjectedFieldsHandler,26,35,        if(!fieldReader.isNull() && field.isAnnotationPresent(Spy.class)) {,0,1,0,3,7,0,8,2,0,12,67,4,0.03704,0,0,-1
defect4j,mockito,org/mockito/internal/configuration/injection/scanner/InjectMocksScanner,26,53,"                assertNoAnnotations(field, Mock.class, MockitoAnnotations.Mock.class, Captor.class);",4,0,0,1,2,0,4,4,0,12,84,9,0.03704,0,0,-1
defect4j,mockito,org/mockito/internal/configuration/injection/SpyOnInjectedFieldsHandler,26,55,        return false;,4,0,0,0,0,1,0,0,0,5,13,4,0.03704,0,0,-1
defect4j,mockito,org/mockito/internal/configuration/injection/scanner/InjectMocksScanner,26,62,        for (Class annotation : annotations) {,4,0,0,1,3,0,0,2,0,6,38,4,0.03704,0,0,-1
defect4j,mockito,org/mockito/internal/configuration/injection/scanner/InjectMocksScanner,26,63,            if (field.isAnnotationPresent(annotation)) {,4,0,0,2,5,0,6,2,0,12,44,3,0.03704,0,0,-1
defect4j,mockito,org/mockito/internal/configuration/injection/MockInjectionStrategy,26,71,"        return relayProcessToNextStrategy(onField, fieldOwnedBy, mockCandidates);",4,0,0,1,2,1,12,2,0,18,73,3,0.03704,0,0,-1
defect4j,mockito,org/mockito/internal/configuration/injection/MockInjectionStrategy,26,89,"        return nextStrategy != null && nextStrategy.process(field, fieldOwner, mockCandidates);",2,2,0,1,2,1,10,0,0,14,87,4,0.03704,0,0,-1
defect4j,mockito,org/mockito/internal/configuration/injection/MockInjection,26,94,            },8,1,0,0,1,0,8,2,0,20,1,3,0.03704,0,0,-1
defect4j,mockito,org/mockito/internal/configuration/injection/ConstructorInjection,26,51,            SimpleArgumentResolver simpleArgumentResolver = new SimpleArgumentResolver(mockCandidates);,4,0,0,1,2,0,0,4,0,8,91,6,0.03571,0,0,-1
defect4j,mockito,org/mockito/internal/configuration/injection/MockInjectionStrategy,26,68,"        if(processInjection(onField, fieldOwnedBy, mockCandidates)) {",2,0,0,2,5,1,8,4,0,15,61,3,0.03571,0,0,-1
defect4j,mockito,org/mockito/internal/configuration/injection/ConstructorInjection,26,72,        public SimpleArgumentResolver(Set<Object> objects) {,4,0,0,1,3,1,0,4,0,9,52,3,0.03571,0,0,-1
defect4j,mockito,org/mockito/internal/configuration/injection/ConstructorInjection,26,73,            this.objects = objects;,4,0,0,0,0,0,0,0,0,5,23,5,0.03571,0,0,-1
defect4j,mockito,org/mockito/internal/util/reflection/FieldInitializer,26,232,            final AccessibilityChanger changer = new AccessibilityChanger();,2,0,0,1,2,1,0,4,0,7,64,5,0.03571,0,0,-1
defect4j,mockito,org/mockito/internal/util/reflection/FieldInitializer,26,233,            Constructor<?> constructor = null;,2,0,0,0,0,0,0,0,0,2,34,4,0.03571,0,0,-1
defect4j,mockito,org/mockito/internal/util/reflection/FieldInitializer,26,252,                if(constructor != null) {,2,0,0,1,3,1,0,2,0,5,25,1,0.03571,0,0,-1
defect4j,mockito,org/mockito/internal/util/reflection/FieldInitializer,26,253,                    changer.safelyDisableAccess(constructor);,4,1,0,1,2,0,4,2,0,12,41,3,0.03571,0,0,-1
defect4j,mockito,org/mockito/internal/util/reflection/FieldInitializer,26,265,            final List<Constructor<?>> constructors = Arrays.asList(clazz.getDeclaredConstructors());,6,0,0,2,4,2,4,16,0,29,89,1,0.03571,0,0,-1
defect4j,mockito,org/mockito/internal/util/reflection/FieldInitializer,26,266,"            Collections.sort(constructors, byParameterNumber);",0,0,0,1,2,0,8,0,0,8,50,6,0.03571,0,0,-1
defect4j,mockito,org/mockito/internal/util/reflection/FieldInitializer,26,268,            Constructor<?> constructor = constructors.get(0);,2,0,0,1,2,0,4,2,0,8,49,5,0.03571,0,0,-1
defect4j,mockito,org/mockito/internal/util/reflection/FieldInitializer,26,60,"        this(fieldOwner, field, new ParameterizedConstructorInstantiator(fieldOwner, field, argResolver));",4,0,0,2,4,1,0,4,0,10,98,1,0.03448,0,0,-1
defect4j,mockito,org/mockito/internal/util/reflection/FieldInitializationReport,26,46,        return wasInitializedUsingConstructorArgs;,2,0,0,0,0,1,0,0,0,2,42,4,0.03125,0,0,-1
defect4j,mockito,org/mockito/internal/util/reflection/FieldInitializer,26,67,            checkNotInterface(field);,6,0,0,1,2,0,0,4,0,10,25,2,0.02941,0,0,-1
defect4j,mockito,org/mockito/internal/util/Primitives,26,31,"    private static Map<Class<?>, Class<?>> wrapperTypes = new HashMap<Class<?>, Class<?>>();",2,0,0,1,2,1,0,2,0,5,88,1,0.02873,0,0,-1
defect4j,mockito,org/mockito/internal/util/Primitives,26,33,"    private static Map<Class<?>, Object> wrapperReturnValues = new HashMap<Class<?>, Object>();",2,0,0,1,2,2,0,12,0,16,91,2,0.02873,0,0,-1
defect4j,mockito,org/mockito/internal/util/Primitives,26,34,"    private static Map<Class<?>, Object> primitiveValues = new HashMap<Class<?>, Object>();",2,0,0,1,2,2,0,12,0,16,87,2,0.02873,0,0,-1
defect4j,mockito,org/mockito/internal/util/Primitives,26,38,"        primitiveTypes.put(Character.class, Character.TYPE);",4,0,0,1,2,0,4,2,0,10,52,5,0.02873,0,0,-1
defect4j,mockito,org/mockito/internal/util/Primitives,26,40,"        primitiveTypes.put(Short.class, Short.TYPE);",4,1,0,1,2,0,0,2,0,7,44,7,0.02873,0,0,-1
defect4j,mockito,org/mockito/internal/util/Primitives,26,41,"        primitiveTypes.put(Integer.class, Integer.TYPE);",4,0,0,1,2,0,4,2,0,10,48,5,0.02873,0,0,-1
defect4j,mockito,org/mockito/internal/util/Primitives,26,42,"        primitiveTypes.put(Long.class, Long.TYPE);",2,1,0,1,2,0,0,0,0,3,42,4,0.02873,0,0,-1
defect4j,mockito,org/mockito/internal/util/Primitives,26,43,"        primitiveTypes.put(Float.class, Float.TYPE);",4,0,0,1,2,0,0,2,0,6,44,4,0.02873,0,0,-1
defect4j,mockito,org/mockito/internal/util/Primitives,26,49,"        wrapperReturnValues.put(Character.class, '\u0000');",0,0,0,1,2,0,4,2,0,7,51,5,0.02873,0,0,-1
defect4j,mockito,org/mockito/internal/util/Primitives,26,53,"        wrapperReturnValues.put(Long.class, 0L);",0,0,0,1,2,0,6,2,0,8,40,1,0.02873,0,0,-1
defect4j,mockito,org/mockito/internal/util/Primitives,26,60,"        primitiveValues.put(char.class, '\u0000');",2,0,0,1,2,0,4,0,0,7,42,1,0.02873,0,0,-1
defect4j,mockito,org/mockito/internal/util/Primitives,26,61,"        primitiveValues.put(byte.class, (byte) 0);",2,0,0,2,4,0,4,0,0,6,42,1,0.02873,0,0,-1
defect4j,mockito,org/mockito/internal/util/Primitives,26,64,"        primitiveValues.put(long.class, 0L);",6,0,0,1,2,0,0,0,0,7,36,4,0.02873,0,0,-1
defect4j,mockito,org/mockito/internal/util/reflection/FieldInitializer,26,226,            this.testClass = testClass;,4,0,0,0,0,1,0,4,0,9,27,1,0.02857,0,0,-1
defect4j,mockito,org/mockito/internal/util/reflection/FieldInitializer,26,227,            this.field = field;,4,0,0,0,0,0,0,0,0,5,19,4,0.02857,0,0,-1
defect4j,mockito,org/mockito/internal/util/reflection/FieldInitializer,26,229,        },6,1,0,0,1,0,6,0,0,14,1,3,0.02857,0,0,-1
defect4j,mockito,org/mockito/internal/util/reflection/FieldInitializer,26,97,    },4,1,1,0,1,0,12,4,0,29,1,3,0.02778,0,0,-1
defect4j,mockito,org/mockito/internal/util/reflection/FieldInitializer,26,100,        if(field.getType().isMemberClass() && !Modifier.isStatic(field.getType().getModifiers())) {,4,1,0,6,13,0,16,4,0,26,91,3,0.02778,0,0,-1
defect4j,mockito,org/mockito/internal/util/reflection/FieldInitializer,26,85,            return acquireFieldInstance();,0,0,0,1,2,1,2,0,0,2,30,7,0.02632,0,0,-1
defect4j,mockito,org/mockito/internal/util/reflection/FieldInitializer,26,118,        Object fieldInstance = field.get(fieldOwner);,2,0,0,1,2,0,20,2,0,24,45,3,0.02632,0,0,-1
defect4j,mockito,org/mockito/internal/util/reflection/FieldInitializer,26,119,        if(fieldInstance != null) {,2,1,0,1,3,0,0,0,0,3,27,4,0.02632,0,0,-1
defect4j,mockito,org/mockito/internal/util/reflection/FieldInitializationReport,26,16,"    public FieldInitializationReport(Object fieldInstance, boolean wasInitialized, boolean wasInitializedUsingConstructorArgs) {",4,0,0,1,3,3,0,4,0,11,124,1,0.025,0,0,-1
defect4j,mockito,org/mockito/internal/util/reflection/FieldInitializationReport,26,17,        this.fieldInstance = fieldInstance;,4,0,0,0,0,0,0,0,0,5,35,4,0.025,0,0,-1
defect4j,mockito,org/mockito/internal/util/reflection/FieldInitializationReport,26,18,        this.wasInitialized = wasInitialized;,10,1,0,0,0,0,0,4,0,16,37,3,0.025,0,0,-1
defect4j,mockito,org/mockito/internal/util/reflection/FieldInitializationReport,26,19,        this.wasInitializedUsingConstructorArgs = wasInitializedUsingConstructorArgs;,2,0,0,0,0,0,4,2,0,9,77,1,0.025,0,0,-1
defect4j,mockito,org/mockito/internal/util/reflection/FieldInitializationReport,26,20,    },6,0,0,0,1,0,0,2,0,9,1,3,0.025,0,0,-1
defect4j,mockito,org/mockito/internal/util/reflection/FieldInitializer,26,70,        this.fieldOwner = fieldOwner;,4,0,0,0,0,0,0,0,0,5,29,4,0.02273,0,0,-1
defect4j,mockito,org/mockito/internal/util/reflection/FieldInitializer,26,71,        this.field = field;,4,0,0,0,0,0,0,0,0,5,19,4,0.02273,0,0,-1
defect4j,mockito,org/mockito/internal/util/Checks,26,14,        if(value == null) {,6,0,0,1,3,0,0,4,0,10,19,2,0.02198,0,0,-1
defect4j,mockito,org/mockito/internal/configuration/injection/MockInjectionStrategy,26,14,public abstract class MockInjectionStrategy {,2,0,0,0,1,2,0,0,0,4,45,1,0.02198,0,0,-1
defect4j,mockito,org/mockito/internal/configuration/MockAnnotationProcessor,26,16,public class MockAnnotationProcessor implements FieldAnnotationProcessor<Mock> {,2,0,0,0,1,1,0,4,0,7,80,1,0.02198,0,0,-1
defect4j,mockito,org/mockito/internal/configuration/injection/filter/NameBasedCandidateFilter,26,16,    private final MockUtil mockUtil = new MockUtil();,2,0,0,1,2,2,0,4,0,8,49,2,0.02198,0,0,-1
defect4j,mockito,org/mockito/internal/configuration/MockitoAnnotationsMockAnnotationProcessor,26,16,public class MockitoAnnotationsMockAnnotationProcessor implements FieldAnnotationProcessor<Mock> {,2,0,0,0,1,1,0,4,0,7,98,1,0.02198,0,0,-1
defect4j,mockito,org/mockito/internal/util/Checks,26,17,        return value;,2,0,0,0,0,1,0,0,0,2,13,4,0.02198,0,0,-1
defect4j,mockito,org/mockito/internal/configuration/DefaultInjectionEngine,26,17,public class DefaultInjectionEngine {,2,0,0,0,1,1,0,0,0,3,37,1,0.02198,0,0,-1
defect4j,mockito,org/mockito/internal/configuration/injection/filter/TypeBasedCandidateFilter,26,17,        this.next = next;,4,0,0,0,0,0,0,0,0,5,17,4,0.02198,0,0,-1
defect4j,mockito,org/mockito/internal/configuration/injection/filter/NameBasedCandidateFilter,26,18,    public NameBasedCandidateFilter(MockCandidateFilter next) {,4,0,0,1,3,1,0,2,0,7,59,2,0.02198,0,0,-1
defect4j,mockito,org/mockito/internal/configuration/injection/filter/NameBasedCandidateFilter,26,19,        this.next = next;,2,0,0,0,0,0,0,2,0,4,17,5,0.02198,0,0,-1
defect4j,mockito,org/mockito/internal/util/Checks,26,21,"        checkNotNull(iterable, checkedIterable);",2,0,0,1,2,0,4,2,0,8,40,6,0.02198,0,0,-1
defect4j,mockito,org/mockito/internal/configuration/injection/scanner/MockScanner,26,22,    private MockUtil mockUtil = new MockUtil();,2,0,0,1,2,1,0,4,0,7,43,2,0.02198,0,0,-1
defect4j,mockito,org/mockito/internal/util/Checks,26,22,        for (Object item : iterable) {,2,0,0,1,3,2,0,6,0,10,30,2,0.02198,0,0,-1
defect4j,mockito,org/mockito/internal/configuration/InjectingAnnotationEngine,26,23,public class InjectingAnnotationEngine implements AnnotationEngine {,2,0,0,0,1,1,0,2,0,5,68,1,0.02198,0,0,-1
defect4j,mockito,org/mockito/internal/configuration/InjectingAnnotationEngine,26,24,    private AnnotationEngine delegate = new DefaultAnnotationEngine();,4,0,0,1,2,0,10,0,0,14,66,3,0.02198,0,0,-1
defect4j,mockito,org/mockito/internal/configuration/InjectingAnnotationEngine,26,25,    private AnnotationEngine spyAnnotationEngine = new SpyAnnotationEngine();,2,0,0,1,2,0,6,4,0,12,73,4,0.02198,0,0,-1
defect4j,mockito,org/mockito/internal/configuration/injection/scanner/InjectMocksScanner,26,29,    public InjectMocksScanner(Class<?> clazz) {,8,2,0,1,3,1,0,2,0,15,43,2,0.02198,0,0,-1
defect4j,mockito,org/mockito/internal/configuration/injection/scanner/InjectMocksScanner,26,30,        this.clazz = clazz;,4,0,0,0,0,0,0,0,0,5,19,4,0.02198,0,0,-1
defect4j,mockito,org/mockito/internal/util/collections/HashCodeAndEqualsSafeSet,26,32,public class HashCodeAndEqualsSafeSet implements Set<Object> {,2,0,0,0,1,1,0,4,0,7,62,1,0.02198,0,0,-1
defect4j,mockito,org/mockito/internal/configuration/injection/scanner/MockScanner,26,33,        this.instance = instance;,6,0,0,0,0,1,0,2,0,10,25,1,0.02198,0,0,-1
defect4j,mockito,org/mockito/internal/configuration/injection/scanner/MockScanner,26,34,        this.clazz = clazz;,4,0,0,0,0,0,0,0,0,5,19,4,0.02198,0,0,-1
defect4j,mockito,org/mockito/internal/configuration/DefaultAnnotationEngine,26,34,"        registerAnnotationProcessor(MockitoAnnotations.Mock.class, new MockitoAnnotationsMockAnnotationProcessor());",4,0,0,2,4,0,2,2,0,8,108,5,0.02198,0,0,-1
defect4j,mockito,org/mockito/internal/util/collections/HashCodeAndEqualsSafeSet,26,34,    private HashSet<HashCodeAndEqualsMockWrapper> backingHashSet = new HashSet<HashCodeAndEqualsMockWrapper>();,6,0,0,1,2,1,0,8,0,16,107,1,0.02198,0,0,-1
defect4j,mockito,org/mockito/internal/configuration/injection/scanner/MockScanner,26,35,    },4,0,0,0,1,0,4,2,0,10,1,6,0.02198,0,0,-1
defect4j,mockito,org/mockito/internal/util/collections/HashCodeAndEqualsSafeSet,26,37,        return new Iterator<Object>() {,0,0,0,1,3,1,0,4,0,4,31,7,0.02198,0,0,-1
defect4j,mockito,org/mockito/internal/util/collections/HashCodeAndEqualsSafeSet,26,38,            private Iterator<HashCodeAndEqualsMockWrapper> iterator = backingHashSet.iterator();,2,0,0,1,2,1,4,4,0,11,84,7,0.02198,0,0,-1
defect4j,mockito,org/mockito/internal/configuration/injection/MockInjectionStrategy,26,41,        if(nextStrategy != null) {,2,1,0,1,3,0,10,2,0,15,26,3,0.02198,0,0,-1
defect4j,mockito,org/mockito/internal/configuration/injection/ConstructorInjection,26,42,    public ConstructorInjection() { },2,0,0,2,4,1,0,0,0,3,33,2,0.02198,0,0,-1
defect4j,mockito,org/mockito/internal/configuration/injection/MockInjectionStrategy,26,44,            nextStrategy = strategy;,4,0,0,0,0,0,0,0,0,5,24,6,0.02198,0,0,-1
defect4j,mockito,org/mockito/internal/configuration/injection/MockInjectionStrategy,26,46,        return strategy;,6,0,0,0,0,1,4,2,0,12,16,1,0.02198,0,0,-1
defect4j,mockito,org/mockito/internal/configuration/SpyAnnotationEngine,26,47,        Field[] fields = context.getDeclaredFields();,6,0,0,2,4,0,4,4,0,14,45,3,0.02198,0,0,-1
defect4j,mockito,org/mockito/internal/configuration/SpyAnnotationEngine,26,48,        for (Field field : fields) {,6,0,0,1,3,1,0,2,0,9,28,1,0.02198,0,0,-1
defect4j,mockito,org/mockito/internal/configuration/injection/MockInjection,26,48,"        return new OngoingMockInjection(fields, ofInstance);",4,0,0,1,2,1,0,2,0,6,52,5,0.02198,0,0,-1
defect4j,mockito,org/mockito/internal/configuration/injection/scanner/InjectMocksScanner,26,49,        Set<Field> mockDependentFields = new HashSet<Field>();,2,0,0,1,2,0,10,8,0,20,54,1,0.02198,0,0,-1
defect4j,mockito,org/mockito/internal/configuration/injection/scanner/InjectMocksScanner,26,50,        Field[] fields = clazz.getDeclaredFields();,2,0,0,2,4,0,4,2,0,8,43,4,0.02198,0,0,-1
defect4j,mockito,org/mockito/internal/configuration/injection/scanner/InjectMocksScanner,26,51,        for (Field field : fields) {,4,0,0,1,3,0,0,2,0,6,28,4,0.02198,0,0,-1
defect4j,mockito,org/mockito/internal/configuration/injection/PropertyAndSetterInjection,26,51,public class PropertyAndSetterInjection extends MockInjectionStrategy {,2,0,0,0,1,1,0,2,0,5,71,1,0.02198,0,0,-1
defect4j,mockito,org/mockito/internal/configuration/injection/PropertyAndSetterInjection,26,53,    private final MockCandidateFilter mockCandidateFilter = new TypeBasedCandidateFilter(new NameBasedCandidateFilter(new FinalMockCandidateFilter()));,2,0,0,3,6,2,0,8,0,12,147,2,0.02198,0,0,-1
defect4j,mockito,org/mockito/internal/configuration/InjectingAnnotationEngine,26,55,"        processIndependentAnnotations(testInstance.getClass(), testInstance);",6,0,0,2,4,0,0,0,0,7,69,3,0.02198,0,0,-1
defect4j,mockito,org/mockito/internal/configuration/injection/MockInjection,26,55,        private Set<Field> fields = new HashSet<Field>();,2,0,0,1,2,1,0,8,0,11,49,3,0.02198,0,0,-1
defect4j,mockito,org/mockito/internal/configuration/InjectingAnnotationEngine,26,56,"        processInjectMocks(testInstance.getClass(), testInstance);",4,0,0,2,4,0,0,2,0,6,58,4,0.02198,0,0,-1
defect4j,mockito,org/mockito/internal/configuration/injection/scanner/MockScanner,26,56,        Set<Object> mocks = newMockSafeHashSet();,2,0,0,1,2,0,2,4,0,8,41,4,0.02198,0,0,-1
defect4j,mockito,org/mockito/exceptions/verification/WantedButNotInvoked,27,21,        return new RemoveFirstLine().of(super.toString());,2,0,0,3,6,1,2,2,0,6,50,5,1.0,0,0,-1
defect4j,mockito,org/mockito/exceptions/Reporter,27,258,"            allInvocations = ""Actually, there were zero interactions with this mock.\n"";",2,0,0,0,0,0,0,0,0,4,76,6,0.07692,0,0,-1
defect4j,mockito,org/mockito/Matchers,27,246,        return (T) reportMatcher(Any.ANY).returnFor(clazz);,4,0,0,3,6,1,6,2,0,12,51,5,0.06667,0,0,-1
defect4j,mockito,org/mockito/internal/creation/MockSettingsImpl,27,107,		return this;,2,0,0,0,0,1,4,0,0,7,12,6,0.05263,0,0,-1
defect4j,mockito,org/mockito/internal/creation/MockSettingsImpl,27,101,        for (InvocationListener listener : listeners) {,10,0,0,1,3,0,4,4,0,20,47,1,0.05,0,0,-1
defect4j,mockito,org/mockito/internal/creation/MockSettingsImpl,27,102,            if (listener == null) {,6,1,0,1,3,0,0,0,0,8,23,3,0.05,0,0,-1
defect4j,mockito,org/mockito/internal/creation/MockSettingsImpl,27,105,            this.invocationListeners.add(listener);,10,0,0,1,2,0,8,2,0,20,39,4,0.05,0,0,-1
defect4j,mockito,org/mockito/internal/creation/MockSettingsImpl,27,98,        if (listeners == null || listeners.length == 0) {,2,0,0,1,3,0,0,8,0,10,49,5,0.04545,0,0,-1
defect4j,mockito,org/mockito/internal/util/MockUtil,27,63,        MockHandlerInterface<T> oldMockHandler = getMockHandler(mock);,2,0,0,1,2,0,4,4,0,10,62,4,0.04348,0,0,-1
defect4j,mockito,org/mockito/internal/util/MockUtil,27,65,"        MethodInterceptorFilter newFilter = new MethodInterceptorFilter(newMockHandler, (MockSettingsImpl) org.mockito.Mockito.withSettings().defaultAnswer(org.mockito.Mockito.RETURNS_DEFAULTS));",18,0,0,4,8,0,8,6,0,32,187,3,0.04348,1,0,-1
defect4j,mockito,org/mockito/internal/util/MockUtil,27,66,"        ((Factory) mock).setCallback(0, newFilter);",2,0,0,3,6,0,8,2,0,12,43,3,0.04348,0,0,-1
defect4j,mockito,org/mockito/internal/MockitoCore,27,78,        mockingProgress.reset();,6,0,0,1,2,0,16,6,0,28,24,3,0.04348,0,0,-1
defect4j,mockito,org/mockito/internal/MockitoCore,27,79,        mockingProgress.resetOngoingStubbing();,6,5,1,1,2,0,14,0,0,33,39,3,0.04348,0,0,-1
defect4j,mockito,org/mockito/internal/MockitoCore,27,81,        for (T m : mocks) {,4,0,0,1,3,0,0,2,0,6,19,4,0.04348,0,0,-1
defect4j,mockito,org/mockito/internal/MockitoCore,27,82,            mockUtil.resetMock(m);,0,0,0,1,2,0,8,0,0,8,22,3,0.04348,0,0,-1
defect4j,mockito,org/mockito/exceptions/Reporter,27,269,        throw new WantedButNotInvoked(message + allInvocations);,4,1,0,1,2,0,0,2,0,7,56,5,0.04348,0,0,-1
defect4j,mockito,org/mockito/Mockito,27,1284,        MOCKITO_CORE.reset(mocks);,2,0,0,1,2,0,6,0,0,8,26,3,0.04348,0,0,-1
defect4j,mockito,org/mockito/Mockito,27,1285,    },2,0,0,0,1,0,6,2,0,10,1,6,0.04348,0,0,-1
defect4j,mockito,org/mockito/exceptions/verification/WantedButNotInvoked,27,16,        super(message);,6,1,0,1,2,0,14,0,0,22,15,1,0.03333,0,0,-1
defect4j,mockito,org/mockito/internal/invocation/InvocationsFinder,27,79,        return firstSimilar;,2,0,0,0,0,1,0,0,0,2,20,4,0.03226,0,0,-1
defect4j,mockito,org/mockito/internal/matchers/LocalizedMatcher,27,34,        actualMatcher.describeTo(description);,2,0,0,1,2,0,6,6,0,14,38,5,0.03125,0,0,-1
defect4j,mockito,org/mockito/internal/MockitoCore,27,143,        mockingProgress.validateState();,4,1,0,1,2,0,14,4,0,23,32,1,0.01818,0,0,-1
defect4j,mockito,org/mockito/internal/creation/MockSettingsImpl,27,69,        this.spiedInstance = spiedInstance;,4,0,0,0,0,0,0,0,0,5,35,4,0.01515,0,0,-1
defect4j,mockito,org/mockito/internal/invocation/InvocationsFinder,27,66,        Invocation firstSimilar = null;,2,0,0,0,0,0,0,2,0,4,31,4,0.01493,0,0,-1
defect4j,mockito,org/mockito/internal/matchers/Any,27,19,    private Any() {},8,2,0,2,4,1,18,12,0,43,16,1,0.01053,0,0,-1
defect4j,mockito,org/mockito/internal/progress/MockingProgressImpl,27,103,        stubbingInProgress = null;,2,0,0,0,0,0,0,0,0,3,26,4,0.01053,0,0,-1
defect4j,mockito,org/mockito/internal/progress/MockingProgressImpl,27,105,        getArgumentMatcherStorage().reset();,0,0,0,2,4,0,4,4,0,8,36,3,0.01053,0,0,-1
defect4j,mockito,org/mockito/internal/util/MockUtil,27,92,        return mock != null && isMockitoMock(mock);,4,1,0,1,2,1,8,4,0,17,43,4,0.00935,0,0,-1
defect4j,mockito,org/mockito/internal/stubbing/defaultanswers/ReturnsEmptyValues,27,127,        } else if (type == Character.TYPE) {,6,1,0,1,4,0,0,0,0,7,36,5,0.00746,0,0,-1
defect4j,mockito,org/mockito/internal/stubbing/defaultanswers/ReturnsEmptyValues,27,130,            return 0;,2,0,0,0,0,1,6,2,0,10,9,6,0.00746,0,0,-1
defect4j,mockito,org/mockito/exceptions/base/MockitoAssertionError,27,18,        super(message);,2,0,0,1,2,0,0,0,0,2,15,4,0.00725,0,0,-1
defect4j,mockito,org/mockito/exceptions/base/MockitoAssertionError,27,22,        ConditionalStackTraceFilter filter = new ConditionalStackTraceFilter();,4,0,0,1,2,0,0,2,0,6,71,4,0.00725,0,0,-1
defect4j,mockito,org/mockito/exceptions/base/MockitoAssertionError,27,23,        filter.filter(this);,4,2,0,1,2,0,6,0,0,12,20,3,0.00725,0,0,-1
defect4j,mockito,org/mockito/internal/invocation/InvocationMatcher,27,54,"        return invocation.toString(matchers, new PrintSettings());",2,1,0,2,4,1,10,2,0,15,58,1,0.00725,0,0,-1
defect4j,mockito,org/mockito/internal/invocation/Invocation,27,137,            return invocation;,2,0,0,0,0,1,0,0,0,2,18,6,0.00621,0,0,-1
defect4j,mockito,org/mockito/internal/verification/checkers/MissingInvocationChecker,27,32,"        List<Invocation> actualInvocations = finder.findInvocations(invocations, wanted);",2,0,0,1,2,0,8,4,0,14,81,4,0.00568,0,0,-1
defect4j,mockito,org/mockito/internal/verification/checkers/MissingInvocationChecker,27,34,        if (actualInvocations.isEmpty()) {,0,0,0,2,5,0,8,0,0,8,34,5,0.00568,0,0,-1
defect4j,mockito,org/mockito/internal/verification/Times,27,34,        if (wantedCount > 0) {,4,0,0,1,3,2,0,12,0,18,22,2,0.00568,0,0,-1
defect4j,mockito,org/mockito/internal/verification/checkers/MissingInvocationChecker,27,26,"    MissingInvocationChecker(InvocationsFinder finder, Reporter reporter) {",6,0,0,1,3,1,4,2,0,13,71,2,0.00559,0,0,-1
defect4j,mockito,org/mockito/internal/verification/checkers/MissingInvocationChecker,27,27,        this.finder = finder;,4,0,0,0,0,0,0,0,0,5,21,4,0.00559,0,0,-1
defect4j,mockito,org/mockito/internal/verification/checkers/MissingInvocationChecker,27,28,        this.reporter = reporter;,4,0,0,0,0,0,4,4,0,13,25,1,0.00559,0,0,-1
defect4j,mockito,org/mockito/internal/invocation/Invocation,27,131,        MatchersPrinter matchersPrinter = new MatchersPrinter();,2,0,0,1,2,0,0,4,0,6,56,4,0.00559,0,0,-1
defect4j,mockito,org/mockito/internal/invocation/Invocation,27,132,        String method = qualifiedMethodName();,4,1,0,1,2,0,2,2,0,9,38,3,0.00559,0,0,-1
defect4j,mockito,org/mockito/internal/invocation/Invocation,27,133,"        String invocation = method + matchersPrinter.getArgumentsLine(matchers, printSettings);",4,1,0,1,2,0,8,2,0,15,87,4,0.00559,0,0,-1
defect4j,mockito,org/mockito/internal/invocation/Invocation,27,134,        if (printSettings.isMultiline() || (!matchers.isEmpty() && invocation.length() > MAX_LINE_LENGTH)) {,0,0,0,5,11,0,6,2,0,8,100,5,0.00559,0,0,-1
defect4j,mockito,org/mockito/internal/invocation/Invocation,27,142,"        return new MockUtil().getMockName(mock) + ""."" + method.getName();",0,1,0,3,6,1,14,2,0,19,65,3,0.00559,0,0,-1
defect4j,mockito,org/mockito/internal/invocation/MatchersBinder,27,30,            int recordedMatchersSize = matchers.size();,2,0,0,1,2,0,4,0,0,6,43,7,0.00552,0,0,-1
defect4j,mockito,org/mockito/internal/invocation/MatchersBinder,27,31,            int expectedMatchersSize = invocation.getArgumentsCount();,6,1,0,1,2,0,0,0,0,8,58,3,0.00552,0,0,-1
defect4j,mockito,org/mockito/internal/invocation/MatchersBinder,27,32,            if (expectedMatchersSize != recordedMatchersSize) {,4,1,0,1,3,0,0,0,0,5,51,6,0.00552,0,0,-1
defect4j,mockito,org/mockito/internal/progress/ArgumentMatcherStorageImpl,27,43,        List<LocalizedMatcher> matchers = new ArrayList<LocalizedMatcher>(matcherStack);,12,0,0,1,2,1,8,12,0,34,80,1,0.00552,0,0,-1
defect4j,mockito,org/mockito/internal/progress/ArgumentMatcherStorageImpl,27,45,        return (List) matchers;,2,0,0,1,2,1,0,2,0,4,23,5,0.00552,0,0,-1
defect4j,mockito,org/mockito/internal/stubbing/defaultanswers/ReturnsEmptyValues,27,125,        if (type == Boolean.TYPE) {,2,1,0,1,3,0,0,0,0,3,27,4,0.00552,0,0,-1
defect4j,mockito,org/mockito/internal/creation/jmock/ClassImposterizer,27,118,        Class<?>[] all = new Class<?>[rest.length+1];,6,1,0,2,4,0,0,4,0,11,45,4,0.00552,0,0,-1
defect4j,mockito,org/mockito/internal/creation/jmock/ClassImposterizer,27,121,        return all;,6,0,0,0,0,2,0,2,0,9,11,2,0.00552,0,0,-1
defect4j,mockito,org/mockito/internal/configuration/DefaultInjectionEngine,28,38,                return -1;,0,0,0,0,0,1,0,0,0,1,10,10,1.0,0,0,-1
defect4j,mockito,org/mockito/internal/util/ObjectMethodsGuru,28,18,        return isToString(new DelegatingMethod(method));,2,0,0,2,4,1,2,2,0,6,48,5,0.5,0,0,-1
defect4j,mockito,org/mockito/internal/util/ObjectMethodsGuru,28,22,        return method.getReturnType() == String.class && method.getParameterTypes().length == 0,2,4,0,2,4,1,8,2,0,16,87,4,0.5,0,0,-1
defect4j,mockito,org/mockito/internal/creation/cglib/CGLIBHacker,28,19,            MethodProxy methodProxy = mockitoMethodProxy.getMethodProxy();,2,0,0,1,2,0,4,2,0,8,62,6,0.25,0,0,-1
defect4j,mockito,org/mockito/internal/invocation/MatchersBinder,28,20,        List<Matcher> lastMatchers = argumentMatcherStorage.pullMatchers();,2,0,0,1,2,0,4,4,0,10,67,4,0.25,0,0,-1
defect4j,mockito,org/mockito/internal/creation/cglib/CGLIBHacker,28,20,            Field createInfoField = reflectOnCreateInfo(methodProxy);,2,0,0,1,2,0,4,2,0,8,57,6,0.25,0,0,-1
defect4j,mockito,org/mockito/internal/invocation/MatchersBinder,28,23,"        InvocationMatcher invocationWithMatchers = new InvocationMatcher(invocation, lastMatchers);",6,0,0,1,2,0,4,4,0,14,91,3,0.25,0,0,-1
defect4j,mockito,org/mockito/internal/creation/cglib/CGLIBHacker,28,23,"            Field namingPolicyField = createInfo.getClass().getDeclaredField(""namingPolicy"");",2,0,0,2,4,0,6,2,0,11,81,6,0.25,0,0,-1
defect4j,mockito,org/mockito/internal/creation/cglib/CGLIBHacker,28,25,            if (namingPolicyField.get(createInfo) == null) {,0,1,0,2,5,0,6,0,0,7,48,6,0.25,0,0,-1
defect4j,mockito,org/mockito/internal/progress/MockingProgressImpl,28,29,        this.iOngoingStubbing = iOngoingStubbing;,4,0,0,0,0,0,0,0,0,5,41,4,0.25,0,0,-1
defect4j,mockito,org/mockito/internal/progress/ThreadSafeMockingProgress,28,29,    },2,0,1,0,1,0,0,2,0,8,1,6,0.25,0,0,-1
defect4j,mockito,org/mockito/internal/creation/cglib/CGLIBHacker,28,37,        Class cglibMethodProxyClass = methodProxy.getClass();,2,0,0,1,2,0,4,2,0,8,53,4,0.25,0,0,-1
defect4j,mockito,org/mockito/internal/stubbing/InvocationContainerImpl,28,38,        this.invocationForStubbing = invocation;,4,0,0,0,0,0,0,0,0,5,40,4,0.25,0,0,-1
defect4j,mockito,org/mockito/internal/stubbing/InvocationContainerImpl,28,39,    },0,0,0,0,1,0,2,0,0,2,1,6,0.25,0,0,-1
defect4j,mockito,org/mockito/internal/creation/MethodInterceptorFilter,28,40,        MockitoMethodProxy mockitoMethodProxy = createMockitoMethodProxy(methodProxy);,2,0,0,1,2,0,4,2,0,8,78,4,0.25,0,0,-1
defect4j,mockito,org/mockito/internal/stubbing/InvocationContainerImpl,28,42,        this.invocationForStubbing = invocationMatcher;,4,0,0,0,0,0,0,0,0,5,47,4,0.25,0,0,-1
defect4j,mockito,org/mockito/internal/creation/MethodInterceptorFilter,28,43,        MockitoMethod mockitoMethod = createMockitoMethod(method);,2,0,0,1,2,0,10,2,0,14,58,3,0.25,0,0,-1
defect4j,mockito,org/mockito/internal/stubbing/InvocationContainerImpl,28,43,    },2,1,0,0,1,0,10,2,0,15,1,3,0.25,0,0,-1
defect4j,mockito,org/mockito/internal/creation/MethodInterceptorFilter,28,45,        FilteredCGLIBProxyRealMethod realMethod = new FilteredCGLIBProxyRealMethod(mockitoMethodProxy);,4,0,0,1,2,0,0,4,0,8,95,4,0.25,0,0,-1
defect4j,mockito,org/mockito/internal/creation/MethodInterceptorFilter,28,46,"        Invocation invocation = new Invocation(proxy, mockitoMethod, args, SequenceNumber.next(), realMethod);",10,0,0,2,4,0,4,4,0,18,102,4,0.25,0,0,-1
defect4j,mockito,org/mockito/internal/creation/MethodInterceptorFilter,28,47,        return handler.handle(invocation);,6,0,0,1,2,2,6,10,0,23,34,1,0.25,0,0,-1
defect4j,mockito,org/mockito/internal/progress/MockingProgressImpl,28,53,            return null;,2,0,0,0,0,1,0,0,0,2,12,4,0.25,0,0,-1
defect4j,mockito,org/mockito/internal/creation/MethodInterceptorFilter,28,61,        return new DelegatingMockitoMethodProxy(methodProxy);,8,0,0,1,2,2,10,6,0,25,53,2,0.25,0,0,-1
defect4j,mockito,org/mockito/internal/creation/MethodInterceptorFilter,28,68,            return new DelegatingMethod(method); ,2,0,0,1,2,1,4,6,0,12,36,1,0.25,0,0,-1
defect4j,mockito,org/mockito/internal/creation/MockSettingsImpl,28,72,        return defaultAnswer;,2,0,0,0,0,1,0,0,0,2,21,4,0.25,0,0,-1
defect4j,mockito,org/mockito/internal/MockHandler,28,74,        if (verificationMode != null) {,2,0,0,1,3,0,6,2,0,12,31,4,0.25,0,0,-1
defect4j,mockito,org/mockito/internal/MockHandler,28,89,        invocationContainerImpl.setInvocationForPotentialStubbing(invocationMatcher);,12,4,0,1,2,1,22,8,0,47,77,2,0.25,0,0,-1
defect4j,mockito,org/mockito/internal/MockHandler,28,90,        OngoingStubbingImpl<T> ongoingStubbing = new OngoingStubbingImpl<T>(invocationContainerImpl);,4,0,0,1,2,0,4,2,0,10,93,5,0.25,0,0,-1
defect4j,mockito,org/mockito/internal/MockHandler,28,93,        StubbedInvocationMatcher stubbedInvocation = invocationContainerImpl.findAnswerFor(invocation);,6,1,0,1,2,2,12,10,0,32,95,1,0.25,0,0,-1
defect4j,mockito,org/mockito/internal/MockHandler,28,95,        if (stubbedInvocation != null) {,2,1,0,1,3,0,0,0,0,3,32,4,0.25,0,0,-1
defect4j,mockito,org/mockito/internal/MockHandler,28,107,            return ret;,2,0,0,0,0,1,0,0,0,3,11,4,0.25,0,0,-1
defect4j,mockito,org/mockito/internal/runners/util/RunnerProvider,28,12,public class RunnerProvider {,2,0,0,0,1,1,0,0,0,3,29,1,0.11111,0,0,-1
defect4j,mockito,org/mockito/internal/runners/RunnerFactory,28,17,    RunnerFactory(RunnerProvider runnerProvider) {,4,0,0,1,3,0,0,2,0,6,46,2,0.11111,0,0,-1
defect4j,mockito,org/mockito/internal/runners/util/FrameworkUsageValidator,28,17,    public FrameworkUsageValidator(RunNotifier notifier) {,4,0,0,1,3,1,0,2,0,7,54,2,0.11111,0,0,-1
defect4j,mockito,org/mockito/internal/runners/util/FrameworkUsageValidator,28,18,        this.notifier = notifier;,4,0,0,0,0,0,0,0,0,5,25,4,0.11111,0,0,-1
defect4j,mockito,org/mockito/internal/runners/RunnerFactory,28,22,        this(new RunnerProvider());,2,0,0,2,4,0,0,4,0,6,27,0,0.11111,0,0,-1
defect4j,mockito,org/mockito/internal/runners/util/FrameworkUsageValidator,28,23,        super.testFinished(description);,4,0,0,1,2,0,0,0,0,4,32,5,0.11111,0,0,-1
defect4j,mockito,org/mockito/internal/runners/RunnerFactory,28,23,    },4,0,0,0,1,0,4,2,0,10,1,11,0.11111,0,0,-1
defect4j,mockito,org/mockito/internal/matchers/Same,29,37,        } else if (wanted instanceof Character) {,2,0,0,1,4,0,0,2,0,4,41,6,0.5,0,0,-1
defect4j,mockito,org/mockito/internal/verification/argumentmatching/ArgumentMatchingTool,29,15,public class ArgumentMatchingTool {,2,0,0,0,1,1,0,0,0,3,35,1,0.33333,0,0,-1
defect4j,mockito,org/mockito/internal/verification/argumentmatching/ArgumentMatchingTool,29,21,        if (matchers.size() != arguments.length) {,4,1,0,2,5,0,4,0,0,9,42,4,0.33333,0,0,-1
defect4j,mockito,org/mockito/internal/verification/argumentmatching/ArgumentMatchingTool,29,26,        int i = 0;,4,0,0,0,0,0,6,2,0,12,10,4,0.33333,0,0,-1
defect4j,mockito,org/mockito/internal/verification/argumentmatching/ArgumentMatchingTool,29,27,        for (Matcher m : matchers) {,4,0,0,1,3,0,0,2,0,6,28,4,0.33333,0,0,-1
defect4j,mockito,org/mockito/internal/verification/checkers/MissingInvocationChecker,29,34,"            Invocation similar = finder.findSimilarInvocation(invocations, wanted);",2,0,0,1,2,0,8,2,0,12,71,6,0.33333,0,0,-1
defect4j,mockito,org/mockito/internal/verification/checkers/MissingInvocationChecker,29,35,            if (similar != null) {,4,0,0,1,3,0,0,0,0,5,22,4,0.33333,0,0,-1
defect4j,mockito,org/mockito/internal/invocation/InvocationsFinder,29,70,            if (firstSimilar == null) {,2,1,0,1,3,0,0,0,0,3,27,6,0.33333,0,0,-1
defect4j,mockito,org/mockito/internal/invocation/InvocationMatcher,29,87,        final boolean overloadedButSameArgs = !methodEquals && safelyArgumentsMatch(candidate.getArguments());,4,1,0,2,4,1,6,0,0,13,102,4,0.33333,0,0,-1
defect4j,mockito,org/mockito/internal/invocation/InvocationMatcher,29,89,        return !overloadedButSameArgs;,2,0,0,0,0,1,0,0,0,3,30,4,0.33333,0,0,-1
defect4j,mockito,org/mockito/internal/matchers/Same,29,23,        return wanted == actual;,4,1,0,0,0,1,0,0,0,5,24,4,0.25,0,0,-1
defect4j,mockito,org/mockito/internal/matchers/Same,29,27,"        description.appendText(""same("");",0,0,0,1,3,0,6,0,0,6,32,6,0.25,0,0,-1
defect4j,mockito,org/mockito/internal/matchers/Same,29,35,        if (wanted instanceof String) {,2,0,0,1,3,0,0,2,0,4,31,5,0.25,0,0,-1
defect4j,mockito,org/mockito/internal/invocation/InvocationMatcher,29,75,        String wantedMethodName = getMethod().getName();,2,0,0,2,4,0,4,2,0,8,48,4,0.25,0,0,-1
defect4j,mockito,org/mockito/internal/invocation/InvocationMatcher,29,80,        final boolean mockIsTheSame = getInvocation().getMock() == candidate.getMock();,2,2,0,3,6,1,12,0,0,17,79,3,0.25,0,0,-1
defect4j,mockito,org/mockito/internal/invocation/InvocationMatcher,29,81,        final boolean methodEquals = hasSameMethod(candidate);,2,0,0,1,2,1,4,0,0,7,54,4,0.25,0,0,-1
defect4j,mockito,org/mockito/internal/invocation/Invocation,29,98,        return verified;,2,0,0,0,0,1,0,0,0,2,16,4,0.25,0,0,-1
defect4j,mockito,org/mockito/internal/util/reflection/AccessibilityChanger,29,9,public class AccessibilityChanger {,2,0,0,0,1,0,0,0,0,2,35,6,0.2,0,0,-1
defect4j,mockito,org/mockito/internal/util/reflection/FieldSetter,29,14,"    public FieldSetter(Object target, Field field) {",6,0,0,1,3,1,0,4,0,11,48,2,0.2,0,0,-1
defect4j,mockito,org/mockito/internal/util/reflection/FieldSetter,29,15,        this.target = target;,4,0,0,0,0,0,0,0,0,5,21,4,0.2,0,0,-1
defect4j,mockito,org/mockito/internal/util/reflection/FieldSetter,29,16,        this.field = field;,4,0,0,0,0,0,0,0,0,5,19,4,0.2,0,0,-1
defect4j,mockito,org/mockito/internal/util/reflection/FieldSetter,29,21,        changer.enableAccess(field);,8,0,0,1,2,4,0,12,0,25,28,1,0.2,0,0,-1
defect4j,mockito,org/mockito/internal/util/MockName,29,21,            this.mockName = mockName;,4,0,0,0,0,0,0,0,0,5,25,6,0.2,0,0,-1
defect4j,mockito,org/mockito/internal/configuration/DefaultAnnotationEngine,29,35,        if (annotation instanceof Mock) {,2,0,0,1,3,0,0,2,0,4,33,5,0.2,0,0,-1
defect4j,mockito,org/mockito/internal/configuration/DefaultAnnotationEngine,29,50,        if (annotation.extraInterfaces().length > 0) { // never null,4,2,0,2,5,0,4,0,0,10,60,4,0.2,0,0,-1
defect4j,mockito,org/mockito/internal/configuration/DefaultAnnotationEngine,29,54,            mockSettings.name(field.getName());,0,0,0,2,4,0,20,0,0,21,35,3,0.2,0,0,-1
defect4j,mockito,org/mockito/internal/creation/MockSettingsImpl,29,57,        this.name = name;,6,0,0,0,0,1,0,2,0,10,17,1,0.2,0,0,-1
defect4j,mockito,org/mockito/internal/creation/MockSettingsImpl,29,58,        return this;,2,0,0,0,0,1,6,4,0,12,12,3,0.2,0,0,-1
defect4j,mockito,org/mockito/internal/configuration/DefaultAnnotationEngine,29,86,                if (mock != null) {,2,1,0,1,3,0,0,0,0,3,19,8,0.2,0,0,-1
defect4j,mockito,org/mockito/internal/configuration/DefaultAnnotationEngine,29,88,                    alreadyAssigned = true;                    ,4,0,0,0,0,3,6,18,0,31,23,1,0.2,0,0,-1
defect4j,mockito,org/mockito/internal/configuration/DefaultAnnotationEngine,29,90,"                        new FieldSetter(testClass, field).set(mock);",4,0,0,2,4,0,4,2,0,10,44,13,0.2,0,0,-1
defect4j,mockito,org/mockito/internal/configuration/DefaultAnnotationEngine,29,101,        if (alreadyAssigned) {,2,0,0,1,3,0,0,0,0,2,22,4,0.2,0,0,-1
defect4j,mockito,org/mockito/internal/progress/MockingProgressImpl,29,102,        stubbingInProgress = null;,2,0,0,0,0,0,0,0,0,3,26,4,0.2,0,0,-1
defect4j,mockito,org/mockito/internal/progress/MockingProgressImpl,29,103,        verificationMode = null;,2,0,0,0,0,0,0,0,0,3,24,4,0.2,0,0,-1
defect4j,mockito,org/mockito/internal/progress/MockingProgressImpl,29,104,        getArgumentMatcherStorage().reset();,0,0,0,2,4,0,10,0,0,10,36,3,0.2,0,0,-1
defect4j,mockito,org/mockito/internal/configuration/DefaultAnnotationEngine,29,104,    },2,0,0,0,1,0,0,0,0,2,1,4,0.2,0,0,-1
defect4j,mockito,org/mockito/MockitoAnnotations,29,119,"            Object mock = annotationEngine.createMockFor(annotation, field);",2,0,0,1,2,0,8,2,0,12,64,6,0.2,0,0,-1
defect4j,mockito,org/mockito/MockitoAnnotations,29,120,            if (mock != null) {,4,2,0,1,3,0,0,0,0,6,19,3,0.2,0,0,-1
defect4j,mockito,org/mockito/MockitoAnnotations,29,122,                alreadyAssigned = true;                ,2,0,0,0,0,0,0,0,0,4,23,8,0.2,0,0,-1
defect4j,mockito,org/mockito/MockitoAnnotations,29,128,                },2,0,0,0,1,0,0,0,0,2,1,4,0.2,0,0,-1
defect4j,mockito,org/mockito/internal/invocation/InvocationsFinder,29,65,        Invocation firstSimilar = null;,2,0,0,0,0,0,0,2,0,4,31,4,0.16667,0,0,-1
defect4j,mockito,org/mockito/internal/matchers/Same,29,18,    public Same(Object wanted) {,4,0,0,1,3,0,2,8,0,14,28,1,0.14286,0,0,-1
defect4j,mockito,org/mockito/internal/util/ListUtil,29,15,            if (!filter.isOut(t)) {,0,0,0,2,5,0,14,0,0,14,23,5,0.07692,0,0,-1
defect4j,mockito,org/mockito/internal/util/ListUtil,29,16,                filtered.add(t);,2,1,0,1,2,0,6,2,0,11,16,3,0.07692,0,0,-1
defect4j,mockito,org/mockito/internal/invocation/InvocationsFinder,29,134,            return !wanted.matches(invocation);,0,0,0,1,2,1,6,0,0,7,35,5,0.07692,0,0,-1
defect4j,mockito,org/mockito/internal/invocation/Invocation,29,156,        return new ObjectMethodsGuru().isToString(getMethod());,6,1,0,3,6,1,4,4,0,16,55,3,0.07692,0,0,-1
defect4j,mockito,org/mockito/internal/verification/checkers/MissingInvocationChecker,29,25,"    MissingInvocationChecker(InvocationsFinder finder, Reporter reporter) {",6,0,0,1,3,0,0,4,0,10,71,2,0.07143,0,0,-1
defect4j,mockito,org/mockito/internal/verification/checkers/MissingInvocationChecker,29,26,        this.finder = finder;,6,0,0,0,0,0,0,0,0,7,21,4,0.07143,0,0,-1
defect4j,mockito,org/mockito/internal/verification/checkers/MissingInvocationChecker,29,31,"        List<Invocation> actualInvocations = finder.findInvocations(invocations, wanted);",2,0,0,1,2,0,8,4,0,14,81,4,0.07143,0,0,-1
defect4j,mockito,org/mockito/internal/verification/Times,29,34,            MissingInvocationChecker missingInvocation = new MissingInvocationChecker();,2,2,0,1,2,0,12,6,0,23,76,3,0.07143,0,0,-1
defect4j,mockito,org/mockito/internal/debugging/Localized,29,14,        this.object = object;,0,0,0,0,0,0,6,0,0,6,21,9,0.06667,0,0,-1
defect4j,mockito,org/mockito/internal/util/ListUtil,29,14,        for (T t : collection) {,4,0,0,1,3,0,0,2,0,6,24,4,0.06667,0,0,-1
defect4j,mockito,org/mockito/internal/debugging/Localized,29,15,        location = new Location();,2,0,0,1,2,0,0,2,0,5,26,4,0.06667,0,0,-1
defect4j,mockito,org/mockito/internal/verification/MockAwareVerificationMode,29,15,"    public MockAwareVerificationMode(Object mock, VerificationMode mode) {",6,0,0,1,3,1,0,4,0,11,70,2,0.06667,0,0,-1
defect4j,mockito,org/mockito/exceptions/verification/SmartNullPointerException,30,14,        super(message);,2,0,0,1,2,0,0,0,0,2,15,4,0.2,0,0,-1
defect4j,mockito,org/mockito/exceptions/verification/SmartNullPointerException,30,15,    },2,0,0,0,1,0,8,4,0,14,1,6,0.2,0,0,-1
defect4j,mockito,org/mockito/internal/stubbing/defaultanswers/ReturnsSmartNulls,30,47,        private ThrowingInterceptor(InvocationOnMock invocation) {,10,0,0,1,3,1,4,6,0,21,58,1,0.11111,0,0,-1
defect4j,mockito,org/mockito/internal/stubbing/defaultanswers/ReturnsSmartNulls,30,74,        if (ClassImposterizer.INSTANCE.canImposterise(type)) {,6,0,0,2,5,0,0,0,0,7,54,1,0.11111,0,0,-1
defect4j,mockito,org/mockito/internal/stubbing/defaultanswers/ReturnsSmartNulls,30,75,"            return ClassImposterizer.INSTANCE.imposterise(new ThrowingInterceptor(invocation), type);",2,0,0,2,4,1,0,4,0,6,89,8,0.11111,0,0,-1
defect4j,mockito,org/mockito/internal/stubbing/defaultanswers/ReturnsSmartNulls,30,69,        Object defaultReturnValue = delegate.answer(invocation);,2,0,0,1,2,0,6,2,0,10,56,4,0.08333,0,0,-1
defect4j,mockito,org/mockito/internal/stubbing/defaultanswers/ReturnsMoreEmptyValues,30,68,        }  else if (type.isArray()) {,2,0,0,2,6,0,6,2,0,10,29,6,0.06667,0,0,-1
defect4j,mockito,org/mockito/internal/stubbing/defaultanswers/ReturnsMoreEmptyValues,30,61,        Class<?> returnType = invocation.getMethod().getReturnType();,2,0,0,2,4,0,6,2,0,10,61,4,0.0625,0,0,-1
defect4j,mockito,org/mockito/internal/stubbing/defaultanswers/ReturnsMoreEmptyValues,30,57,        if (ret != null) {,2,1,0,1,3,0,0,0,0,3,18,4,0.05556,0,0,-1
defect4j,mockito,org/mockito/internal/stubbing/defaultanswers/ReturnsMoreEmptyValues,30,66,        if (type == String.class) {,2,1,0,1,3,0,0,2,0,5,27,4,0.05556,0,0,-1
defect4j,mockito,org/mockito/exceptions/base/MockitoException,30,22,        super(message);,2,0,0,1,2,0,0,0,0,2,15,4,0.00763,0,0,-1
defect4j,mockito,org/mockito/exceptions/base/MockitoException,30,23,        filterStackTrace();,2,1,0,1,2,1,14,0,0,19,19,1,0.00763,0,0,-1
defect4j,mockito,org/mockito/exceptions/base/MockitoException,30,27,        unfilteredStackTrace = getStackTrace();,2,0,0,1,2,0,8,0,0,11,39,1,0.00735,0,0,-1
defect4j,mockito,org/mockito/internal/invocation/SerializableMethod,30,24,    public SerializableMethod(Method method) {,4,0,0,1,3,1,0,2,0,7,42,2,0.00709,0,0,-1
defect4j,mockito,org/mockito/internal/invocation/SerializableMethod,30,26,        methodName = method.getName();,8,1,0,1,2,1,12,2,0,27,30,3,0.00709,0,0,-1
defect4j,mockito,org/mockito/internal/invocation/SerializableMethod,30,27,        parameterTypes = method.getParameterTypes();,2,0,0,1,2,0,4,0,0,7,44,4,0.00709,0,0,-1
defect4j,mockito,org/mockito/internal/invocation/SerializableMethod,30,28,        returnType = method.getReturnType();,2,0,0,1,2,0,4,0,0,7,36,4,0.00709,0,0,-1
defect4j,mockito,org/mockito/internal/invocation/SerializableMethod,30,29,        exceptionTypes = method.getExceptionTypes();,2,0,0,1,2,0,4,0,0,7,44,4,0.00709,0,0,-1
defect4j,mockito,org/mockito/internal/invocation/SerializableMethod,30,30,        isVarArgs = method.isVarArgs();,2,0,0,1,2,0,4,0,0,7,31,4,0.00709,0,0,-1
defect4j,mockito,org/mockito/internal/debugging/Location,30,32,"        return ""-> at "" + filtered[0].toString();",0,1,1,2,4,1,2,0,0,6,41,4,0.0051,0,0,-1
defect4j,mockito,org/mockito/internal/exceptions/base/StackTraceFilter,30,49,            top = new LinkedList<StackTraceElement>();,2,0,0,1,2,0,0,4,0,7,42,6,0.00495,0,0,-1
defect4j,mockito,org/mockito/internal/exceptions/base/StackTraceFilter,30,40,            if (firstBad == -1) {,2,1,0,1,3,0,0,0,0,4,21,6,0.00476,0,0,-1
defect4j,mockito,org/mockito/internal/exceptions/base/StackTraceFilter,30,17,"        boolean fromMockObject = e.getClassName().contains(""$$EnhancerByMockitoWithCGLIB$$"");",2,0,0,2,4,0,6,0,0,9,85,5,0.00474,0,0,-1
defect4j,mockito,org/mockito/internal/exceptions/base/StackTraceFilter,30,18,"        boolean fromOrgMockito = e.getClassName().startsWith(""org.mockito."");",2,0,0,2,4,0,6,0,0,9,69,5,0.00474,0,0,-1
defect4j,mockito,org/mockito/internal/exceptions/base/StackTraceFilter,30,19,"        boolean isRunner = e.getClassName().startsWith(""org.mockito.runners."");",4,1,0,2,4,0,4,0,0,10,71,3,0.00474,0,0,-1
defect4j,mockito,org/mockito/internal/exceptions/base/StackTraceFilter,30,20,"        boolean isInternalRunner = e.getClassName().startsWith(""org.mockito.internal.runners."");",2,0,0,2,4,0,6,0,0,9,88,5,0.00474,0,0,-1
defect4j,mockito,org/mockito/internal/exceptions/base/StackTraceFilter,30,21,        return (fromMockObject || fromOrgMockito) && !isRunner && !isInternalRunner;,8,2,0,1,2,1,0,0,0,12,76,4,0.00474,0,0,-1
defect4j,mockito,org/mockito/internal/exceptions/base/StackTraceFilter,30,36,            if (!this.isBad(unfilteredStackTrace.get(i))) {,2,1,0,3,7,0,8,0,0,12,47,3,0.00474,0,0,-1
defect4j,mockito,org/mockito/internal/exceptions/base/StackTraceFilter,30,37,                continue;,2,0,0,0,0,0,6,0,0,8,9,3,0.00474,0,0,-1
defect4j,mockito,org/mockito/internal/exceptions/base/StackTraceFilter,30,34,        int firstBad = -1;,2,0,0,0,0,0,0,0,0,3,18,5,0.00472,0,0,-1
defect4j,mockito,org/mockito/internal/exceptions/base/StackTraceFilter,30,46,        if (keepTop && firstBad != -1) {,4,0,0,1,3,0,0,2,0,6,32,4,0.00472,0,0,-1
defect4j,mockito,org/mockito/internal/stubbing/defaultanswers/ReturnsSmartNulls,31,51,            if (new ObjectMethodsGuru().isToString(method)) {,0,0,0,3,7,0,4,2,0,6,49,6,0.33333,0,0,-1
defect4j,mockito,org/mockito/internal/stubbing/defaultanswers/ReturnsSmartNulls,31,46,        private ThrowingInterceptor(InvocationOnMock invocation) {,12,3,0,1,3,0,10,8,0,35,58,1,0.125,0,0,-1
defect4j,mockito,org/mockito/internal/stubbing/defaultanswers/ReturnsSmartNulls,31,47,            this.invocation = invocation;,4,0,0,0,0,0,0,0,0,5,29,5,0.125,0,0,-1
defect4j,mockito,org/mockito/internal/stubbing/defaultanswers/ReturnsSmartNulls,31,72,        if (ClassImposterizer.INSTANCE.canImposterise(type)) {,4,0,0,2,5,0,4,0,0,8,54,5,0.125,0,0,-1
defect4j,mockito,org/mockito/internal/stubbing/defaultanswers/ReturnsSmartNulls,31,68,        if (defaultReturnValue != null) {,8,1,0,1,3,0,4,4,0,17,33,1,0.09091,0,0,-1
defect4j,mockito,org/mockito/internal/stubbing/defaultanswers/ReturnsMoreEmptyValues,31,66,        if (type == String.class) {,2,1,0,1,3,0,0,2,0,5,27,4,0.07692,0,0,-1
defect4j,mockito,org/mockito/internal/stubbing/defaultanswers/ReturnsMoreEmptyValues,31,56,        Object ret = delegate.answer(invocation);,2,0,0,1,2,0,6,2,0,10,41,4,0.07143,0,0,-1
defect4j,mockito,org/mockito/internal/stubbing/defaultanswers/ReturnsMoreEmptyValues,31,57,        if (ret != null) {,2,1,0,1,3,0,0,0,0,3,18,4,0.07143,0,0,-1
defect4j,mockito,org/mockito/internal/invocation/SerializableMethod,31,24,    public SerializableMethod(Method method) {,4,0,0,1,3,1,0,2,0,7,42,2,0.00775,0,0,-1
defect4j,mockito,org/mockito/internal/invocation/SerializableMethod,31,25,        declaringClass = method.getDeclaringClass();,8,1,0,1,2,3,8,0,0,21,44,1,0.00775,0,0,-1
defect4j,mockito,org/mockito/internal/invocation/SerializableMethod,31,26,        methodName = method.getName();,2,0,0,1,2,0,4,0,0,7,30,4,0.00775,0,0,-1
defect4j,mockito,org/mockito/internal/invocation/SerializableMethod,31,28,        returnType = method.getReturnType();,4,0,0,1,2,0,6,0,0,12,36,4,0.00775,0,0,-1
defect4j,mockito,org/mockito/internal/invocation/SerializableMethod,31,29,        exceptionTypes = method.getExceptionTypes();,2,0,0,1,2,0,4,0,0,7,44,4,0.00775,0,0,-1
defect4j,mockito,org/mockito/internal/creation/DelegatingMethod,31,29,        return method.getName();,0,0,0,1,2,1,4,2,0,7,24,5,0.005,0,0,-1
defect4j,mockito,org/mockito/internal/creation/DelegatingMethod,31,33,        return method.getParameterTypes();,0,0,0,1,2,1,12,0,0,12,34,1,0.00377,0,0,-1
defect4j,mockito,org/mockito/internal/stubbing/defaultanswers/ReturnsEmptyValues,31,110,        } else if (type == HashMap.class) {,2,1,0,1,4,0,4,2,0,9,35,1,0.0034,0,0,-1
defect4j,mockito,org/mockito/internal/stubbing/defaultanswers/ReturnsEmptyValues,31,116,        } else if (type == LinkedHashMap.class) {,2,1,0,1,4,0,0,2,0,5,41,19,0.0034,0,0,-1
defect4j,mockito,org/mockito/internal/stubbing/defaultanswers/ReturnsEmptyValues,31,104,        } else if (type == LinkedList.class) {,4,2,0,1,4,0,4,4,0,15,38,1,0.00339,0,0,-1
defect4j,mockito,org/mockito/internal/stubbing/defaultanswers/ReturnsEmptyValues,31,106,        } else if (type == ArrayList.class) {,2,1,0,1,4,0,0,2,0,5,37,14,0.00339,0,0,-1
defect4j,mockito,org/mockito/internal/stubbing/defaultanswers/ReturnsEmptyValues,31,108,        } else if (type == Map.class) {,2,1,0,1,4,0,0,2,0,5,31,15,0.00339,0,0,-1
defect4j,mockito,org/mockito/internal/stubbing/defaultanswers/ReturnsEmptyValues,31,98,        } else if (type == TreeSet.class) {,2,1,0,1,4,0,0,2,0,5,35,10,0.00334,0,0,-1
defect4j,mockito,org/mockito/internal/stubbing/defaultanswers/ReturnsEmptyValues,31,100,        } else if (type == LinkedHashSet.class) {,4,0,0,1,4,1,0,2,0,7,41,3,0.00334,0,0,-1
defect4j,mockito,org/mockito/internal/stubbing/defaultanswers/ReturnsEmptyValues,31,102,        } else if (type == List.class) {,2,1,0,1,4,0,0,2,0,5,32,12,0.00334,0,0,-1
defect4j,mockito,org/mockito/internal/util/Primitives,31,29,"    private static Map<Class<?>, Object> wrapperReturnValues = new HashMap<Class<?>, Object>();",2,0,0,1,2,2,0,12,0,16,91,2,0.00286,0,0,-1
defect4j,mockito,org/mockito/internal/util/Primitives,31,30,"    private static Map<Class<?>, Class<?>> primitiveTypes = new HashMap<Class<?>, Class<?>>();",2,0,0,1,2,2,0,12,0,16,90,2,0.00286,0,0,-1
defect4j,mockito,org/mockito/internal/util/Primitives,31,35,"        wrapperReturnValues.put(Character.class, new Character((char) 0));",2,0,0,3,6,0,4,4,0,10,66,1,0.00286,0,0,-1
defect4j,mockito,org/mockito/internal/configuration/SpyAnnotationEngine,32,49,"                        field.set(testClass, Mockito.spy(instance));",0,0,0,2,4,0,12,0,0,12,44,13,0.07143,1,0,-1
defect4j,mockito,org/mockito/internal/configuration/SpyAnnotationEngine,32,37,                    if (instance == null) {,2,2,0,1,3,0,30,0,0,34,23,3,0.06667,0,0,-1
defect4j,mockito,org/mockito/internal/configuration/SpyAnnotationEngine,32,54,                    field.setAccessible(wasAccessible);,2,1,0,1,2,0,6,0,0,9,35,3,0.06667,0,0,-1
defect4j,mockito,org/mockito/exceptions/verification/junit/ArgumentsAreDifferent,32,30,        return message;,2,0,0,0,0,1,0,0,0,2,15,4,0.05,0,0,-1
defect4j,mockito,org/mockito/internal/verification/argumentmatching/ArgumentMatchingTool,32,48,"        return StringDescription.toString(m).equals(arg == null? ""null"" : arg.toString());",2,1,0,3,6,1,12,0,0,16,82,5,0.0303,0,0,-1
defect4j,mockito,org/mockito/internal/invocation/InvocationsFinder,32,74,                return invocation;,2,0,0,0,0,1,0,0,0,2,18,8,0.0303,0,0,-1
defect4j,mockito,org/mockito/internal/verification/checkers/MissingInvocationChecker,32,36,                ArgumentMatchingTool argumentMatchingTool = new ArgumentMatchingTool();,2,0,0,1,2,0,0,4,0,6,71,8,0.02941,0,0,-1
defect4j,mockito,org/mockito/internal/verification/checkers/MissingInvocationChecker,32,37,"                Integer[] indexesOfSuspiciousArgs = argumentMatchingTool.getSuspiciouslyNotMatchingArgsIndexes(wanted.getMatchers(), similar.getArguments());",0,0,0,4,8,0,0,0,0,12,141,4,0.02941,0,0,-1
defect4j,mockito,org/mockito/exceptions/verification/junit/JUnitTool,32,16,            hasJUnit = true;,2,0,0,0,0,0,0,0,0,4,16,6,0.02857,0,0,-1
defect4j,mockito,org/mockito/exceptions/verification/junit/JUnitTool,32,23,        return hasJUnit;,2,0,0,0,0,1,0,0,0,2,16,4,0.02857,0,0,-1
defect4j,mockito,org/mockito/exceptions/verification/junit/ArgumentsAreDifferent,32,23,        unfilteredStackTrace = getStackTrace();,2,0,0,1,2,0,2,0,0,5,39,4,0.02857,0,0,-1
defect4j,mockito,org/mockito/exceptions/verification/junit/ArgumentsAreDifferent,32,24,        ConditionalStackTraceFilter filter = new ConditionalStackTraceFilter();,2,0,0,1,2,0,0,4,0,6,71,2,0.02857,0,0,-1
defect4j,mockito,org/mockito/exceptions/verification/junit/ArgumentsAreDifferent,32,26,    },2,0,0,0,1,2,0,8,0,12,1,2,0.02857,0,0,-1
defect4j,mockito,org/mockito/exceptions/verification/junit/JUnitTool,32,28,"            Class<?> clazz = Class.forName(""org.mockito.exceptions.verification.junit.ArgumentsAreDifferent"");",2,0,0,1,2,0,4,2,0,8,98,7,0.02857,0,0,-1
defect4j,mockito,org/mockito/internal/verification/argumentmatching/ArgumentMatchingTool,32,28,            if (m instanceof ContainsExtraTypeInformation ,2,0,0,0,1,0,0,2,0,4,45,10,0.02857,0,0,-1
defect4j,mockito,org/mockito/exceptions/verification/junit/JUnitTool,32,30,            return throwable;,4,0,0,0,0,3,0,4,0,10,17,1,0.02857,0,0,-1
defect4j,mockito,org/mockito/internal/verification/argumentmatching/ArgumentMatchingTool,32,34,            i++;,2,0,0,0,0,0,4,0,0,7,4,4,0.02857,0,0,-1
defect4j,mockito,org/mockito/internal/invocation/Invocation,32,208,        if (isDeclaredOnInterface()) {,0,0,0,2,5,0,2,0,0,2,30,5,0.02857,0,0,-1
defect4j,mockito,org/mockito/exceptions/Reporter,32,227,"        String message = join(""Argument(s) are different! Wanted:"", ",2,0,0,1,3,0,2,2,0,7,59,4,0.02857,0,0,-1
defect4j,mockito,org/mockito/internal/verification/checkers/MissingInvocationChecker,32,35,            if (similar != null) {,6,0,0,1,3,2,0,8,0,17,22,1,0.02778,0,0,-1
defect4j,mockito,org/mockito/internal/verification/argumentmatching/ArgumentMatchingTool,32,26,        int i = 0;,2,0,0,0,0,0,0,0,0,2,10,5,0.02703,0,0,-1
defect4j,mockito,org/mockito/internal/verification/argumentmatching/ArgumentMatchingTool,32,36,        return suspicious.toArray(new Integer[0]);,0,0,0,2,4,1,4,2,0,6,42,5,0.02703,0,0,-1
defect4j,mockito,org/mockito/internal/invocation/InvocationsFinder,32,71,                firstSimilar = invocation;,4,0,0,0,0,0,0,0,0,5,26,8,0.02703,0,0,-1
defect4j,mockito,org/mockito/internal/invocation/InvocationsFinder,32,73,            if (wanted.hasSameMethod(invocation)) {,2,1,0,2,5,0,0,0,0,3,39,4,0.02703,0,0,-1
defect4j,mockito,org/mockito/internal/invocation/Invocation,32,215,        return this.getMethod().getDeclaringClass().isInterface();,2,0,0,3,6,2,0,2,0,5,58,2,0.02632,0,0,-1
defect4j,mockito,org/mockito/Mockito,32,997,"        return MOCKITO_CORE.mock((Class<T>) object.getClass(), withSettings()",0,0,0,3,7,1,10,4,0,14,69,5,0.02632,0,0,-1
defect4j,mockito,org/mockito/internal/reporting/PrintSettings,32,17,        this.multiline = multiline;,4,0,0,0,0,0,0,0,0,5,27,4,0.02439,0,0,-1
defect4j,mockito,org/mockito/internal/reporting/SmartPrinter,32,18,"    public SmartPrinter(PrintingFriendlyInvocation wanted, PrintingFriendlyInvocation actual, Integer ... indexesOfMatchersToBeDescribedWithExtraTypeInfo) {",8,0,0,1,3,1,0,6,0,15,152,2,0.02439,0,0,-1
defect4j,mockito,org/mockito/internal/reporting/SmartPrinter,32,19,        PrintSettings printSettings = new PrintSettings();,0,0,0,1,2,0,10,0,0,10,50,3,0.02439,0,0,-1
defect4j,mockito,org/mockito/internal/reporting/SmartPrinter,32,20,"        printSettings.setMultiline(wanted.toString().contains(""\n"") || actual.toString().contains(""\n""));",0,0,0,5,10,0,0,0,0,15,97,4,0.02439,0,0,-1
defect4j,mockito,org/mockito/internal/reporting/SmartPrinter,32,23,        this.wanted = wanted.toString(printSettings);,6,0,0,1,2,0,6,0,0,13,45,3,0.02439,0,0,-1
defect4j,mockito,org/mockito/internal/reporting/SmartPrinter,32,24,        this.actual = actual.toString(printSettings);,4,1,0,1,2,0,18,0,0,25,45,3,0.02439,0,0,-1
defect4j,mockito,org/mockito/internal/reporting/SmartPrinter,32,28,        return wanted;,2,0,0,0,0,1,0,0,0,2,14,4,0.02439,0,0,-1
defect4j,mockito,org/mockito/internal/reporting/SmartPrinter,32,32,        return actual;,2,0,0,0,0,1,0,0,0,2,14,4,0.02439,0,0,-1
defect4j,mockito,org/mockito/internal/invocation/InvocationMatcher,32,87,        final boolean overloadedButSameArgs = !methodEquals && safelyArgumentsMatch(candidate.getArguments());,4,1,0,2,4,1,6,0,0,13,102,4,0.02381,0,0,-1
defect4j,mockito,org/mockito/internal/invocation/InvocationMatcher,32,89,        return !overloadedButSameArgs;,2,0,0,0,0,1,0,0,0,3,30,4,0.02381,0,0,-1
defect4j,mockito,org/mockito/internal/verification/argumentmatching/ArgumentMatchingTool,32,15,public class ArgumentMatchingTool {,10,0,0,0,1,2,4,6,0,23,35,1,0.02326,0,0,-1
defect4j,mockito,org/mockito/internal/configuration/DefaultAnnotationEngine,32,38,        if (annotation instanceof MockitoAnnotations.Mock) {,4,0,0,1,3,2,0,6,0,12,52,1,0.02222,0,0,-1
defect4j,mockito,org/mockito/internal/configuration/DefaultAnnotationEngine,32,41,        if (annotation instanceof Captor) {,2,0,0,1,3,0,0,2,0,4,35,5,0.02222,0,0,-1
defect4j,mockito,org/mockito/internal/util/reflection/LenientCopyTool,32,16,"        copy(from, mock, from.getClass(), mock.getClass().getSuperclass());",0,0,0,4,8,0,16,0,0,16,67,5,0.02083,0,0,-1
defect4j,mockito,org/mockito/internal/util/reflection/FieldCopier,32,12,        Object value = field.get(from);,2,0,0,1,2,0,6,2,0,10,31,4,0.02041,0,0,-1
defect4j,mockito,org/mockito/internal/util/reflection/FieldCopier,32,14,    },2,0,0,0,1,0,10,0,0,13,1,4,0.02041,0,0,-1
defect4j,mockito,org/mockito/internal/util/reflection/LenientCopyTool,32,26,            fromClazz = fromClazz.getSuperclass();,4,0,0,1,2,0,4,0,0,10,38,1,0.02,0,0,-1
defect4j,mockito,org/mockito/internal/util/reflection/LenientCopyTool,32,31,        Field[] fields = classFrom.getDeclaredFields();,2,0,0,2,4,0,4,2,0,8,47,4,0.02,0,0,-1
defect4j,mockito,org/mockito/internal/util/reflection/LenientCopyTool,32,33,        for (int i = 0; i < fields.length; i++) {,10,1,0,1,3,0,0,0,0,12,41,4,0.02,0,0,-1
defect4j,mockito,org/mockito/internal/util/reflection/LenientCopyTool,32,35,            Field field = fields[i];,0,1,0,1,2,0,12,0,0,13,24,4,0.02,0,0,-1
defect4j,mockito,org/mockito/internal/util/reflection/LenientCopyTool,32,36,            if (Modifier.isStatic(field.getModifiers())) {,0,0,0,3,7,0,8,0,0,8,46,7,0.02,0,0,-1
defect4j,mockito,org/mockito/internal/util/reflection/LenientCopyTool,32,39,            AccessibilityChanger accessibilityChanger = new AccessibilityChanger();,2,0,0,1,2,0,0,4,0,6,71,6,0.02,0,0,-1
defect4j,mockito,org/mockito/internal/util/reflection/LenientCopyTool,32,42,"                fieldCopier.copyValue(from, mock, field);",0,0,0,1,2,0,10,0,0,10,41,9,0.02,0,0,-1
defect4j,mockito,org/mockito/internal/util/reflection/LenientCopyTool,32,11,public class LenientCopyTool {,2,0,0,0,1,1,0,0,0,3,30,1,0.01961,0,0,-1
defect4j,mockito,org/mockito/internal/util/reflection/LenientCopyTool,32,13,    FieldCopier fieldCopier = new FieldCopier();,2,0,0,1,2,0,0,4,0,6,44,2,0.01961,0,0,-1
defect4j,mockito,org/mockito/internal/util/reflection/LenientCopyTool,32,24,        while (fromClazz != Object.class) {,0,1,0,1,3,0,12,0,0,15,35,4,0.01961,0,0,-1
defect4j,mockito,org/mockito/internal/invocation/InvocationMatcher,32,78,        final boolean methodNameEquals = wantedMethodName.equals(currentMethodName);,2,0,0,1,2,1,6,0,0,9,76,4,0.01754,0,0,-1
defect4j,mockito,org/mockito/exceptions/verification/WantedButNotInvoked,33,20,        return new RemoveFirstLine().of(super.toString());,2,0,0,3,6,1,2,2,0,6,50,5,1.0,0,0,-1
defect4j,mockito,org/mockito/exceptions/Reporter,33,251,"            StringBuilder sb = new StringBuilder(""\nHowever, there were other interactions with this mock:\n"");",2,0,0,1,2,0,0,4,0,7,99,6,0.09091,0,0,-1
defect4j,mockito,org/mockito/exceptions/Reporter,33,252,            for (PrintableInvocation i : invocations) {,4,0,0,1,3,0,0,2,0,6,43,6,0.09091,0,0,-1
defect4j,mockito,org/mockito/exceptions/Reporter,33,253,                 sb.append(i.getLocation());,4,1,0,2,4,0,4,0,0,9,27,7,0.09091,0,0,-1
defect4j,mockito,org/mockito/exceptions/Reporter,33,256,            allInvocations = sb.toString();,2,0,0,1,2,0,8,2,0,13,31,1,0.09091,0,0,-1
defect4j,mockito,org/mockito/exceptions/Reporter,33,248,        if (invocations.isEmpty()) {,20,6,0,2,5,1,32,6,0,66,28,1,0.04348,0,0,-1
defect4j,mockito,org/mockito/exceptions/Reporter,33,259,        String message = createWantedButNotInvokedMessage(wanted);,2,0,0,1,2,0,4,2,0,8,58,4,0.04348,0,0,-1
defect4j,mockito,org/mockito/exceptions/Reporter,33,260,        throw new WantedButNotInvoked(message + allInvocations);,4,1,0,1,2,0,0,2,0,7,56,5,0.04348,0,0,-1
defect4j,mockito,org/mockito/internal/invocation/InvocationsFinder,33,78,        return firstSimilar;,2,1,0,0,0,1,0,2,0,5,20,4,0.03226,0,0,-1
defect4j,mockito,org/mockito/internal/invocation/InvocationsFinder,33,67,            if (!wanted.hasSimilarMethod(invocation)) {,6,0,0,2,5,0,20,4,0,30,43,3,0.01923,0,0,-1
defect4j,mockito,org/mockito/internal/invocation/InvocationMatcher,33,75,        String wantedMethodName = getMethod().getName();,2,0,1,2,4,0,8,2,0,17,48,3,0.01724,0,0,-1
defect4j,mockito,org/mockito/internal/invocation/InvocationMatcher,33,79,        final boolean isUnverified = !candidate.isVerified();,2,0,0,1,2,1,4,0,0,8,53,4,0.01724,0,0,-1
defect4j,mockito,org/mockito/internal/invocation/InvocationsFinder,33,65,        Invocation firstSimilar = null;,2,0,0,0,0,0,0,2,0,4,31,4,0.01563,0,0,-1
defect4j,mockito,org/mockito/internal/stubbing/defaultanswers/ReturnsEmptyValues,33,100,        } else if (type == HashMap.class) {,2,1,0,1,4,0,0,2,0,5,35,16,0.01399,0,0,-1
defect4j,mockito,org/mockito/internal/stubbing/defaultanswers/ReturnsEmptyValues,33,104,        } else if (type == TreeMap.class) {,2,1,0,1,4,0,0,2,0,5,35,18,0.01399,0,0,-1
defect4j,mockito,org/mockito/internal/stubbing/defaultanswers/ReturnsEmptyValues,33,106,        } else if (type == LinkedHashMap.class) {,2,1,0,1,4,0,6,2,0,11,41,3,0.01399,0,0,-1
defect4j,mockito,org/mockito/internal/stubbing/defaultanswers/ReturnsEmptyValues,33,94,        } else if (type == LinkedList.class) {,10,1,0,1,4,0,0,0,0,15,38,3,0.01394,0,0,-1
defect4j,mockito,org/mockito/internal/stubbing/defaultanswers/ReturnsEmptyValues,33,96,        } else if (type == ArrayList.class) {,6,1,0,1,4,0,0,2,0,10,37,0,0.01394,0,0,-1
defect4j,mockito,org/mockito/internal/stubbing/defaultanswers/ReturnsEmptyValues,33,98,        } else if (type == Map.class) {,2,1,0,1,4,0,0,2,0,5,31,15,0.01394,0,0,-1
defect4j,mockito,org/mockito/internal/stubbing/defaultanswers/ReturnsEmptyValues,33,80,        } else if (type == Collection.class) {,0,0,0,1,4,0,0,0,0,1,38,6,0.01375,0,0,-1
defect4j,mockito,org/mockito/internal/stubbing/defaultanswers/ReturnsEmptyValues,33,84,        } else if (type == HashSet.class) {,6,0,0,1,4,0,0,2,0,9,35,5,0.01375,0,0,-1
defect4j,mockito,org/mockito/internal/stubbing/defaultanswers/ReturnsEmptyValues,33,86,        } else if (type == SortedSet.class) {,2,1,0,1,4,0,0,2,0,5,37,9,0.01375,0,0,-1
defect4j,mockito,org/mockito/internal/stubbing/defaultanswers/ReturnsEmptyValues,33,88,        } else if (type == TreeSet.class) {,2,1,0,1,4,0,4,2,0,9,35,3,0.01375,0,0,-1
defect4j,mockito,org/mockito/internal/util/Primitives,33,30,"    private static Map<Class<?>, Class<?>> primitiveTypes = new HashMap<Class<?>, Class<?>>();",2,0,0,1,2,2,0,12,0,16,90,2,0.01183,0,0,-1
defect4j,mockito,org/mockito/internal/util/Primitives,33,31,"    private static Map<Class<?>, Object> primitiveValues = new HashMap<Class<?>, Object>();",2,0,0,1,2,2,0,12,0,16,87,2,0.01183,0,0,-1
defect4j,mockito,org/mockito/internal/util/Primitives,33,34,"        wrapperReturnValues.put(Boolean.class, Boolean.FALSE);",4,0,0,1,2,0,4,2,0,10,54,5,0.01183,0,0,-1
defect4j,mockito,org/mockito/internal/util/Primitives,33,37,"        wrapperReturnValues.put(Short.class, new Short((short) 0));",8,0,0,3,6,1,4,6,0,20,59,1,0.01183,0,0,-1
defect4j,mockito,org/mockito/internal/util/Primitives,33,40,"        wrapperReturnValues.put(Float.class, new Float(0));",10,2,0,2,4,3,0,4,0,21,51,1,0.01183,0,0,-1
defect4j,mockito,org/mockito/internal/util/Primitives,33,47,"        primitiveTypes.put(Byte.class, Byte.TYPE);",4,0,0,1,2,0,4,2,0,10,42,5,0.01183,0,0,-1
defect4j,mockito,org/mockito/internal/util/Primitives,33,48,"        primitiveTypes.put(Short.class, Short.TYPE);",4,0,0,1,2,0,4,2,0,10,44,5,0.01183,0,0,-1
defect4j,mockito,org/mockito/internal/util/Primitives,33,49,"        primitiveTypes.put(Integer.class, Integer.TYPE);",4,0,0,1,2,0,4,2,0,10,48,5,0.01183,0,0,-1
defect4j,mockito,org/mockito/internal/util/Primitives,33,50,"        primitiveTypes.put(Long.class, Long.TYPE);",4,0,0,1,2,0,4,2,0,10,42,5,0.01183,0,0,-1
defect4j,mockito,org/mockito/internal/util/Primitives,33,52,"        primitiveTypes.put(Double.class, Double.TYPE);",10,0,0,1,2,0,12,8,0,31,46,1,0.01183,0,0,-1
defect4j,mockito,org/mockito/internal/util/Primitives,33,61,"        primitiveValues.put(long.class, 0);",4,0,0,1,2,0,8,2,0,14,35,5,0.01183,0,0,-1
defect4j,mockito,org/mockito/internal/util/Primitives,33,62,"        primitiveValues.put(float.class, 0);",2,0,0,1,2,0,8,2,0,12,36,1,0.01183,0,0,-1
defect4j,mockito,org/mockito/internal/invocation/InvocationMatcher,33,95,        Method m1 = invocation.getMethod();,2,0,0,1,2,0,4,2,0,8,35,4,0.00935,0,0,-1
defect4j,mockito,org/mockito/internal/invocation/InvocationMatcher,33,96,        Method m2 = candidate.getMethod();,2,0,0,1,2,0,4,2,0,8,34,4,0.00935,0,0,-1
defect4j,mockito,org/mockito/internal/stubbing/defaultanswers/ReturnsEmptyValues,33,69,        Class<?> returnType = invocation.getMethod().getReturnType();,2,0,0,2,4,0,6,2,0,10,61,4,0.00928,0,0,-1
defect4j,mockito,org/mockito/internal/stubbing/defaultanswers/ReturnsEmptyValues,33,70,        return returnValueFor(returnType);,6,0,0,1,2,2,4,10,0,21,34,1,0.00928,0,0,-1
defect4j,mockito,org/mockito/internal/util/MockName,33,18,            this.mockName = toInstanceName(classToMock);,4,0,0,1,2,1,6,4,0,16,44,1,0.00915,0,0,-1
defect4j,mockito,org/mockito/internal/util/MockName,33,19,            this.surrogate = true;,0,2,0,0,0,0,12,2,0,17,22,4,0.00915,0,0,-1
defect4j,mockito,org/mockito/internal/util/MockName,33,32,"        return className.substring(0, 1).toLowerCase() + className.substring(1);",0,1,0,3,6,1,10,0,0,11,72,4,0.00915,0,0,-1
defect4j,mockito,org/mockito/internal/invocation/InvocationMatcher,33,49,        return this.matchers;,2,0,0,0,0,1,0,0,0,2,21,4,0.00897,0,0,-1
defect4j,mockito,org/mockito/internal/invocation/Invocation,33,86,        return mock;,2,0,0,0,0,1,0,0,0,2,12,4,0.00873,0,0,-1
defect4j,mockito,org/mockito/internal/stubbing/BaseStubbing,33,15,        return thenAnswer(new Returns(value));,2,0,0,2,4,1,2,2,0,6,38,5,0.00862,0,0,-1
defect4j,mockito,org/mockito/internal/verification/Times,33,38,"        numberOfInvocations.check(data.getAllInvocations(), data.getWanted(), wantedCount);",0,0,0,3,6,0,4,0,0,4,83,7,0.00862,0,0,-1
defect4j,mockito,org/mockito/internal/MockHandler,33,99,            Object ret = mockSettings.getDefaultAnswer().answer(invocation);,2,0,0,2,4,0,8,2,0,12,64,6,0.00851,0,0,-1
defect4j,mockito,org/mockito/internal/util/ObjectMethodsGuru,33,18,        return isToString(new DelegatingMethod(method));,2,0,0,2,4,1,2,2,0,6,48,5,0.00846,0,0,-1
defect4j,mockito,org/mockito/internal/util/ObjectMethodsGuru,33,22,        return method.getReturnType() == String.class && method.getParameterTypes().length == 0,6,4,0,2,4,2,8,6,0,25,87,1,0.00846,0,0,-1
defect4j,mockito,org/mockito/internal/matchers/AnyVararg,34,13,"public class AnyVararg extends ArgumentMatcher implements VarargMatcher, Serializable {",2,0,0,0,1,1,0,6,0,9,87,1,0.4,0,0,-1
defect4j,mockito,org/mockito/internal/matchers/AnyVararg,34,16,    public static final Matcher ANY_VARARG = new AnyVararg();,4,1,0,1,2,3,2,6,0,18,57,1,0.4,0,0,-1
defect4j,mockito,org/mockito/Matchers,34,221,        return (T) reportMatcher(AnyVararg.ANY_VARARG).returnNull();,4,0,0,3,6,1,4,2,0,10,60,5,0.2,0,0,-1
defect4j,mockito,org/mockito/internal/matchers/AnyVararg,34,19,        return true;,2,0,0,0,0,1,6,2,0,11,12,3,0.1,0,0,-1
defect4j,mockito,org/mockito/internal/invocation/ArgumentsComparator,34,54,                    actualMatcher = ((MatcherDecorator)m).getActualMatcher();,4,0,0,3,6,0,2,2,0,9,57,10,0.1,0,0,-1
defect4j,mockito,org/mockito/internal/matchers/LocalizedMatcher,34,66,        return actualMatcher;,2,0,0,0,0,1,0,0,0,2,21,4,0.1,0,0,-1
defect4j,mockito,org/mockito/internal/matchers/ArrayEquals,34,67,            return (Object[]) array;,2,0,0,2,4,1,0,2,0,4,24,7,0.1,0,0,-1
defect4j,mockito,org/mockito/internal/invocation/ArgumentsComparator,34,68,        return true;,2,0,0,0,0,1,0,0,0,2,12,5,0.1,0,0,-1
defect4j,mockito,org/mockito/internal/invocation/Invocation,34,76,            varArgs = ArrayEquals.createObjectArray(args[nonVarArgsCount]);,2,0,1,2,4,0,4,0,0,11,63,6,0.09756,0,0,-1
defect4j,mockito,org/mockito/internal/matchers/ArrayEquals,34,66,        if (array instanceof Object[]) {,2,0,0,2,5,0,0,2,0,4,32,5,0.09302,0,0,-1
defect4j,mockito,org/mockito/internal/invocation/Invocation,34,70,        final int nonVarArgsCount = args.length - 1;,10,1,0,0,0,1,0,0,0,13,44,3,0.09091,0,0,-1
defect4j,mockito,org/mockito/internal/invocation/Invocation,34,72,        if (args[nonVarArgsCount] == null) {,2,2,1,2,5,0,0,0,0,8,36,4,0.09091,0,0,-1
defect4j,mockito,org/mockito/internal/invocation/Invocation,34,78,        final int varArgsCount = varArgs.length;,6,0,0,0,0,1,0,0,0,7,40,4,0.09091,0,0,-1
defect4j,mockito,org/mockito/internal/invocation/Invocation,34,79,        Object[] newArgs = new Object[nonVarArgsCount + varArgsCount];,10,1,0,2,4,0,12,4,0,28,62,3,0.09091,0,0,-1
defect4j,mockito,org/mockito/internal/invocation/Invocation,34,82,        return newArgs;,6,0,0,0,0,1,4,2,0,12,15,3,0.09091,0,0,-1
defect4j,mockito,org/mockito/internal/MockitoCore,34,134,        OngoingStubbingImpl ongoingStubbing = ((OngoingStubbingImpl) mockingProgress.pullOngoingStubbing());,2,0,0,3,6,0,4,4,0,10,100,4,0.05882,0,0,-1
defect4j,mockito,org/mockito/internal/MockitoCore,34,135,        List<Invocation> allInvocations = ongoingStubbing.getRegisteredInvocations();,8,1,0,1,2,0,4,4,0,20,77,3,0.05882,0,0,-1
defect4j,mockito,org/mockito/internal/MockitoCore,34,136,        return allInvocations.get(allInvocations.size()-1);,0,1,0,2,4,1,8,0,0,9,51,5,0.05882,0,0,-1
defect4j,mockito,org/mockito/internal/invocation/ArgumentsComparator,34,48,            Matcher m = matchers.get(i);,2,0,0,1,2,0,6,2,0,10,28,6,0.05556,0,0,-1
defect4j,mockito,org/mockito/internal/util/Primitives,34,22,        return (Class<T>) primitiveTypes.get(clazz);,0,0,0,2,4,1,6,4,0,10,44,5,0.04545,0,0,-1
defect4j,mockito,org/mockito/internal/stubbing/defaultanswers/ReturnsEmptyValues,34,116,        } else if (type == Character.TYPE) {,6,1,0,1,4,0,0,0,0,7,36,5,0.0404,0,0,-1
defect4j,mockito,org/mockito/internal/stubbing/defaultanswers/ReturnsEmptyValues,34,119,            return 0;,0,0,0,0,0,1,4,2,0,6,9,5,0.0404,0,0,-1
defect4j,mockito,org/mockito/internal/invocation/ArgumentsComparator,34,41,        List<Matcher> matchers = invocationMatcher.getMatchers();,6,0,0,1,2,1,4,6,0,17,57,1,0.03333,0,0,-1
defect4j,mockito,org/mockito/internal/matchers/LocalizedMatcher,34,19,    public LocalizedMatcher(Matcher actualMatcher) {,4,0,0,1,3,1,0,2,0,7,48,2,0.0274,0,0,-1
defect4j,mockito,org/mockito/internal/matchers/LocalizedMatcher,34,20,        this.actualMatcher = actualMatcher;,2,0,0,0,0,0,0,4,0,6,35,2,0.0274,0,0,-1
defect4j,mockito,org/mockito/internal/matchers/LocalizedMatcher,34,21,        this.location = new Location();,2,0,0,1,2,0,4,0,0,7,31,4,0.0274,0,0,-1
defect4j,mockito,org/mockito/internal/progress/MockingProgressImpl,34,32,        IOngoingStubbing temp = iOngoingStubbing;,4,0,0,0,0,0,0,2,0,6,41,4,0.02367,0,0,-1
defect4j,mockito,org/mockito/internal/progress/MockingProgressImpl,34,34,        return temp;,4,0,0,0,0,1,0,8,0,12,12,3,0.02367,0,0,-1
defect4j,mockito,org/mockito/internal/invocation/InvocationMatcher,34,106,            if (m instanceof CapturesArguments) {,14,0,0,1,3,1,4,6,0,26,37,2,0.01709,1,0,-1
defect4j,mockito,org/mockito/internal/configuration/DefaultAnnotationEngine,34,27,        if (annotation instanceof Mock || annotation instanceof org.mockito.MockitoAnnotations.Mock) {,12,1,0,1,3,0,0,2,0,15,94,4,0.01423,0,0,-1
defect4j,mockito,org/mockito/internal/configuration/DefaultAnnotationEngine,34,28,"            return Mockito.mock(field.getType(), field.getName());",4,0,0,3,6,1,16,2,0,22,54,1,0.01423,0,0,-1
defect4j,mockito,org/mockito/MockitoAnnotations,34,97,"                Object mock = annotationEngine.createMockFor(annotation, field);",2,0,0,1,2,0,8,2,0,12,64,8,0.01418,0,0,-1
defect4j,mockito,org/mockito/MockitoAnnotations,34,100,                    field.setAccessible(true);,0,0,0,1,2,0,4,0,0,5,26,11,0.01418,0,0,-1
defect4j,mockito,org/mockito/MockitoAnnotations,34,106,                        field.setAccessible(wasAccessible);,2,0,0,1,2,0,10,0,0,13,35,4,0.01418,0,0,-1
defect4j,mockito,org/mockito/Mockito,34,741,"        return mock(classToMock, withSettings()",0,0,0,1,3,1,6,0,0,6,39,5,0.01418,0,0,-1
defect4j,mockito,org/mockito/internal/util/MockName,34,21,            this.mockName = mockName;,4,0,0,0,0,0,0,0,0,5,25,6,0.01404,0,0,-1
defect4j,mockito,org/mockito/internal/creation/MockSettingsImpl,34,56,        this.name = name;,4,0,0,0,0,0,0,0,0,5,17,4,0.01404,0,0,-1
defect4j,mockito,org/mockito/internal/invocation/InvocationMatcher,34,105,        for (Matcher m : matchers) {,4,0,0,1,3,0,0,2,0,6,28,4,0.0127,0,0,-1
defect4j,mockito,org/mockito/internal/invocation/SerializableMethod,34,24,    public SerializableMethod(Method method) {,4,0,0,1,3,1,0,2,0,7,42,2,0.01124,0,0,-1
defect4j,mockito,org/mockito/internal/invocation/SerializableMethod,34,26,        methodName = method.getName();,2,0,0,1,2,0,0,0,0,4,30,10,0.01124,0,0,-1
defect4j,mockito,org/mockito/internal/invocation/SerializableMethod,34,27,        parameterTypes = method.getParameterTypes();,2,0,0,1,2,0,4,0,0,7,44,4,0.01124,0,0,-1
defect4j,mockito,org/mockito/internal/invocation/SerializableMethod,34,28,        returnType = method.getReturnType();,2,0,0,1,2,0,4,0,0,7,36,4,0.01124,0,0,-1
defect4j,mockito,org/mockito/internal/invocation/SerializableMethod,34,29,        exceptionTypes = method.getExceptionTypes();,2,0,0,1,2,0,4,0,0,7,44,4,0.01124,0,0,-1
defect4j,mockito,org/mockito/internal/invocation/SerializableMethod,34,30,        isVarArgs = method.isVarArgs();,2,0,0,1,2,0,4,0,0,7,31,4,0.01124,0,0,-1
defect4j,mockito,org/mockito/internal/invocation/SerializableMethod,34,50,        return isVarArgs;,2,0,0,0,0,1,0,0,0,2,17,4,0.01124,0,0,-1
defect4j,mockito,org/mockito/ArgumentMatcher,34,57,public abstract class ArgumentMatcher<T> extends BaseMatcher<T> {,4,0,0,0,1,2,0,4,0,10,65,1,0.01117,0,0,-1
defect4j,mockito,org/mockito/internal/MockHandler,34,83,            mockingProgress.getDebuggingInfo().addPotentiallyUnstubbed(invocationMatcher);,0,0,0,2,4,0,8,0,0,8,78,7,0.01072,0,0,-1
defect4j,mockito,org/mockito/internal/invocation/Invocation,34,94,        return arguments;,2,0,0,0,0,1,0,0,0,2,17,4,0.01039,0,0,-1
defect4j,mockito,org/mockito/internal/progress/MockingProgressImpl,34,107,        return debuggingInfo;,2,0,0,0,0,1,0,0,0,2,21,4,0.01008,0,0,-1
defect4j,mockito,org/mockito/internal/util/ObjectMethodsGuru,34,22,        return method.getReturnType() == String.class && method.getParameterTypes().length == 0,2,4,0,2,4,1,8,2,0,16,87,4,0.00952,0,0,-1
defect4j,mockito,org/mockito/internal/MockHandler,34,91,            Object ret = mockSettings.getDefaultAnswer().answer(invocation);,2,0,0,2,4,0,8,2,0,12,64,6,0.00932,0,0,-1
defect4j,mockito,org/mockito/internal/MockHandler,34,99,            return ret;,2,0,0,0,0,1,0,0,0,2,11,6,0.00932,0,0,-1
defect4j,mockito,org/mockito/internal/creation/MockSettingsImpl,34,72,        return defaultAnswer;,2,0,0,0,0,1,0,0,0,2,21,4,0.00928,0,0,-1
defect4j,mockito,org/mockito/internal/stubbing/BaseStubbing,34,15,        return thenAnswer(new Returns(value));,2,0,0,2,4,1,2,2,0,6,38,5,0.00926,0,0,-1
defect4j,mockito,org/mockito/internal/creation/DelegatingMethod,34,25,        return method;,2,0,0,0,0,1,0,0,0,2,14,4,0.00907,0,0,-1
defect4j,mockito,org/mockito/internal/stubbing/BaseStubbing,34,13,"public abstract class BaseStubbing<T> implements OngoingStubbing<T>, DeprecatedOngoingStubbing<T> {",4,0,0,0,1,2,0,8,0,14,99,1,0.00881,0,0,-1
defect4j,mockito,org/mockito/internal/progress/MockingProgressImpl,34,28,        this.iOngoingStubbing = iOngoingStubbing;,4,0,0,0,0,0,0,0,0,5,41,4,0.00881,0,0,-1
defect4j,mockito,org/mockito/internal/MockHandler,34,76,        OngoingStubbingImpl<T> ongoingStubbing = new OngoingStubbingImpl<T>(invocationContainerImpl);,4,0,0,1,2,0,0,8,0,12,93,4,0.00881,0,0,-1
defect4j,mockito,org/mockito/internal/MockHandler,34,77,        mockingProgress.reportOngoingStubbing(ongoingStubbing);,0,0,0,1,2,0,10,0,0,11,55,3,0.00881,0,0,-1
defect4j,mockito,org/mockito/internal/MockHandler,34,79,        StubbedInvocationMatcher stubbedInvocation = invocationContainerImpl.findAnswerFor(invocation);,2,0,0,1,2,0,6,2,0,10,95,4,0.00881,0,0,-1
defect4j,mockito,org/mockito/internal/stubbing/InvocationContainerImpl,34,71,        for (StubbedInvocationMatcher s : stubbed) {,4,0,0,1,3,0,0,2,0,6,44,4,0.00877,0,0,-1
defect4j,mockito,org/mockito/internal/creation/DelegatingMockitoMethodProxy,34,18,        return methodProxy;,2,0,0,0,0,1,0,0,0,2,19,4,0.00862,0,0,-1
defect4j,mockito,org/mockito/internal/creation/DelegatingMockitoMethodProxy,34,14,        this.methodProxy = methodProxy;,4,0,0,0,0,0,0,0,0,5,31,4,0.0086,0,0,-1
defect4j,mockito,org/mockito/internal/MockHandler,34,69,        if (verificationMode != null) {,2,1,0,1,3,0,0,0,0,3,31,4,0.00855,0,0,-1
defect4j,mockito,org/mockito/internal/progress/ThreadSafeMockingProgress,34,38,        return threadSafely().pullVerificationMode();,2,1,0,2,4,1,4,0,0,7,45,3,0.00851,0,0,-1
defect4j,mockito,org/mockito/internal/progress/MockingProgressImpl,34,51,        if (verificationMode == null) {,2,1,0,1,3,0,0,0,0,3,31,4,0.00851,0,0,-1
defect4j,mockito,org/mockito/internal/MockHandler,34,64,"        InvocationMatcher invocationMatcher = matchersBinder.bindMatchers(mockingProgress.getArgumentMatcherStorage(),",2,0,0,1,3,0,8,2,0,12,110,4,0.00851,0,0,-1
defect4j,mockito,org/mockito/internal/progress/SequenceNumber,34,9,    private static int sequenceNumber = 1;,2,0,0,0,0,2,0,0,0,4,38,2,0.00837,0,0,-1
defect4j,mockito,org/mockito/internal/creation/DelegatingMethod,34,11,public class DelegatingMethod implements MockitoMethod {,4,0,0,0,1,1,0,2,0,7,56,2,0.00837,0,0,-1
defect4j,mockito,org/mockito/internal/creation/DelegatingMethod,34,15,    public DelegatingMethod(Method method) {,6,0,0,1,3,1,4,10,0,21,40,2,0.00837,0,0,-1
defect4j,mockito,org/mockito/internal/creation/DelegatingMethod,34,16,"        assert method != null : ""Method cannot be null"";",2,1,0,0,0,0,0,0,0,4,48,4,0.00837,0,0,-1
defect4j,mockito,org/mockito/internal/creation/DelegatingMethod,34,17,        this.method = method;,6,1,0,0,0,0,4,0,0,12,21,3,0.00837,0,0,-1
defect4j,mockito,org/mockito/internal/invocation/realmethod/CGLIBProxyRealMethod,34,17,    public CGLIBProxyRealMethod(MockitoMethodProxy methodProxy) {,6,0,0,1,3,1,0,4,0,12,61,1,0.00837,0,0,-1
defect4j,mockito,org/mockito/internal/invocation/realmethod/CGLIBProxyRealMethod,34,18,        this.methodProxy = methodProxy;,4,0,0,0,0,0,0,0,0,5,31,4,0.00837,0,0,-1
defect4j,mockito,org/mockito/Matchers,35,362,        return reportMatcher(new InstanceOf(clazz)).<T>returnNull();,2,0,0,3,6,1,4,4,0,10,60,5,0.5,1,0,-1
defect4j,mockito,org/mockito/internal/matchers/InstanceOf,35,16,    public InstanceOf(Class<?> clazz) {,4,0,0,1,3,1,0,2,0,7,35,2,0.44444,0,0,-1
defect4j,mockito,org/mockito/internal/matchers/InstanceOf,35,18,    },6,0,0,0,1,0,8,2,0,16,1,3,0.44444,0,0,-1
defect4j,mockito,org/mockito/internal/progress/MockingProgressImpl,35,98,        verificationMode = null;,4,0,0,0,0,0,4,2,0,11,24,3,0.22857,0,0,-1
defect4j,mockito,org/mockito/internal/matchers/Same,35,16,    public Same(Object wanted) {,4,0,0,1,3,1,0,2,0,7,28,2,0.2,0,0,-1
defect4j,mockito,org/mockito/Matchers,35,516,        return reportMatcher(new Same(value)).<T>returnNull();,2,0,0,3,6,1,4,4,0,10,54,5,0.2,1,0,-1
defect4j,mockito,org/mockito/internal/stubbing/defaultanswers/ReturnsEmptyValues,35,115,        } else if (type == Character.TYPE) {,6,1,0,1,4,0,0,0,0,7,36,5,0.17978,0,0,-1
defect4j,mockito,org/mockito/internal/matchers/LocalizedMatcher,35,17,    public LocalizedMatcher(Matcher actualMatcher) {,4,0,0,1,3,1,0,2,0,7,48,2,0.11511,0,0,-1
defect4j,mockito,org/mockito/internal/progress/HandyReturnValues,35,17,public class HandyReturnValues {,4,0,1,0,1,0,4,2,0,15,32,3,0.11511,0,0,-1
defect4j,mockito,org/mockito/internal/matchers/LocalizedMatcher,35,18,        this.actualMatcher = actualMatcher;,4,0,0,0,0,0,0,0,0,5,35,4,0.11511,0,0,-1
defect4j,mockito,org/mockito/internal/matchers/LocalizedMatcher,35,19,        this.location = new Location();,2,0,0,1,2,0,0,2,0,5,31,4,0.11511,0,0,-1
defect4j,mockito,org/mockito/Mockito,35,1395,        return VerificationModeFactory.times(wantedNumberOfInvocations);,4,0,0,1,2,1,6,0,0,11,64,3,0.07882,0,0,-1
defect4j,mockito,org/mockito/internal/verification/VerificationModeFactory,35,24,        return new Times(wantedNumberOfInvocations);,2,0,0,1,2,1,0,2,0,4,44,5,0.06667,0,0,-1
defect4j,mockito,org/mockito/internal/verification/Times,35,24,    public Times(int wantedNumberOfInvocations) {,4,0,0,1,3,1,0,0,0,5,45,2,0.06667,0,0,-1
defect4j,mockito,org/mockito/internal/verification/Times,35,25,        if (wantedNumberOfInvocations < 0) {,4,1,0,1,3,0,0,4,0,9,36,3,0.06667,0,0,-1
defect4j,mockito,org/mockito/internal/MockitoCore,35,66,        return mock;,2,0,0,0,0,1,0,0,0,2,12,4,0.06426,0,0,-1
defect4j,mockito,org/mockito/internal/debugging/Localized,35,13,    public Localized(T object) {,4,0,0,1,3,1,0,2,0,7,28,2,0.064,0,0,-1
defect4j,mockito,org/mockito/internal/debugging/Localized,35,16,    },0,0,0,0,1,0,0,0,0,1,1,6,0.064,0,0,-1
defect4j,mockito,org/mockito/internal/progress/MockingProgressImpl,35,39,        resetOngoingStubbing();,2,0,0,1,2,0,2,0,0,4,23,3,0.064,0,0,-1
defect4j,mockito,org/mockito/internal/progress/MockingProgressImpl,35,40,        verificationMode = new Localized(verify);,4,0,0,1,2,1,4,2,0,11,41,1,0.064,0,0,-1
defect4j,mockito,org/mockito/internal/MockitoCore,35,60,        if (mock == null) {,4,1,0,1,3,0,0,2,0,7,19,3,0.06154,0,0,-1
defect4j,mockito,org/mockito/internal/configuration/DefaultAnnotationEngine,35,27,        if (annotation instanceof Mock || annotation instanceof org.mockito.MockitoAnnotations.Mock) {,12,1,0,1,3,0,0,2,0,15,94,4,0.05882,0,0,-1
defect4j,mockito,org/mockito/internal/configuration/DefaultAnnotationEngine,35,28,"            return Mockito.mock(field.getType(), field.getName());",2,0,0,3,6,3,12,4,0,20,54,1,0.05882,0,0,-1
defect4j,mockito,org/mockito/Matchers,35,479,        return reportMatcher(new Equals(value)).<T>returnNull();,2,0,0,3,6,1,0,0,0,3,56,5,0.05882,1,0,-1
defect4j,mockito,org/mockito/MockitoAnnotations,35,97,"                Object mock = annotationEngine.createMockFor(annotation, field);",2,0,0,1,2,0,8,2,0,12,64,8,0.05861,0,0,-1
defect4j,mockito,org/mockito/MockitoAnnotations,35,99,                    boolean wasAccessible = field.isAccessible();,2,0,0,1,2,0,8,0,0,10,45,1,0.05861,0,0,-1
defect4j,mockito,org/mockito/MockitoAnnotations,35,106,                        field.setAccessible(wasAccessible);,4,0,0,1,2,0,6,0,0,11,35,3,0.05861,0,0,-1
defect4j,mockito,org/mockito/Mockito,35,749,"        return mock(classToMock, withSettings()",4,0,0,1,3,1,20,0,0,25,39,3,0.05861,0,0,-1
defect4j,mockito,org/mockito/internal/util/MockName,35,21,            this.mockName = mockName;,4,0,0,0,0,0,0,0,0,5,25,6,0.05776,0,0,-1
defect4j,mockito,org/mockito/internal/util/MockUtil,35,80,        return mock != null && isMockitoMock(mock);,2,2,0,1,2,1,4,0,0,9,43,4,0.05031,0,0,-1
defect4j,mockito,org/mockito/internal/invocation/Invocation,35,151,                matchers.add(new Equals(arg));,2,0,0,2,4,0,4,2,0,8,30,9,0.0479,0,0,-1
defect4j,mockito,org/mockito/internal/invocation/Invocation,35,148,            if (arg != null && arg.getClass().isArray()) {,0,0,0,3,7,0,4,0,0,4,46,5,0.04748,0,0,-1
defect4j,mockito,org/mockito/internal/matchers/Equals,35,16,    public Equals(Object wanted) {,4,0,0,1,3,1,0,2,0,7,30,2,0.04692,0,0,-1
defect4j,mockito,org/mockito/internal/matchers/Equals,35,17,        this.wanted = wanted;,4,0,0,0,0,0,0,0,0,5,21,4,0.04692,0,0,-1
defect4j,mockito,org/mockito/internal/util/MockUtil,35,87,            return (MethodInterceptorFilter) callback;,2,0,0,1,2,1,0,2,0,4,42,7,0.0452,0,0,-1
defect4j,mockito,org/mockito/internal/util/MockUtil,35,85,        Callback callback = factory.getCallback(0);,2,0,0,1,2,0,4,2,0,8,43,4,0.04507,0,0,-1
defect4j,mockito,org/mockito/internal/util/MockUtil,35,86,        if (callback instanceof MethodInterceptorFilter) {,2,0,0,1,3,0,8,2,0,12,50,3,0.04507,0,0,-1
defect4j,mockito,org/mockito/internal/stubbing/defaultanswers/ReturnsEmptyValues,35,69,        return returnValueFor(returnType);,2,0,0,1,2,3,4,6,0,14,34,1,0.04178,0,0,-1
defect4j,mockito,org/mockito/internal/configuration/GlobalConfiguration,35,60,        return globalConfiguration.get().getDefaultAnswer();,2,0,0,2,4,1,8,2,0,12,52,5,0.04145,0,0,-1
defect4j,mockito,org/mockito/internal/util/ObjectMethodsGuru,35,14,        return isToString(new DelegatingMethod(method));,2,0,0,2,4,1,2,2,0,6,48,5,0.03931,0,0,-1
defect4j,mockito,org/mockito/internal/util/ObjectMethodsGuru,35,18,        return method.getReturnType() == String.class && method.getParameterTypes().length == 0,2,0,0,2,4,3,0,12,0,16,87,2,0.03931,0,0,-1
defect4j,mockito,org/mockito/internal/MockHandler,35,97,            Object ret = mockSettings.getDefaultAnswer().answer(invocation);,2,0,0,2,4,0,8,2,0,12,64,6,0.03874,0,0,-1
defect4j,mockito,org/mockito/internal/MockHandler,35,105,            return ret;,2,0,0,0,0,1,0,0,0,2,11,6,0.03874,0,0,-1
defect4j,mockito,org/mockito/internal/creation/DelegatingMethod,35,21,        return method;,2,0,0,0,0,1,0,0,0,2,14,4,0.03756,0,0,-1
defect4j,mockito,org/mockito/internal/stubbing/BaseStubbing,35,13,"public abstract class BaseStubbing<T> implements OngoingStubbing<T>, DeprecatedOngoingStubbing<T> {",4,0,0,0,1,2,0,8,0,14,99,1,0.03653,0,0,-1
defect4j,mockito,org/mockito/internal/stubbing/OngoingStubbingImpl,35,18,            RegisteredInvocations registeredInvocations) {,0,0,0,0,2,0,0,0,0,2,46,4,0.03653,0,0,-1
defect4j,mockito,org/mockito/internal/stubbing/OngoingStubbingImpl,35,19,        this.mockitoStubber = mockitoStubber;,0,0,0,0,0,0,6,0,0,6,37,7,0.03653,0,0,-1
defect4j,mockito,org/mockito/internal/invocation/realmethod/FilteredCGLIBProxyRealMethod,36,27,        } catch (Throwable t) {,2,0,0,1,4,0,0,2,0,4,23,6,0.33333,0,0,-1
defect4j,mockito,org/mockito/internal/invocation/realmethod/FilteredCGLIBProxyRealMethod,36,29,            throw t;,6,0,0,0,0,3,0,4,0,13,8,1,0.33333,0,0,-1
defect4j,mockito,org/mockito/internal/util/MockName,36,18,            this.mockName = toInstanceName(classToMock);,2,0,0,1,2,0,4,0,0,7,44,6,0.00969,0,0,-1
defect4j,mockito,org/mockito/internal/util/MockName,36,19,            this.surrogate = true;,2,0,0,0,0,0,0,0,0,5,22,1,0.00969,0,0,-1
defect4j,mockito,org/mockito/internal/util/MockName,36,28,"        return className.substring(0, 1).toLowerCase() + className.substring(1);",0,1,0,3,6,1,10,0,0,11,72,4,0.00969,0,0,-1
defect4j,mockito,org/mockito/internal/invocation/Invocation,36,58,            return args == null ? new Object[0] : args;,4,1,0,1,2,1,0,2,0,7,43,7,0.00778,1,1,-1
defect4j,mockito,org/mockito/internal/stubbing/ConsecutiveStubbing,36,14,    public ConsecutiveStubbing(MockitoStubber mockitoStubber) {,4,0,0,1,3,1,0,2,0,7,59,2,0.00775,0,0,-1
defect4j,mockito,org/mockito/internal/creation/jmock/ClassImposterizer,36,117,        Class<?>[] all = new Class<?>[rest.length+1];,6,1,0,2,4,0,6,4,0,17,45,3,0.00756,0,0,-1
defect4j,mockito,org/mockito/internal/creation/jmock/ClassImposterizer,36,118,        all[0] = first;,2,0,0,1,2,0,0,0,0,2,15,4,0.00756,0,0,-1
defect4j,mockito,org/mockito/internal/creation/jmock/ClassImposterizer,36,119,"        System.arraycopy(rest, 0, all, 1, rest.length);",4,0,0,1,2,0,8,0,0,12,47,5,0.00756,0,0,-1
defect4j,mockito,org/mockito/internal/creation/jmock/ClassImposterizer,36,120,        return all;,2,0,0,0,0,1,0,0,0,2,11,4,0.00756,0,0,-1
defect4j,mockito,org/mockito/Mockito,36,1002,        return MOCKITO_CORE.when(methodCall);,22,6,1,1,2,1,40,8,0,85,37,1,0.00746,0,0,-1
defect4j,mockito,org/mockito/internal/verification/RegisteredInvocations,36,27,        invocations.remove(invocations.size()-1);,0,1,0,2,4,0,8,0,0,9,41,5,0.00735,0,0,-1
defect4j,mockito,org/mockito/internal/invocation/Invocation,36,45,        this.method = mockitoMethod;,4,0,0,0,0,0,4,2,0,11,28,1,0.00725,0,0,-1
defect4j,mockito,org/mockito/internal/invocation/Invocation,36,46,        this.mock = mock;,2,1,0,0,0,0,0,2,0,5,17,13,0.00725,0,0,-1
defect4j,mockito,org/mockito/internal/invocation/Invocation,36,48,"        this.arguments = expandVarArgs(mockitoMethod.isVarArgs(), args);",2,0,0,2,4,0,8,0,0,11,64,4,0.00725,0,0,-1
defect4j,mockito,org/mockito/internal/MockitoCore,36,44,        return stubbing;,12,1,0,0,0,2,4,8,0,26,16,1,0.00719,0,0,-1
defect4j,mockito,org/mockito/internal/invocation/SerializableMockitoMethod,36,18,    public SerializableMockitoMethod(Method method) {,4,0,0,1,3,1,0,2,0,7,49,2,0.00713,0,0,-1
defect4j,mockito,org/mockito/internal/invocation/SerializableMockitoMethod,36,20,        methodName = method.getName();,2,0,0,1,2,0,4,0,0,7,30,4,0.00713,0,0,-1
defect4j,mockito,org/mockito/internal/invocation/SerializableMockitoMethod,36,21,        parameterTypes = method.getParameterTypes();,12,0,0,1,2,0,16,4,0,34,44,1,0.00713,0,0,-1
defect4j,mockito,org/mockito/internal/invocation/SerializableMockitoMethod,36,24,        isVarArgs = method.isVarArgs();,2,0,0,1,2,0,4,0,0,7,31,4,0.00713,0,0,-1
defect4j,mockito,org/mockito/internal/debugging/DebuggingInfo,36,46,        Iterator<Invocation> i = unusedStubs.iterator();,2,0,0,1,2,0,4,4,0,10,48,4,0.00709,0,0,-1
defect4j,mockito,org/mockito/internal/debugging/DebuggingInfo,36,53,    },4,0,0,0,1,0,6,2,0,13,1,1,0.00709,0,0,-1
defect4j,mockito,org/mockito/internal/MockitoCore,36,54,        mockingProgress.stubbingStarted();,6,0,0,1,2,1,8,2,0,17,34,1,0.00704,0,0,-1
defect4j,mockito,org/mockito/internal/stubbing/MockitoStubber,36,64,                return s;,2,0,0,0,0,1,0,0,0,2,9,8,0.00699,0,0,-1
defect4j,mockito,org/mockito/internal/debugging/Location,36,20,    public Location(StackTraceFilter filter) {,4,0,0,1,3,0,0,0,0,5,42,6,0.00693,0,0,-1
defect4j,mockito,org/mockito/internal/debugging/Location,36,23,        if (filtered.length == 0) {,4,1,0,1,3,0,0,0,0,5,27,4,0.00693,0,0,-1
defect4j,mockito,org/mockito/internal/exceptions/base/StackTraceFilter,36,47,            top = new LinkedList<StackTraceElement>();,2,0,0,1,2,0,0,4,0,7,42,6,0.00687,0,0,-1
defect4j,mockito,org/mockito/internal/exceptions/base/StackTraceFilter,36,37,            lastBad = i;,4,0,0,0,0,0,0,0,0,4,12,4,0.00683,0,0,-1
defect4j,mockito,org/mockito/internal/exceptions/base/StackTraceFilter,36,15,"        boolean fromMockObject = e.getClassName().contains(""$$EnhancerByMockitoWithCGLIB$$"");",0,0,0,2,4,0,0,4,0,4,85,6,0.00681,0,0,-1
defect4j,mockito,org/mockito/internal/exceptions/base/StackTraceFilter,36,16,"        boolean fromOrgMockito = e.getClassName().startsWith(""org.mockito."");",4,0,0,2,4,0,10,2,0,17,69,4,0.00681,0,0,-1
defect4j,mockito,org/mockito/internal/exceptions/base/StackTraceFilter,36,17,"        boolean isRunner = e.getClassName().startsWith(""org.mockito.runners."");",2,0,0,2,4,0,6,0,0,9,71,5,0.00681,0,0,-1
defect4j,mockito,org/mockito/internal/exceptions/base/StackTraceFilter,36,19,        return (fromMockObject || fromOrgMockito) && !isRunner && !isInternalRunner;,8,2,0,1,2,1,0,0,0,12,76,4,0.00681,0,0,-1
defect4j,mockito,org/mockito/internal/exceptions/base/StackTraceFilter,36,34,            if (!this.isBad(unfilteredStackTrace.get(i))) {,0,0,0,3,7,0,8,0,0,9,47,6,0.00681,0,0,-1
defect4j,mockito,org/mockito/internal/exceptions/base/StackTraceFilter,36,29,        List<StackTraceElement> unfilteredStackTrace = Arrays.asList(target);,4,0,0,1,2,0,14,6,0,24,69,3,0.0068,0,0,-1
defect4j,mockito,org/mockito/internal/exceptions/base/StackTraceFilter,36,31,        int lastBad = -1;,2,0,0,0,0,0,0,0,0,3,17,5,0.0068,0,0,-1
defect4j,mockito,org/mockito/internal/exceptions/base/StackTraceFilter,36,32,        int firstBad = -1;,2,0,0,0,0,0,0,0,0,3,18,5,0.0068,0,0,-1
defect4j,mockito,org/mockito/internal/exceptions/base/StackTraceFilter,36,33,        for (int i = 0; i < unfilteredStackTrace.size(); i++) {,10,1,0,2,5,2,10,6,0,30,55,1,0.0068,0,0,-1
defect4j,mockito,org/mockito/internal/MockitoCore,36,39,        IOngoingStubbing stubbing = mockingProgress.pullOngoingStubbing();,2,0,0,1,2,0,4,2,0,8,66,4,0.0068,0,0,-1
defect4j,mockito,org/mockito/internal/exceptions/base/StackTraceFilter,36,44,        if (keepTop && firstBad != -1) {,4,2,0,1,3,0,4,2,0,13,32,4,0.0068,0,0,-1
defect4j,mockito,org/mockito/internal/exceptions/base/StackTraceFilter,36,50,"        List<StackTraceElement> bottom = unfilteredStackTrace.subList(lastBad + 1, unfilteredStackTrace.size());",4,1,0,2,4,0,8,4,0,17,104,4,0.0068,0,0,-1
defect4j,mockito,org/mockito/internal/exceptions/base/StackTraceFilter,36,51,        List<StackTraceElement> filtered = new ArrayList<StackTraceElement>(top);,4,0,0,1,2,0,0,8,0,12,73,4,0.0068,0,0,-1
defect4j,mockito,org/mockito/internal/stubbing/MockitoStubber,36,63,            if (s.matches(invocation)) {,8,0,0,2,5,0,10,2,0,21,28,1,0.0068,0,0,-1
defect4j,mockito,org/mockito/internal/creation/cglib/CGLIBHacker,36,11,public class CGLIBHacker implements Serializable {,6,0,0,0,1,2,0,4,0,12,50,1,0.00661,0,0,-1
defect4j,mockito,org/mockito/internal/util/MockName,36,16,"    public MockName(String mockName, Class classToMock) {",12,0,0,1,3,1,4,10,0,27,53,1,0.00661,0,0,-1
defect4j,mockito,org/mockito/internal/verification/RegisteredInvocations,36,17,public class RegisteredInvocations implements Serializable {,4,0,0,0,1,1,2,4,0,11,60,1,0.00661,0,0,-1
defect4j,mockito,org/mockito/internal/util/MockName,36,17,        if (mockName == null) {,2,1,0,1,3,0,0,0,0,3,23,4,0.00661,0,0,-1
defect4j,mockito,org/mockito/internal/verification/RegisteredInvocations,36,20,    private final List<Invocation> invocations = Collections.synchronizedList(new LinkedList<Invocation>());,2,0,0,2,4,2,4,8,0,16,104,2,0.00661,0,0,-1
defect4j,mockito,org/mockito/internal/stubbing/MockitoStubber,36,22,    private final LinkedList<StubbedInvocationMatcher> stubbed = new LinkedList<StubbedInvocationMatcher>();,2,0,0,1,2,2,0,8,0,12,104,2,0.00661,0,0,-1
defect4j,mockito,org/mockito/internal/creation/MethodInterceptorFilter,36,23,    CGLIBHacker cglibHacker = new CGLIBHacker();,2,0,0,1,2,0,0,4,0,6,44,2,0.00661,0,0,-1
defect4j,mockito,org/mockito/internal/creation/MethodInterceptorFilter,36,24,    ObjectMethodsGuru objectMethodsGuru = new ObjectMethodsGuru();,2,0,0,1,2,0,0,4,0,6,62,2,0.00661,0,0,-1
defect4j,mockito,org/mockito/internal/stubbing/MockitoStubber,36,28,    public MockitoStubber(MockingProgress mockingProgress) {,4,0,0,1,3,1,0,2,0,7,56,2,0.00661,0,0,-1
defect4j,mockito,org/mockito/internal/creation/MethodInterceptorFilter,36,28,        this.mockHandler = mockHandler;,6,0,0,0,0,0,8,2,0,17,31,1,0.00661,0,0,-1
defect4j,mockito,org/mockito/internal/stubbing/MockitoStubber,36,29,        this.mockingProgress = mockingProgress;,0,0,0,0,0,0,8,0,0,9,39,3,0.00661,0,0,-1
defect4j,mockito,org/mockito/internal/creation/MethodInterceptorFilter,36,29,        this.mockSettings = mockSettings;,4,0,0,0,0,0,0,0,0,5,33,4,0.00661,0,0,-1
defect4j,mockito,org/mockito/internal/creation/MethodInterceptorFilter,36,30,    },2,0,0,0,1,0,4,2,0,8,1,4,0.00661,0,0,-1
defect4j,mockito,org/mockito/internal/verification/RegisteredInvocations,36,34,    private static class RemoveToString implements Filter<Invocation> {,2,0,0,0,1,2,0,4,0,8,67,2,0.00661,0,0,-1
defect4j,mockito,org/mockito/internal/util/MockUtil,36,37,"        creationValidator.validateMockedType(classToMock, settings.getSpiedInstance());",0,0,0,2,4,0,10,0,0,10,79,5,0.00661,0,0,-1
defect4j,mockito,org/mockito/internal/util/MockUtil,36,39,"        MockName mockName = new MockName(settings.getMockName(), classToMock);",4,0,0,2,4,0,4,4,0,12,70,4,0.00661,0,0,-1
defect4j,mockito,org/mockito/internal/MockHandler,36,40,        this.mockName = mockName;,4,0,0,0,0,0,0,0,0,5,25,4,0.00661,0,0,-1
defect4j,mockito,org/mockito/internal/MockHandler,36,41,        this.mockingProgress = mockingProgress;,4,0,0,0,0,0,0,0,0,5,39,4,0.00661,0,0,-1
defect4j,mockito,org/mockito/internal/util/MockUtil,36,41,"        MethodInterceptorFilter filter = new MethodInterceptorFilter(mockHandler, settings);",6,0,0,1,2,0,4,4,0,14,84,1,0.00661,0,0,-1
defect4j,mockito,org/mockito/internal/MockHandler,36,42,        this.matchersBinder = matchersBinder;,2,0,0,0,0,0,4,0,0,7,37,4,0.00661,0,0,-1
defect4j,mockito,org/mockito/internal/util/MockUtil,36,42,        Class<?>[] interfaces = settings.getExtraInterfaces();,2,0,0,2,4,0,4,2,0,8,54,4,0.00661,0,0,-1
defect4j,mockito,org/mockito/internal/MockHandler,36,43,        this.mockSettings = mockSettings;,8,1,0,0,0,0,0,4,0,14,33,3,0.00661,0,0,-1
defect4j,mockito,org/mockito/internal/util/MockUtil,36,43,        Class<?>[] ancillaryTypes = interfaces == null ? new Class<?>[0] : interfaces;,6,1,0,2,4,0,6,4,0,17,78,3,0.00661,0,0,-1
defect4j,mockito,org/mockito/internal/MockHandler,36,44,        this.mockitoStubber = new MockitoStubber(mockingProgress);,2,1,0,1,2,0,0,2,0,5,58,12,0.00661,0,0,-1
defect4j,mockito,org/mockito/internal/util/MockUtil,36,44,        Object spiedInstance = settings.getSpiedInstance();,2,0,0,1,2,0,4,2,0,8,51,4,0.00661,0,0,-1
defect4j,mockito,org/mockito/internal/MockHandler,36,45,        this.registeredInvocations = new RegisteredInvocations();,4,0,0,1,2,1,0,2,0,7,57,2,0.00661,0,0,-1
defect4j,mockito,org/mockito/internal/util/MockUtil,36,46,"        T mock = ClassImposterizer.INSTANCE.imposterise(filter, classToMock, ancillaryTypes);",6,0,0,1,2,0,8,2,0,16,85,4,0.00661,0,0,-1
defect4j,mockito,org/mockito/internal/util/MockUtil,36,52,        return mock;,0,1,0,0,0,1,10,0,0,11,12,4,0.00661,0,0,-1
defect4j,mockito,org/mockito/internal/util/CreationValidator,36,14,        if (!ClassImposterizer.INSTANCE.canImposterise(classToMock)) {,4,0,0,2,5,0,4,0,0,9,62,4,0.0066,0,0,-1
defect4j,mockito,org/mockito/internal/util/MockUtil,36,36,"        creationValidator.validateExtraInterfaces(classToMock, settings.getExtraInterfaces());",2,0,0,2,4,0,14,0,0,17,86,3,0.0066,0,0,-1
defect4j,mockito,org/mockito/internal/creation/MockSettingsImpl,36,50,        return spiedInstance;,2,0,0,0,0,1,0,0,0,2,21,4,0.0066,0,0,-1
defect4j,mockito,org/mockito/internal/creation/MockSettingsImpl,36,46,        return extraInterfaces;,2,0,0,0,0,1,0,0,0,2,23,4,0.00658,0,0,-1
defect4j,mockito,org/mockito/internal/util/MockName,37,18,            this.mockName = toInstanceName(classToMock);,0,0,0,1,2,0,0,0,0,1,44,4,0.0221,0,0,-1
defect4j,mockito,org/mockito/internal/util/MockName,37,26,        String className = clazz.getSimpleName();,2,0,0,1,2,0,4,2,0,8,41,4,0.0221,0,0,-1
defect4j,mockito,org/mockito/internal/stubbing/answers/AnswersValidator,37,11,public class AnswersValidator {,8,3,0,0,1,1,0,0,0,12,31,1,0.02139,0,0,-1
defect4j,mockito,org/mockito/internal/creation/jmock/ClassImposterizer,37,117,        Class<?>[] all = new Class<?>[rest.length+1];,6,1,0,2,4,0,0,4,0,11,45,4,0.01724,0,0,-1
defect4j,mockito,org/mockito/internal/creation/jmock/ClassImposterizer,37,118,        all[0] = first;,6,0,0,1,2,0,0,4,0,10,15,6,0.01724,0,0,-1
defect4j,mockito,org/mockito/internal/creation/jmock/ClassImposterizer,37,120,        return all;,4,1,0,0,0,1,2,0,0,7,11,4,0.01724,0,0,-1
defect4j,mockito,org/mockito/internal/invocation/Invocation,37,58,            return args == null ? new Object[0] : args;,4,1,0,1,2,1,0,2,0,7,43,7,0.01626,0,0,-1
defect4j,mockito,org/mockito/internal/invocation/SerializableMockitoMethod,37,19,        declaringClass = method.getDeclaringClass();,4,0,0,1,2,2,10,2,0,19,44,1,0.01521,0,0,-1
defect4j,mockito,org/mockito/internal/invocation/SerializableMockitoMethod,37,20,        methodName = method.getName();,2,0,0,1,2,0,4,0,0,7,30,4,0.01521,0,0,-1
defect4j,mockito,org/mockito/internal/invocation/SerializableMockitoMethod,37,22,        returnType = method.getReturnType();,4,0,0,1,2,0,4,4,0,13,36,3,0.01521,0,0,-1
defect4j,mockito,org/mockito/internal/invocation/SerializableMockitoMethod,37,23,        exceptionTypes = method.getExceptionTypes();,2,0,0,1,2,0,4,0,0,7,44,4,0.01521,0,0,-1
defect4j,mockito,org/mockito/internal/invocation/SerializableMockitoMethod,37,24,        isVarArgs = method.isVarArgs();,2,0,0,1,2,0,4,0,0,7,31,4,0.01521,0,0,-1
defect4j,mockito,org/mockito/internal/invocation/SerializableMockitoMethod,37,44,        return isVarArgs;,2,0,0,0,0,1,0,0,0,2,17,4,0.01521,0,0,-1
defect4j,mockito,org/mockito/internal/invocation/Invocation,37,44,"    public Invocation(Object mock, MockitoMethod mockitoMethod, Object[] args, int sequenceNumber, RealMethod realMethod) {",14,0,0,2,5,1,6,10,0,32,119,2,0.01521,0,0,-1
defect4j,mockito,org/mockito/internal/invocation/Invocation,37,46,        this.mock = mock;,4,0,0,0,0,0,0,0,0,5,17,4,0.01521,0,0,-1
defect4j,mockito,org/mockito/internal/invocation/Invocation,37,48,"        this.arguments = expandVarArgs(mockitoMethod.isVarArgs(), args);",2,0,0,2,4,0,8,0,0,11,64,4,0.01521,0,0,-1
defect4j,mockito,org/mockito/internal/invocation/Invocation,37,49,        this.rawArguments = args;,4,0,0,0,0,0,0,0,0,5,25,4,0.01521,0,0,-1
defect4j,mockito,org/mockito/internal/debugging/Location,37,20,    public Location(StackTraceFilter filter) {,4,0,0,1,3,1,0,2,0,7,42,2,0.01481,0,0,-1
defect4j,mockito,org/mockito/internal/debugging/Location,37,22,"        StackTraceElement[] filtered = filter.filter(stackTrace, false);",2,0,0,2,4,0,6,2,0,11,64,4,0.01481,0,0,-1
defect4j,mockito,org/mockito/internal/debugging/Location,37,23,        if (filtered.length == 0) {,4,1,0,1,3,0,0,0,0,5,27,4,0.01481,0,0,-1
defect4j,mockito,org/mockito/internal/exceptions/base/StackTraceFilter,37,47,            top = new LinkedList<StackTraceElement>();,2,0,0,1,2,0,0,4,0,7,42,6,0.01481,0,0,-1
defect4j,mockito,org/mockito/internal/exceptions/base/StackTraceFilter,37,15,"        boolean fromMockObject = e.getClassName().contains(""$$EnhancerByMockitoWithCGLIB$$"");",2,0,0,2,4,0,6,0,0,9,85,5,0.01471,0,0,-1
defect4j,mockito,org/mockito/internal/exceptions/base/StackTraceFilter,37,16,"        boolean fromOrgMockito = e.getClassName().startsWith(""org.mockito."");",2,0,0,2,4,0,6,0,0,9,69,5,0.01471,0,0,-1
defect4j,mockito,org/mockito/internal/exceptions/base/StackTraceFilter,37,18,"        boolean isInternalRunner = e.getClassName().startsWith(""org.mockito.internal.runners."");",6,0,0,2,4,0,6,0,0,14,88,3,0.01471,0,0,-1
defect4j,mockito,org/mockito/internal/exceptions/base/StackTraceFilter,37,31,        int lastBad = -1;,4,0,0,0,0,0,4,2,0,11,17,4,0.01471,0,0,-1
defect4j,mockito,org/mockito/internal/exceptions/base/StackTraceFilter,37,32,        int firstBad = -1;,2,0,0,0,0,0,0,0,0,3,18,5,0.01471,0,0,-1
defect4j,mockito,org/mockito/internal/exceptions/base/StackTraceFilter,37,33,        for (int i = 0; i < unfilteredStackTrace.size(); i++) {,6,1,0,2,5,0,4,0,0,12,55,4,0.01471,0,0,-1
defect4j,mockito,org/mockito/internal/exceptions/base/StackTraceFilter,37,34,            if (!this.isBad(unfilteredStackTrace.get(i))) {,0,0,0,3,7,0,12,4,0,17,47,1,0.01471,0,0,-1
defect4j,mockito,org/mockito/internal/exceptions/base/StackTraceFilter,37,44,        if (keepTop && firstBad != -1) {,4,2,0,1,3,0,0,0,0,7,32,4,0.01471,0,0,-1
defect4j,mockito,org/mockito/internal/exceptions/base/StackTraceFilter,37,51,        List<StackTraceElement> filtered = new ArrayList<StackTraceElement>(top);,4,0,0,1,2,0,0,8,0,12,73,4,0.01471,0,0,-1
defect4j,mockito,org/mockito/internal/creation/jmock/SerializableNoOp,37,8,"public class SerializableNoOp implements NoOp, Serializable {",2,0,0,0,1,1,0,4,0,7,61,1,0.01365,0,0,-1
defect4j,mockito,org/mockito/internal/util/ObjectMethodsGuru,37,9,public class ObjectMethodsGuru implements Serializable {,2,0,0,0,1,1,0,2,0,5,56,1,0.01365,0,0,-1
defect4j,mockito,org/mockito/internal/util/CreationValidator,37,14,        if (!ClassImposterizer.INSTANCE.canImposterise(classToMock)) {,6,0,0,2,5,1,12,4,0,24,62,1,0.01365,0,0,-1
defect4j,mockito,org/mockito/internal/invocation/MatchersBinder,37,15,public class MatchersBinder implements Serializable {,2,0,0,0,1,1,0,2,0,5,53,1,0.01365,0,0,-1
defect4j,mockito,org/mockito/internal/verification/RegisteredInvocations,37,17,public class RegisteredInvocations implements Serializable {,2,0,0,0,1,1,0,2,0,5,60,1,0.01365,0,0,-1
defect4j,mockito,org/mockito/internal/util/MockName,37,17,        if (mockName == null) {,2,1,0,1,3,0,0,0,0,3,23,4,0.01365,0,0,-1
defect4j,mockito,org/mockito/internal/util/CreationValidator,37,17,    },2,0,0,0,1,2,0,8,0,12,1,2,0.01365,0,0,-1
defect4j,mockito,org/mockito/internal/stubbing/MockitoStubber,37,18,"@SuppressWarnings(""unchecked"")",2,0,0,1,2,0,0,0,0,3,30,2,0.01365,0,0,-1
defect4j,mockito,org/mockito/internal/creation/jmock/ClassImposterizer,37,21,    public static final ClassImposterizer INSTANCE = new ClassImposterizer();,2,0,0,1,2,3,0,4,0,9,73,2,0.01365,0,0,-1
defect4j,mockito,org/mockito/Matchers,38,202,        return (T) reportMatcher(Any.ANY).returnNull();,4,0,0,3,6,1,4,2,0,10,47,5,0.25,0,0,-1
defect4j,mockito,org/mockito/internal/verification/argumentmatching/ArgumentMatchingTool,38,25,        List<Integer> suspicious = new LinkedList<Integer>();,4,0,0,1,2,0,4,0,0,8,53,5,0.12903,0,0,-1
defect4j,mockito,org/mockito/internal/verification/argumentmatching/ArgumentMatchingTool,38,27,        for (Matcher m : matchers) {,12,0,0,1,3,0,4,4,0,21,28,1,0.12903,0,0,-1
defect4j,mockito,org/mockito/internal/matchers/Any,38,13,    public static final Any ANY = new Any();    ,0,0,0,1,2,0,0,0,0,1,40,6,0.11111,0,0,-1
defect4j,mockito,org/mockito/internal/verification/argumentmatching/ArgumentMatchingTool,38,15,public class ArgumentMatchingTool {,2,0,0,0,1,1,0,0,0,3,35,1,0.11111,0,0,-1
defect4j,mockito,org/mockito/internal/verification/argumentmatching/ArgumentMatchingTool,38,21,        if (matchers.size() != arguments.length) {,4,1,0,2,5,0,4,0,0,9,42,4,0.11111,0,0,-1
defect4j,mockito,org/mockito/internal/matchers/Equals,38,35,            text+=object.toString();,2,0,0,1,2,0,4,0,0,7,24,6,0.11111,0,0,-1
defect4j,mockito,org/mockito/internal/matchers/Equals,38,31,        String text = quoting();,4,0,0,1,2,0,8,4,0,16,24,4,0.10811,0,0,-1
defect4j,mockito,org/mockito/internal/matchers/Equals,38,32,        if (object == null) {,2,1,0,1,3,0,0,0,0,3,21,4,0.10811,0,0,-1
defect4j,mockito,org/mockito/internal/matchers/Equals,38,38,        return text;,4,0,0,0,0,4,12,6,0,25,12,1,0.10811,0,0,-1
defect4j,mockito,org/mockito/internal/matchers/Equals,38,42,        if (wanted instanceof String) {,2,0,0,1,3,0,0,2,0,4,31,5,0.10811,0,0,-1
defect4j,mockito,org/mockito/internal/matchers/Equals,38,15,    public Equals(Object wanted) {,4,1,0,1,3,1,12,2,0,22,30,2,0.04545,0,0,-1
defect4j,mockito,org/mockito/internal/matchers/Equals,38,16,        this.wanted = wanted;,6,0,0,0,0,0,4,0,0,12,21,3,0.04545,0,0,-1
defect4j,mockito,org/mockito/ArgumentMatcher,38,60,public abstract class ArgumentMatcher<T> extends BaseMatcher<T> {,2,0,0,0,1,0,4,0,0,7,65,4,0.04494,0,0,-1
defect4j,mockito,org/mockito/internal/configuration/ClassPathLoader,38,10,public class ClassPathLoader {,2,0,0,0,1,1,0,4,0,7,30,1,0.04,0,0,-1
defect4j,mockito,org/mockito/internal/progress/ThreadSafeMockingProgress,38,13,    private static ThreadLocal<MockingProgress> mockingProgress = new ThreadLocal<MockingProgress>();,2,0,0,1,2,2,0,8,0,12,97,2,0.04,0,0,-1
defect4j,mockito,org/mockito/internal/debugging/DebuggingInfo,38,15,public class DebuggingInfo {,2,0,0,0,1,1,0,0,0,3,28,1,0.04,0,0,-1
defect4j,mockito,org/mockito/internal/progress/MockingProgressImpl,38,16,public class MockingProgressImpl implements MockingProgress {,2,0,0,0,1,1,0,2,0,5,61,1,0.04,0,0,-1
defect4j,mockito,org/mockito/internal/debugging/DebuggingInfo,38,17,    private final List<Invocation> unusedStubs = new LinkedList<Invocation>();,12,0,0,1,2,2,0,10,0,24,74,0,0.04,0,0,-1
defect4j,mockito,org/mockito/internal/progress/ThreadSafeMockingProgress,38,17,            mockingProgress.set(new MockingProgressImpl());,0,0,0,2,4,0,4,2,0,6,47,7,0.04,0,0,-1
defect4j,mockito,org/mockito/internal/progress/MockingProgressImpl,38,18,    private final Reporter reporter = new Reporter();,2,0,0,1,2,2,0,4,0,8,49,2,0.04,0,0,-1
defect4j,mockito,org/mockito/internal/debugging/DebuggingInfo,38,18,    private final List<InvocationMatcher> unstubbedInvocations = new LinkedList<InvocationMatcher>();,6,0,0,1,2,2,0,8,0,17,97,1,0.04,0,0,-1
defect4j,mockito,org/mockito/internal/progress/ThreadSafeMockingProgress,38,19,        return mockingProgress.get();,2,0,0,1,2,1,8,2,0,13,29,3,0.04,0,0,-1
defect4j,mockito,org/mockito/configuration/DefaultMockitoConfiguration,38,20,public class DefaultMockitoConfiguration implements IMockitoConfiguration {,2,0,0,0,1,1,0,2,0,5,75,1,0.04,0,0,-1
defect4j,mockito,org/mockito/internal/configuration/DefaultAnnotationEngine,38,20,public class DefaultAnnotationEngine implements AnnotationEngine {,2,0,0,0,1,1,0,2,0,5,66,1,0.04,0,0,-1
defect4j,mockito,org/mockito/internal/progress/MockingProgressImpl,38,21,    private final DebuggingInfo debuggingInfo = new DebuggingInfo();,4,0,0,1,2,3,0,4,0,11,64,0,0.04,0,0,-1
defect4j,mockito,org/mockito/internal/configuration/GlobalConfiguration,38,23,        return globalConfiguration.get();,4,0,0,1,2,1,4,2,0,10,33,3,0.04,0,0,-1
defect4j,mockito,org/mockito/internal/progress/MockingProgressImpl,38,25,    private Location stubbingInProgress = null;,0,0,0,0,0,0,6,0,0,6,43,6,0.04,0,0,-1
defect4j,mockito,org/mockito/internal/configuration/GlobalConfiguration,38,26,    public GlobalConfiguration() {,2,0,0,1,3,1,0,0,0,3,30,2,0.04,0,0,-1
defect4j,mockito,org/mockito/internal/configuration/ClassPathLoader,38,27,            return (IMockitoConfiguration) configClass.newInstance();,0,0,0,2,4,1,10,2,0,12,57,3,0.04,0,0,-1
defect4j,mockito,org/mockito/internal/configuration/GlobalConfiguration,38,28,        if (globalConfiguration.get() == null) {,4,0,0,2,5,0,10,4,0,18,40,3,0.04,0,0,-1
defect4j,mockito,org/mockito/internal/configuration/GlobalConfiguration,38,35,        IMockitoConfiguration defaultConfiguration = new DefaultMockitoConfiguration();,2,0,0,1,2,0,6,2,0,10,79,6,0.04,0,0,-1
defect4j,mockito,org/mockito/internal/configuration/GlobalConfiguration,38,36,        IMockitoConfiguration config = new ClassPathLoader().loadConfiguration();,4,0,0,2,4,0,0,0,0,5,73,4,0.04,0,0,-1
defect4j,mockito,org/mockito/internal/configuration/GlobalConfiguration,38,37,        if (config != null) {,0,0,0,1,3,0,10,0,0,11,21,3,0.04,0,0,-1
defect4j,mockito,org/mockito/internal/progress/ThreadSafeMockingProgress,38,43,        threadSafely().validateState();,2,1,0,2,4,0,4,0,0,8,31,3,0.04,0,0,-1
defect4j,mockito,org/mockito/exceptions/Reporter,38,43,public class Reporter {,2,0,0,0,1,1,0,0,0,3,23,1,0.04,0,0,-1
defect4j,mockito,org/mockito/internal/progress/MockingProgressImpl,38,68,        GlobalConfiguration.validate();,0,1,0,1,2,0,14,2,0,17,31,3,0.04,0,0,-1
defect4j,mockito,org/mockito/internal/progress/MockingProgressImpl,38,70,        if (verificationMode != null) {,2,1,0,1,3,0,0,0,0,3,31,4,0.04,0,0,-1
defect4j,mockito,org/mockito/internal/progress/MockingProgressImpl,38,76,        if (stubbingInProgress != null) {,2,1,0,1,3,0,0,0,0,3,33,4,0.04,0,0,-1
defect4j,mockito,org/mockito/MockitoAnnotations,38,81,        if (testClass == null) {,2,1,0,1,3,0,0,0,0,3,24,4,0.04,0,0,-1
defect4j,mockito,org/mockito/MockitoAnnotations,38,86,        while (clazz != Object.class) {,2,1,0,1,3,0,0,2,0,5,31,4,0.04,0,0,-1
defect4j,mockito,org/mockito/MockitoAnnotations,38,93,        AnnotationEngine annotationEngine = new GlobalConfiguration().getAnnotationEngine();,2,0,0,2,4,0,2,4,0,8,84,4,0.04,0,0,-1
defect4j,mockito,org/mockito/MockitoAnnotations,38,94,        Field[] fields = clazz.getDeclaredFields();,2,0,0,2,4,0,4,2,0,8,43,4,0.04,0,0,-1
defect4j,mockito,org/mockito/MockitoAnnotations,38,95,        for (Field field : fields) {,4,0,0,1,3,0,0,2,0,6,28,4,0.04,0,0,-1
defect4j,mockito,org/mockito/MockitoAnnotations,38,111,    },2,0,0,0,1,2,0,8,0,12,1,2,0.04,0,0,-1
defect4j,mockito,org/mockito/internal/matchers/Equals,38,44,        } else if (wanted instanceof Character) {,4,0,0,1,4,0,0,2,0,7,41,3,0.03571,0,0,-1
defect4j,mockito,org/mockito/internal/invocation/InvocationsFinder,38,73,                return invocation;,2,0,0,0,0,1,2,0,0,4,18,1,0.03571,0,0,-1
defect4j,mockito,org/mockito/internal/invocation/InvocationsFinder,38,69,            if (firstSimilar == null) {,2,0,0,1,3,0,0,2,0,4,27,7,0.03226,0,0,-1
defect4j,mockito,org/mockito/internal/verification/checkers/MissingInvocationChecker,38,37,                ArgumentMatchingTool argumentMatchingTool = new ArgumentMatchingTool();,2,0,0,1,2,0,0,4,0,6,71,8,0.03125,0,0,-1
defect4j,mockito,org/mockito/internal/verification/checkers/MissingInvocationChecker,38,35,"            Invocation similar = finder.findSimilarInvocation(invocations, wanted);",2,0,0,1,2,0,8,2,0,12,71,6,0.02941,0,0,-1
defect4j,mockito,org/mockito/internal/invocation/InvocationMatcher,38,37,        return invocation.getMethod();,2,0,0,1,2,3,4,0,0,8,30,1,0.02857,0,0,-1
defect4j,mockito,org/mockito/internal/invocation/InvocationMatcher,38,83,        String wantedMethodName = getMethod().getName();,4,0,0,2,4,0,4,2,0,10,48,5,0.02857,0,0,-1
defect4j,mockito,org/mockito/internal/invocation/InvocationMatcher,1,123,            throw new UnsupportedOperationException();,0,0,0,1,2,0,0,2,0,2,42,8,0.0,1,0,-1
defect4j,mockito,org/mockito/internal/util/Timer,2,7,    private long startTime = -1;,8,1,0,0,0,1,0,4,0,15,28,1,0.75,1,1,-1
defect4j,mockito,org/mockito/internal/util/Timer,2,9,    public Timer(long durationMillis) {,4,0,0,1,3,1,0,0,0,5,35,2,0.75,1,1,-1
defect4j,mockito,org/mockito/internal/util/Timer,2,4,public class Timer {,2,0,0,0,1,1,0,0,0,3,20,1,0.52941,1,1,-1
defect4j,mockito,org/mockito/internal/invocation/InvocationMatcher,3,130,                    ((CapturesArguments) m).captureFrom(invocation.getRawArguments()[position - indexOfVararg]);,6,1,0,5,10,0,6,2,0,15,92,11,4.76471,1,0,-1
defect4j,mockito,org/mockito/internal/invocation/InvocationMatcher,3,128,                Matcher m = matchers.get(position);,2,0,0,1,2,0,0,2,0,4,35,5,3.24,1,0,-1
defect4j,mockito,org/mockito/internal/invocation/InvocationMatcher,3,33,            this.matchers = matchers;,4,0,0,0,0,0,0,0,0,5,25,6,0.29779,1,1,-1
defect4j,mockito,org/mockito/internal/verification/VerificationOverTimeImpl,5,91,            catch (org.mockito.exceptions.verification.junit.ArgumentsAreDifferent e) {,14,0,0,1,3,0,0,0,0,14,75,8,0.0,1,0,-1
defect4j,mockito,org/mockito/Matchers,6,373,        return reportMatcher(Any.ANY).returnSet();,4,0,0,2,4,1,4,0,0,8,42,5,0.66667,1,0,-1
defect4j,mockito,org/mockito/Matchers,6,339,        return reportMatcher(Any.ANY).returnList();,2,0,0,2,4,1,6,2,0,10,43,4,0.5,1,0,-1
defect4j,mockito,org/mockito/Matchers,6,137,        return reportMatcher(Any.ANY).returnZero();,10,0,0,2,4,2,16,4,0,31,43,1,0.14286,1,0,-1
defect4j,mockito,org/mockito/Matchers,6,182,        return reportMatcher(Any.ANY).returnZero();,4,0,0,2,4,1,4,0,0,8,43,5,0.14286,1,0,-1
defect4j,mockito,org/mockito/Matchers,6,197,        return reportMatcher(Any.ANY).returnZero();,2,0,0,2,4,1,0,2,0,4,43,6,0.14286,1,0,-1
defect4j,mockito,org/mockito/Matchers,6,212,        return reportMatcher(Any.ANY).returnZero();,8,0,0,2,4,1,4,2,0,15,43,3,0.14286,1,0,-1
defect4j,mockito,org/mockito/Matchers,6,324,        return reportMatcher(Any.ANY).returnString();,2,0,0,2,4,1,4,2,0,8,45,4,0.09302,1,0,-1
defect4j,mockito,org/mockito/Matchers,6,167,        return reportMatcher(Any.ANY).returnZero();,8,0,0,2,4,1,4,0,0,13,43,3,0.03333,1,0,-1
defect4j,mockito,org/mockito/Matchers,6,244,        return (T) reportMatcher(Any.ANY).returnNull();,4,0,0,3,6,1,4,2,0,10,47,5,0.03333,1,0,-1
defect4j,mockito,org/mockito/Matchers,6,292,        return (T) reportMatcher(Any.ANY).returnFor(clazz);,4,0,0,3,6,1,6,2,0,12,51,5,0.0,1,0,-1
defect4j,mockito,org/mockito/Matchers,6,358,        return (List) reportMatcher(Any.ANY).returnList();,4,0,0,3,6,1,4,2,0,10,50,5,0.0,1,0,-1
defect4j,mockito,org/mockito/Matchers,6,427,        return reportMatcher(Any.ANY).returnMap();,4,0,0,2,4,1,4,0,0,8,42,5,0.0,1,0,-1
defect4j,mockito,org/mockito/Matchers,6,461,        return (Collection) reportMatcher(Any.ANY).returnList();,4,0,0,3,6,1,4,2,0,10,56,5,0.0,1,0,-1
defect4j,mockito,org/mockito/internal/util/reflection/GenericMetadataSupport,7,392,                return (Class<?>) type;,2,0,0,1,2,1,0,2,0,4,23,8,0.125,1,1,-1
defect4j,mockito,org/mockito/internal/util/reflection/GenericMaster,12,24,        return Object.class;,0,0,0,0,0,1,0,2,0,2,20,6,1.6,1,1,-1
defect4j,mockito,org/mockito/internal/MockHandler,14,76,"                VerificationDataImpl data = new VerificationDataImpl(invocationContainerImpl.getInvocations(), invocationMatcher);            ",4,0,0,2,4,0,4,4,0,12,114,6,0.0036,1,1,-1
defect4j,mockito,org/mockito/internal/MockitoCore,16,32,"    public <T> T mock(Class<T> classToMock, MockSettings mockSettings, boolean shouldResetOngoingStubbing) { return mock(classToMock, mockSettings); }",10,0,0,3,6,2,6,8,0,25,146,2,0.25,1,0,-1
defect4j,mockito,org/mockito/internal/MockitoCore,16,42,            mockingProgress.reset();,6,1,0,1,2,0,20,6,0,35,24,3,0.11111,1,1,-1
defect4j,mockito,org/mockito/Mockito,16,827,"        return MOCKITO_CORE.mock(classToMock, mockSettings);",6,0,0,1,2,1,4,2,0,13,52,3,0.00166,1,0,-1
defect4j,mockito,org/mockito/internal/creation/MockSettingsImpl,17,22,        return this.extraInterfaces(java.io.Serializable.class);,6,0,0,1,2,1,2,0,0,8,56,5,0.05263,1,0,-1
defect4j,mockito,org/mockito/internal/util/MockUtil,17,36,"        creationValidator.validateMockedType(classToMock, settings.getSpiedInstance());",2,0,0,2,4,1,10,4,0,17,79,1,0.0016,1,1,-1
defect4j,mockito,org/mockito/internal/util/MockUtil,17,47,        Object spiedInstance = settings.getSpiedInstance();,2,0,0,1,2,0,4,2,0,8,51,4,0.0016,1,1,-1
defect4j,mockito,org/mockito/internal/creation/MockSettingsImpl,17,74,        return extraInterfaces != null && java.util.Arrays.asList(extraInterfaces).contains(java.io.Serializable.class);,4,0,0,2,4,2,4,2,0,11,112,2,0.0,1,0,-1
defect4j,mockito,org/mockito/internal/stubbing/defaultanswers/ReturnsEmptyValues,18,87,        } else if (type == Collection.class) {,2,0,0,1,4,1,0,0,0,3,38,2,0.0021,1,0,-1
defect4j,mockito,org/mockito/internal/configuration/injection/PropertyAndSetterInjection,19,114,"            Object injected = mockCandidateFilter.filterCandidate(mocks, field, instance).thenInject();",2,0,0,2,4,0,12,2,0,16,91,6,0.02174,1,0,-1
defect4j,mockito,org/mockito/internal/creation/bytebuddy/ByteBuddyMockMaker,20,34,            mockInstance = classInstantiator.instantiate(mockedProxyType);,2,0,0,1,2,0,6,0,0,9,62,6,0.06172,1,0,-1
defect4j,mockito,org/mockito/internal/stubbing/defaultanswers/ReturnsDeepStubs,23,107,                return returnTypeGenericMetadata;,2,0,0,0,0,1,0,0,0,2,33,9,0.05263,1,1,-1
defect4j,mockito,org/mockito/internal/stubbing/defaultanswers/ReturnsDeepStubs,23,56,"        return getMock(invocation, returnTypeGenericMetadata);",6,0,0,1,2,1,0,0,0,7,54,5,0.04348,1,1,-1
defect4j,mockito,org/mockito/internal/stubbing/defaultanswers/ReturnsDeepStubs,23,62,    	InternalMockHandler<Object> handler = new MockUtil().getMockHandler(invocation.getMock());,8,0,0,3,6,0,22,8,0,39,90,1,0.04348,1,1,-1
defect4j,mockito,org/mockito/internal/stubbing/defaultanswers/ReturnsDeepStubs,23,63,    	InvocationContainerImpl container = (InvocationContainerImpl) handler.getInvocationContainer();,2,0,0,2,4,0,4,4,0,10,95,4,0.04348,1,1,-1
defect4j,mockito,org/mockito/internal/stubbing/defaultanswers/ReturnsDeepStubs,23,66,        for (StubbedInvocationMatcher stubbedInvocationMatcher : container.getStubbedInvocations()) {,2,0,0,2,5,0,4,2,0,8,93,4,0.04348,1,1,-1
defect4j,mockito,org/mockito/internal/stubbing/defaultanswers/ReturnsDeepStubs,23,44,    private MockitoCore mockitoCore = new MockitoCore();,2,0,0,1,2,1,0,4,0,7,52,2,0.001,1,0,-1
defect4j,mockito,org/mockito/internal/stubbing/defaultanswers/ReturnsDeepStubs,25,57,    	InternalMockHandler<Object> handler = new MockUtil().getMockHandler(invocation.getMock());,4,0,0,3,6,0,6,8,0,18,90,3,2.11765,1,1,-1
defect4j,mockito,org/mockito/internal/stubbing/defaultanswers/ReturnsDeepStubs,25,68,"        return recordDeepStubMock(invocation, container);",4,0,0,1,2,1,0,0,0,5,49,4,2.11765,1,0,-1
defect4j,mockito,org/mockito/internal/stubbing/defaultanswers/ReturnsDeepStubs,25,82,        Class<?> clz = invocation.getMethod().getReturnType();,10,0,0,2,4,0,8,6,0,24,54,3,2.11765,1,0,-1
defect4j,mockito,org/mockito/internal/stubbing/defaultanswers/ReturnsDeepStubs,25,83,"        final Object mock = org.mockito.Mockito.mock(clz, this);",8,0,0,1,2,1,4,2,0,15,56,4,2.11765,1,0,-1
defect4j,mockito,org/mockito/internal/stubbing/defaultanswers/ReturnsDeepStubs,25,91,        return mock;,2,0,0,0,0,1,0,0,0,2,12,4,2.11765,1,1,-1
defect4j,mockito,org/mockito/internal/stubbing/defaultanswers/ReturnsDeepStubs,25,95,        CreationSettings mockSettings = (CreationSettings) new MockUtil().getMockHandler(mock).getMockSettings();,2,0,0,4,8,0,6,6,0,14,105,4,2.0,1,1,-1
defect4j,mockito,org/mockito/internal/stubbing/defaultanswers/ReturnsDeepStubs,25,87,                return mock;,2,0,0,0,0,1,0,0,0,2,12,10,0.22222,1,1,-1
defect4j,mockito,org/mockito/internal/util/MockUtil,27,65,"        MethodInterceptorFilter newFilter = new MethodInterceptorFilter(newMockHandler, (MockSettingsImpl) org.mockito.Mockito.withSettings().defaultAnswer(org.mockito.Mockito.RETURNS_DEFAULTS));",18,0,0,4,8,0,8,6,0,32,187,3,0.04348,1,0,-1
defect4j,mockito,org/mockito/internal/matchers/Same,29,29,        description.appendText(wanted.toString());,2,0,0,2,4,0,10,2,0,14,42,3,0.0,1,0,-1
defect4j,mockito,org/mockito/exceptions/Reporter,30,46,public class Reporter {,2,0,0,0,1,1,0,0,0,3,23,1,0.00102,1,1,-1
defect4j,mockito,org/mockito/internal/stubbing/defaultanswers/ReturnsSmartNulls,30,56,            new Reporter().smartNullPointerException(location);,2,0,0,2,4,1,0,0,0,4,51,2,0.0,1,0,-1
defect4j,mockito,org/mockito/internal/invocation/InvocationMatcher,34,106,            if (m instanceof CapturesArguments) {,14,0,0,1,3,1,4,6,0,26,37,2,0.01709,1,0,-1
defect4j,mockito,org/mockito/Matchers,35,362,        return reportMatcher(new InstanceOf(clazz)).<T>returnNull();,2,0,0,3,6,1,4,4,0,10,60,5,0.5,1,0,-1
defect4j,mockito,org/mockito/Matchers,35,516,        return reportMatcher(new Same(value)).<T>returnNull();,2,0,0,3,6,1,4,4,0,10,54,5,0.2,1,0,-1
defect4j,mockito,org/mockito/Matchers,35,479,        return reportMatcher(new Equals(value)).<T>returnNull();,2,0,0,3,6,1,0,0,0,3,56,5,0.05882,1,0,-1
defect4j,mockito,org/mockito/internal/invocation/Invocation,36,58,            return args == null ? new Object[0] : args;,4,1,0,1,2,1,0,2,0,7,43,7,0.00778,1,1,-1
defect4j,mockito,org/mockito/internal/verification/argumentmatching/ArgumentMatchingTool,38,48,        return StringDescription.toString(m).equals(arg.toString());,0,0,0,3,6,1,12,0,0,12,60,5,0.0,1,0,-1
