dataset,project,path,version,codeLine,statement,varTotal,optTotal,array,bracketDepth,bracketTotal,keywordTotal,methodTotal,typeTotal,logic,lengthEle,lengthWord,depth,suspicious,accuracy,miss_line,predict
defect4j,lang,org/apache/commons/lang3/math/NumberUtils,1,462,                pfxLen += pfx.length();,2,0,0,1,2,0,4,0,0,7,23,8,0.33333,0,0
defect4j,lang,org/apache/commons/lang3/math/NumberUtils,1,463,                break;,0,0,0,0,0,0,0,0,0,0,6,4,0.33333,0,0
defect4j,lang,org/apache/commons/lang3/math/NumberUtils,1,467,            final int hexDigits = str.length() - pfxLen;,6,2,0,1,2,1,4,0,0,13,44,4,0.33333,1,0
defect4j,lang,org/apache/commons/lang3/math/NumberUtils,1,468,            if (hexDigits > 16) { // too many for Long,2,1,0,1,3,0,0,0,0,3,42,6,0.33333,1,0
defect4j,lang,org/apache/commons/lang3/math/NumberUtils,1,471,            if (hexDigits > 8) { // too many for an int,4,2,0,1,3,0,0,0,0,6,43,4,0.33333,1,0
defect4j,lang,org/apache/commons/lang3/math/NumberUtils,1,474,            return createInteger(str);,2,0,0,1,2,1,4,0,0,7,26,5,0.33333,0,0
defect4j,lang,org/apache/commons/lang3/math/NumberUtils,1,680,        if (str == null) {,2,1,0,1,3,0,0,0,0,3,18,4,0.25,0,0
defect4j,lang,org/apache/commons/lang3/math/NumberUtils,1,684,        return Integer.decode(str);,0,0,0,1,2,1,6,0,0,6,27,5,0.25,0,0
defect4j,lang,org/apache/commons/lang3/math/NumberUtils,1,451,        if (str == null) {,4,1,0,1,3,0,0,0,0,5,18,4,0.11111,0,0
defect4j,lang,org/apache/commons/lang3/math/NumberUtils,1,454,        if (StringUtils.isBlank(str)) {,0,0,0,2,5,0,0,0,0,7,31,4,0.11111,0,0
defect4j,lang,org/apache/commons/lang3/math/NumberUtils,1,458,"        final String[] hex_prefixes = {""0x"", ""0X"", ""-0x"", ""-0X"", ""#"", ""-#""};",2,0,0,2,4,1,0,2,0,11,68,4,0.11111,0,0
defect4j,lang,org/apache/commons/lang3/math/NumberUtils,1,459,        int pfxLen = 0;,2,0,0,0,0,0,0,0,0,2,15,5,0.11111,0,0
defect4j,lang,org/apache/commons/lang3/math/NumberUtils,1,460,        for(final String pfx : hex_prefixes) {,4,0,0,1,3,1,0,2,0,7,38,4,0.11111,0,0
defect4j,lang,org/apache/commons/lang3/math/NumberUtils,1,461,            if (str.startsWith(pfx)) {,0,0,0,2,5,0,6,0,0,6,26,7,0.11111,0,0
defect4j,lang,org/apache/commons/lang3/math/NumberUtils,1,466,        if (pfxLen > 0) { // we have a hex number,2,1,0,1,3,0,0,0,0,3,41,4,0.11111,0,0
defect4j,lang,org/apache/commons/lang3/math/NumberUtils,3,494,                dec = str.substring(decPos + 1);,6,2,0,1,2,0,4,2,0,16,32,5,0.5,0,0
defect4j,lang,org/apache/commons/lang3/math/NumberUtils,3,594,                if (!(f.isInfinite() || (f.floatValue() == 0.0F && !allZeros))) {,0,0,0,5,11,0,0,0,0,16,65,4,0.33333,1,1
defect4j,lang,org/apache/commons/lang3/math/NumberUtils,3,595,                    return f;,2,0,0,0,0,1,0,0,0,2,9,8,0.33333,0,0
defect4j,lang,org/apache/commons/lang3/math/NumberUtils,3,492,"                dec = str.substring(decPos + 1, expPos);",0,0,0,1,2,0,0,0,0,3,40,4,0.25,0,0
defect4j,lang,org/apache/commons/lang3/math/NumberUtils,3,570,        if (expPos > -1 && expPos < str.length() - 1) {,6,4,0,2,5,3,4,4,0,22,47,1,0.25,0,0
defect4j,lang,org/apache/commons/lang3/math/NumberUtils,3,571,"            exp = str.substring(expPos + 1, str.length());",4,1,0,2,4,0,8,0,0,14,46,6,0.25,0,0
defect4j,lang,org/apache/commons/lang3/math/NumberUtils,3,575,        if (dec == null && exp == null) { // no decimal point and no exponent,4,3,0,1,3,0,0,0,0,7,69,4,0.25,0,0
defect4j,lang,org/apache/commons/lang3/math/NumberUtils,3,591,        final boolean allZeros = isAllZeros(mant) && isAllZeros(exp);,2,1,0,2,4,1,8,0,0,12,61,4,0.25,0,0
defect4j,lang,org/apache/commons/lang3/math/NumberUtils,3,593,                final Float f = createFloat(str);,4,0,0,1,2,0,0,0,0,5,33,4,0.25,0,0
defect4j,lang,org/apache/commons/lang3/text/translate/LookupTranslator,4,76,"            final CharSequence subSeq = input.subSequence(index, index + i);",6,1,0,1,2,1,6,2,0,16,64,6,0.04167,0,0
defect4j,lang,org/apache/commons/lang3/text/translate/LookupTranslator,4,77,            final CharSequence result = lookupMap.get(subSeq);,2,0,0,1,2,1,6,2,0,11,50,6,0.04167,1,0
defect4j,lang,org/apache/commons/lang3/text/translate/LookupTranslator,4,78,            if (result != null) {,2,1,0,1,3,0,0,0,0,3,21,6,0.04167,0,0
defect4j,lang,org/apache/commons/lang3/text/translate/LookupTranslator,4,83,        return 0;,0,0,0,0,0,1,0,0,0,1,9,4,0.04167,0,0
defect4j,lang,org/apache/commons/lang3/text/translate/LookupTranslator,4,70,        int max = longest;,4,0,0,0,0,0,0,0,0,4,18,5,0.04,0,0
defect4j,lang,org/apache/commons/lang3/text/translate/LookupTranslator,4,71,        if (index + longest > input.length()) {,4,2,0,2,5,0,4,0,0,10,39,4,0.04,0,0
defect4j,lang,org/apache/commons/lang3/text/translate/LookupTranslator,4,75,        for (int i = max; i >= shortest; i--) {,10,1,0,1,3,0,0,0,0,12,39,4,0.04,0,0
defect4j,lang,org/apache/commons/lang3/text/translate/CharSequenceTranslator,4,32,public abstract class CharSequenceTranslator {,2,0,0,0,1,2,0,0,0,4,46,1,0.03333,0,0
defect4j,lang,org/apache/commons/lang3/text/translate/LookupTranslator,4,45,    public LookupTranslator(final CharSequence[]... lookup) {,4,0,0,2,5,2,0,2,0,8,57,2,0.03333,0,0
defect4j,lang,org/apache/commons/lang3/text/translate/LookupTranslator,4,46,"        lookupMap = new HashMap<CharSequence, CharSequence>();",6,0,0,1,2,0,0,6,0,15,54,3,0.03333,1,0
defect4j,lang,org/apache/commons/lang3/text/translate/LookupTranslator,4,47,        int _shortest = Integer.MAX_VALUE;,6,0,0,0,0,0,0,0,0,6,34,5,0.03333,0,0
defect4j,lang,org/apache/commons/lang3/text/translate/LookupTranslator,4,48,        int _longest = 0;,2,0,0,0,0,0,0,0,0,2,17,5,0.03333,0,0
defect4j,lang,org/apache/commons/lang3/text/translate/LookupTranslator,4,49,        if (lookup != null) {,0,0,0,1,3,0,0,0,0,4,21,4,0.03333,0,0
defect4j,lang,org/apache/commons/lang3/text/translate/LookupTranslator,4,51,"                this.lookupMap.put(seq[0], seq[1]);",2,0,1,3,6,0,2,0,0,8,35,9,0.03333,1,0
defect4j,lang,org/apache/commons/lang3/text/translate/LookupTranslator,4,52,                final int sz = seq[0].length();,4,0,1,2,4,1,2,0,0,9,31,5,0.03333,0,0
defect4j,lang,org/apache/commons/lang3/text/translate/LookupTranslator,4,53,                if (sz < _shortest) {,4,1,0,1,3,0,0,0,0,5,21,8,0.03333,0,0
defect4j,lang,org/apache/commons/lang3/text/translate/LookupTranslator,4,54,                    _shortest = sz;,4,0,0,0,0,0,0,0,0,5,15,10,0.03333,0,0
defect4j,lang,org/apache/commons/lang3/text/translate/LookupTranslator,4,56,                if (sz > _longest) {,4,1,0,1,3,0,0,0,0,5,20,8,0.03333,0,0
defect4j,lang,org/apache/commons/lang3/text/translate/LookupTranslator,4,57,                    _longest = sz;,4,0,0,0,0,0,0,0,0,5,14,10,0.03333,0,0
defect4j,lang,org/apache/commons/lang3/text/translate/LookupTranslator,4,61,        shortest = _shortest;,4,0,0,0,0,0,0,0,0,5,21,4,0.03333,0,0
defect4j,lang,org/apache/commons/lang3/text/translate/LookupTranslator,4,63,    },0,0,0,0,1,0,0,0,0,1,1,4,0.03333,0,0
defect4j,lang,org/apache/commons/lang3/LocaleUtils,5,89,        if (str == null) {,0,0,0,1,3,0,0,4,0,4,18,11,0.25,1,1
defect4j,lang,org/apache/commons/lang3/LocaleUtils,5,92,        final int len = str.length();,2,0,0,1,2,1,4,0,0,7,29,4,0.25,0,0
defect4j,lang,org/apache/commons/lang3/LocaleUtils,5,93,        if (len < 2) {,2,1,0,1,3,0,0,0,0,3,14,4,0.25,0,0
defect4j,lang,org/apache/commons/lang3/LocaleUtils,5,96,        final char ch0 = str.charAt(0);,2,0,0,1,2,1,4,0,0,7,31,4,0.25,0,0
defect4j,lang,org/apache/commons/lang3/LocaleUtils,5,97,            final char ch1 = str.charAt(1);,4,2,0,1,2,1,14,0,0,22,31,1,0.25,0,0
defect4j,lang,org/apache/commons/lang3/LocaleUtils,5,98,            if (!Character.isLowerCase(ch0) || !Character.isLowerCase(ch1)) {,0,1,0,3,7,0,12,0,0,15,65,4,0.25,0,0
defect4j,lang,org/apache/commons/lang3/LocaleUtils,5,288,    static class SyncAvoid {,2,0,0,0,1,1,0,0,0,3,24,2,0.08333,0,0
defect4j,lang,org/apache/commons/lang3/LocaleUtils,5,295,            List<Locale> list = new ArrayList<Locale>(Arrays.asList(Locale.getAvailableLocales()));  // extra safe,2,0,0,3,6,0,8,8,0,18,102,5,0.08333,0,0
defect4j,lang,org/apache/commons/lang3/LocaleUtils,5,296,            AVAILABLE_LOCALE_LIST = Collections.unmodifiableList(list);,2,0,0,1,2,0,6,0,0,9,59,5,0.08333,0,0
defect4j,lang,org/apache/commons/lang3/LocaleUtils,5,297,            AVAILABLE_LOCALE_SET = Collections.unmodifiableSet(new HashSet<Locale>(list));,0,0,0,2,4,0,0,0,0,6,78,4,0.08333,0,0
defect4j,lang,org/apache/commons/lang3/LocaleUtils,5,42,"    private static final ConcurrentMap<String, List<Locale>> cLanguagesByCountry = ",2,0,0,0,0,3,0,8,0,13,78,2,0.08333,0,0
defect4j,lang,org/apache/commons/lang3/LocaleUtils,5,46,"    private static final ConcurrentMap<String, List<Locale>> cCountriesByLanguage = ",2,0,0,0,0,3,0,8,0,13,79,2,0.08333,0,0
defect4j,lang,org/apache/commons/lang3/LocaleUtils,5,193,        return SyncAvoid.AVAILABLE_LOCALE_LIST;,2,0,0,0,0,4,2,2,0,10,39,2,0.08333,0,0
defect4j,lang,org/apache/commons/lang3/LocaleUtils,5,218,        return availableLocaleList().contains(locale);,2,0,0,2,4,4,6,4,0,15,46,1,0.08333,0,0
defect4j,lang,org/apache/commons/lang3/StringEscapeUtils,6,156,            if(index != 0) {,2,1,0,1,3,0,0,0,0,3,16,5,0.5,0,0
defect4j,lang,org/apache/commons/lang3/StringEscapeUtils,6,160,"            if (StringUtils.containsNone(input.toString(), CSV_SEARCH_CHARS)) {",0,0,0,3,7,0,10,0,0,10,67,6,0.5,0,0
defect4j,lang,org/apache/commons/lang3/StringEscapeUtils,6,161,                out.write(input.toString());,0,0,0,2,4,0,8,0,0,8,28,8,0.5,0,0
defect4j,lang,org/apache/commons/lang3/StringEscapeUtils,6,167,            return input.length();,0,0,0,1,2,1,4,0,0,4,22,6,0.5,0,0
defect4j,lang,org/apache/commons/lang3/StringUtils,6,1737,        if (cs == null || searchChars == null) {,4,3,0,1,3,0,0,0,0,7,40,4,0.5,0,0
defect4j,lang,org/apache/commons/lang3/StringUtils,6,1740,        int csLen = cs.length();,14,1,0,1,2,3,4,4,0,27,24,1,0.5,0,0
defect4j,lang,org/apache/commons/lang3/StringUtils,6,1741,        int csLast = csLen - 1;,4,1,0,0,0,0,0,0,0,5,23,5,0.5,0,0
defect4j,lang,org/apache/commons/lang3/StringUtils,6,1742,        int searchLen = searchChars.length;,12,0,0,0,0,0,0,0,0,12,35,5,0.5,0,0
defect4j,lang,org/apache/commons/lang3/StringUtils,6,1743,        int searchLast = searchLen - 1;,4,1,0,0,0,0,0,0,0,5,31,5,0.5,0,0
defect4j,lang,org/apache/commons/lang3/StringUtils,6,1744,        for (int i = 0; i < csLen; i++) {,8,1,0,1,3,0,0,0,0,10,33,4,0.5,0,0
defect4j,lang,org/apache/commons/lang3/StringUtils,6,1763,        return true;,2,1,0,0,0,1,0,0,0,4,12,3,0.5,0,0
defect4j,lang,org/apache/commons/lang3/StringEscapeUtils,6,268,    static class CsvUnescaper extends CharSequenceTranslator {,2,0,0,0,1,1,0,2,0,5,58,2,0.04167,0,0
defect4j,lang,org/apache/commons/lang3/StringEscapeUtils,6,272,        private static final String CSV_QUOTE_STR = String.valueOf(CSV_QUOTE);,2,0,0,1,2,3,6,2,0,13,70,3,0.04167,0,0
defect4j,lang,org/apache/commons/lang3/StringEscapeUtils,6,273,        private static final char[] CSV_SEARCH_CHARS = ,8,3,0,1,2,3,4,0,0,18,46,1,0.04167,0,0
defect4j,lang,org/apache/commons/lang3/text/translate/CharSequenceTranslator,6,108,        CharSequenceTranslator[] newArray = new CharSequenceTranslator[translators.length + 1];,6,1,0,2,4,0,0,4,0,11,87,4,0.04167,0,0
defect4j,lang,org/apache/commons/lang3/text/translate/CharSequenceTranslator,6,109,        newArray[0] = this;,0,0,1,1,2,0,0,0,0,3,19,4,0.04167,0,0
defect4j,lang,org/apache/commons/lang3/text/translate/CharSequenceTranslator,6,111,        return new AggregateTranslator(newArray);,0,0,0,1,2,1,0,0,0,4,41,4,0.04167,0,0
defect4j,lang,org/apache/commons/lang3/StringEscapeUtils,6,52,    public static final CharSequenceTranslator ESCAPE_JAVA = ,2,0,0,0,0,3,0,2,0,7,56,2,0.04167,0,0
defect4j,lang,org/apache/commons/lang3/StringEscapeUtils,6,72,    public static final CharSequenceTranslator ESCAPE_ECMASCRIPT = ,2,0,0,0,0,3,0,2,0,7,62,2,0.04167,0,0
defect4j,lang,org/apache/commons/lang3/StringEscapeUtils,6,109,    public static final CharSequenceTranslator ESCAPE_HTML3 = ,4,0,0,0,0,3,0,2,0,9,57,1,0.04167,0,0
defect4j,lang,org/apache/commons/lang3/StringEscapeUtils,6,124,    public static final CharSequenceTranslator ESCAPE_HTML4 = ,2,0,0,0,0,3,0,2,0,7,57,2,0.04167,0,0
defect4j,lang,org/apache/commons/lang3/StringEscapeUtils,6,140,    public static final CharSequenceTranslator ESCAPE_CSV = new CsvEscaper();,2,0,0,1,2,3,0,4,0,9,73,2,0.04167,0,0
defect4j,lang,org/apache/commons/lang3/StringEscapeUtils,6,206,    public static final CharSequenceTranslator UNESCAPE_ECMASCRIPT = UNESCAPE_JAVA;,4,0,0,0,0,3,0,2,0,9,79,2,0.04167,0,0
defect4j,lang,org/apache/commons/lang3/StringEscapeUtils,6,233,    public static final CharSequenceTranslator UNESCAPE_HTML4 = ,2,0,0,0,0,3,0,2,0,7,59,2,0.04167,0,0
defect4j,lang,org/apache/commons/lang3/StringEscapeUtils,6,250,    public static final CharSequenceTranslator UNESCAPE_XML = ,2,0,0,0,0,3,0,2,0,7,57,2,0.04167,0,0
defect4j,lang,org/apache/commons/lang3/StringEscapeUtils,6,266,    public static final CharSequenceTranslator UNESCAPE_CSV = new CsvUnescaper();,2,0,0,1,2,3,0,4,0,9,77,2,0.04167,0,0
defect4j,lang,org/apache/commons/lang3/text/translate/AggregateTranslator,6,40,    public AggregateTranslator(CharSequenceTranslator... translators) {,4,0,0,1,3,1,0,2,0,7,67,2,0.04167,0,0
defect4j,lang,org/apache/commons/lang3/text/translate/AggregateTranslator,6,41,        this.translators = ArrayUtils.clone(translators);,2,0,0,1,2,0,6,0,0,9,49,4,0.04167,0,0
defect4j,lang,org/apache/commons/lang3/StringEscapeUtils,6,145,    static class CsvEscaper extends CharSequenceTranslator {,4,0,0,0,1,4,0,6,0,15,56,1,0.04167,0,0
defect4j,lang,org/apache/commons/lang3/StringEscapeUtils,6,150,        private static final char[] CSV_SEARCH_CHARS = ,6,0,0,1,2,6,2,2,0,16,46,1,0.04167,0,0
defect4j,lang,org/apache/commons/lang3/ArrayUtils,6,320,        if (array == null) {,6,1,0,1,3,6,0,4,0,17,20,1,0.04167,0,0
defect4j,lang,org/apache/commons/lang3/text/translate/EntityArrays,6,35,    private static final String[][] ISO8859_1_ESCAPE = {,2,0,0,2,5,3,0,2,0,7,52,2,0.04167,0,0
defect4j,lang,org/apache/commons/lang3/text/translate/EntityArrays,6,139,    private static final String[][] ISO8859_1_UNESCAPE = invert(ISO8859_1_ESCAPE);,2,0,0,3,6,3,4,2,0,11,78,2,0.04167,0,0
defect4j,lang,org/apache/commons/lang3/text/translate/EntityArrays,6,148,    private static final String[][] HTML40_EXTENDED_ESCAPE = {,2,0,0,2,5,3,0,2,0,7,58,2,0.04167,0,0
defect4j,lang,org/apache/commons/lang3/text/translate/EntityArrays,6,350,    private static final String[][] HTML40_EXTENDED_UNESCAPE = invert(HTML40_EXTENDED_ESCAPE);,0,0,0,3,6,0,0,0,0,9,90,4,0.04167,0,0
defect4j,lang,org/apache/commons/lang3/text/translate/EntityArrays,6,359,    private static final String[][] BASIC_ESCAPE = {,2,0,0,2,5,3,0,2,0,7,48,2,0.04167,0,0
defect4j,lang,org/apache/commons/lang3/text/translate/EntityArrays,6,371,    private static final String[][] BASIC_UNESCAPE = invert(BASIC_ESCAPE);,2,0,0,3,6,3,4,2,0,11,70,2,0.04167,0,0
defect4j,lang,org/apache/commons/lang3/text/translate/EntityArrays,6,378,    private static final String[][] APOS_ESCAPE = {,4,0,0,2,5,3,0,4,0,11,47,1,0.04167,0,0
defect4j,lang,org/apache/commons/lang3/text/translate/EntityArrays,6,387,    private static final String[][] APOS_UNESCAPE = invert(APOS_ESCAPE);,2,0,0,3,6,3,4,2,0,11,68,2,0.04167,0,0
defect4j,lang,org/apache/commons/lang3/text/translate/EntityArrays,6,396,    private static final String[][] JAVA_CTRL_CHARS_ESCAPE = {,2,0,0,2,5,3,0,2,0,7,58,2,0.04167,0,0
defect4j,lang,org/apache/commons/lang3/text/translate/EntityArrays,6,409,    private static final String[][] JAVA_CTRL_CHARS_UNESCAPE = invert(JAVA_CTRL_CHARS_ESCAPE);,4,0,0,3,6,3,4,4,0,16,90,1,0.04167,0,0
defect4j,lang,org/apache/commons/lang3/text/translate/EntityArrays,6,34,    public static String[][] ISO8859_1_ESCAPE() { return ISO8859_1_ESCAPE.clone(); },0,0,0,5,10,1,0,0,0,16,80,4,0.04167,0,0
defect4j,lang,org/apache/commons/lang3/text/translate/EntityArrays,6,138,    public static String[][] ISO8859_1_UNESCAPE() { return ISO8859_1_UNESCAPE.clone(); },8,3,0,5,10,3,4,2,0,19,84,2,0.04167,0,0
defect4j,lang,org/apache/commons/lang3/text/translate/EntityArrays,6,147,    public static String[][] HTML40_EXTENDED_ESCAPE() { return HTML40_EXTENDED_ESCAPE.clone(); },2,0,0,5,10,3,4,2,0,10,92,2,0.04167,0,0
defect4j,lang,org/apache/commons/lang3/text/translate/EntityArrays,6,349,    public static String[][] HTML40_EXTENDED_UNESCAPE() { return HTML40_EXTENDED_UNESCAPE.clone(); },2,0,0,5,10,3,4,2,0,10,96,2,0.04167,0,0
defect4j,lang,org/apache/commons/lang3/text/translate/EntityArrays,6,358,    public static String[][] BASIC_ESCAPE() { return BASIC_ESCAPE.clone(); },2,0,0,5,10,3,4,2,0,10,72,2,0.04167,0,0
defect4j,lang,org/apache/commons/lang3/text/translate/EntityArrays,6,370,    public static String[][] BASIC_UNESCAPE() { return BASIC_UNESCAPE.clone(); },2,0,0,5,10,3,4,2,0,10,76,2,0.04167,0,0
defect4j,lang,org/apache/commons/lang3/text/translate/EntityArrays,6,377,    public static String[][] APOS_ESCAPE() { return APOS_ESCAPE.clone(); },2,0,0,5,10,3,4,2,0,10,70,2,0.04167,0,0
defect4j,lang,org/apache/commons/lang3/text/translate/EntityArrays,6,386,    public static String[][] APOS_UNESCAPE() { return APOS_UNESCAPE.clone(); },2,0,0,5,10,3,4,2,0,10,74,2,0.04167,0,0
defect4j,lang,org/apache/commons/lang3/text/translate/EntityArrays,6,395,    public static String[][] JAVA_CTRL_CHARS_ESCAPE() { return JAVA_CTRL_CHARS_ESCAPE.clone(); },2,0,0,5,10,3,4,2,0,10,92,2,0.04167,0,0
defect4j,lang,org/apache/commons/lang3/text/translate/EntityArrays,6,408,    public static String[][] JAVA_CTRL_CHARS_UNESCAPE() { return JAVA_CTRL_CHARS_UNESCAPE.clone(); },2,0,0,5,10,3,4,2,0,10,96,2,0.04167,0,0
defect4j,lang,org/apache/commons/lang3/text/translate/EntityArrays,6,417,        String[][] newarray = new String[array.length][2];,18,3,0,4,8,0,6,8,0,36,50,3,0.04167,0,0
defect4j,lang,org/apache/commons/lang3/text/translate/EntityArrays,6,419,            newarray[i][0] = array[i][1];,0,0,1,4,8,0,0,0,0,9,29,6,0.04167,0,0
defect4j,lang,org/apache/commons/lang3/text/translate/EntityArrays,6,420,            newarray[i][1] = array[i][0];,0,0,0,4,8,0,6,0,0,6,29,5,0.04167,0,0
defect4j,lang,org/apache/commons/lang3/text/translate/EntityArrays,6,422,        return newarray;,2,0,0,0,0,1,0,0,0,2,16,4,0.04167,0,0
defect4j,lang,org/apache/commons/lang3/SystemUtils,7,89,"    public static final String AWT_TOOLKIT = getSystemProperty(""awt.toolkit"");",2,0,0,1,2,3,2,2,0,10,74,2,1.0,0,0
defect4j,lang,org/apache/commons/lang3/SystemUtils,7,129,"    public static final String FILE_SEPARATOR = getSystemProperty(""file.separator"");",2,0,0,1,2,3,2,2,0,10,80,2,1.0,0,0
defect4j,lang,org/apache/commons/lang3/SystemUtils,7,147,"    public static final String JAVA_AWT_FONTS = getSystemProperty(""java.awt.fonts"");",2,0,0,1,2,3,2,2,0,10,80,2,1.0,0,0
defect4j,lang,org/apache/commons/lang3/SystemUtils,7,186,"    public static final String JAVA_AWT_HEADLESS = getSystemProperty(""java.awt.headless"");",2,0,0,1,2,3,2,2,0,10,86,2,1.0,0,0
defect4j,lang,org/apache/commons/lang3/SystemUtils,7,204,"    public static final String JAVA_AWT_PRINTERJOB = getSystemProperty(""java.awt.printerjob"");",2,0,0,1,2,3,2,2,0,10,90,2,1.0,0,0
defect4j,lang,org/apache/commons/lang3/SystemUtils,7,222,"    public static final String JAVA_CLASS_PATH = getSystemProperty(""java.class.path"");",2,0,0,1,2,3,2,2,0,10,82,2,1.0,0,0
defect4j,lang,org/apache/commons/lang3/SystemUtils,7,240,"    public static final String JAVA_CLASS_VERSION = getSystemProperty(""java.class.version"");",2,0,0,1,2,3,2,2,0,10,88,2,1.0,0,0
defect4j,lang,org/apache/commons/lang3/SystemUtils,7,259,"    public static final String JAVA_COMPILER = getSystemProperty(""java.compiler"");",2,0,0,1,2,3,8,2,0,16,78,1,1.0,0,0
defect4j,lang,org/apache/commons/lang3/SystemUtils,7,313,    public static final String JAVA_HOME = getSystemProperty(JAVA_HOME_KEY);,2,0,0,1,2,3,4,2,0,11,72,2,1.0,0,0
defect4j,lang,org/apache/commons/lang3/SystemUtils,7,331,    public static final String JAVA_IO_TMPDIR = getSystemProperty(JAVA_IO_TMPDIR_KEY);,2,0,0,1,2,3,4,2,0,11,82,2,1.0,0,0
defect4j,lang,org/apache/commons/lang3/SystemUtils,7,349,"    public static final String JAVA_LIBRARY_PATH = getSystemProperty(""java.library.path"");",2,0,0,1,2,3,2,2,0,10,86,2,1.0,0,0
defect4j,lang,org/apache/commons/lang3/SystemUtils,7,387,"    public static final String JAVA_RUNTIME_VERSION = getSystemProperty(""java.runtime.version"");",2,0,0,1,2,3,2,2,0,10,92,2,1.0,0,0
defect4j,lang,org/apache/commons/lang3/SystemUtils,7,405,"    public static final String JAVA_SPECIFICATION_NAME = getSystemProperty(""java.specification.name"");",2,0,0,1,2,3,2,2,0,10,98,2,1.0,0,0
defect4j,lang,org/apache/commons/lang3/SystemUtils,7,441,"    public static final String JAVA_SPECIFICATION_VERSION = getSystemProperty(""java.specification.version"");",2,0,0,1,2,3,2,2,0,10,104,2,1.0,0,0
defect4j,lang,org/apache/commons/lang3/SystemUtils,7,442,    private static final JavaVersion JAVA_SPECIFICATION_VERSION_AS_ENUM = JavaVersion.get(JAVA_SPECIFICATION_VERSION);,2,0,0,1,2,3,6,2,0,13,114,2,1.0,0,0
defect4j,lang,org/apache/commons/lang3/SystemUtils,7,480,"    public static final String JAVA_VENDOR = getSystemProperty(""java.vendor"");",2,0,0,1,2,3,2,2,0,10,74,2,1.0,0,0
defect4j,lang,org/apache/commons/lang3/SystemUtils,7,498,"    public static final String JAVA_VENDOR_URL = getSystemProperty(""java.vendor.url"");",4,1,0,1,2,3,2,2,0,13,82,1,1.0,0,0
defect4j,lang,org/apache/commons/lang3/SystemUtils,7,516,"    public static final String JAVA_VERSION = getSystemProperty(""java.version"");",2,0,0,1,2,3,2,2,0,10,76,2,1.0,0,0
defect4j,lang,org/apache/commons/lang3/SystemUtils,7,535,"    public static final String JAVA_VM_INFO = getSystemProperty(""java.vm.info"");",2,0,0,1,2,3,2,2,0,10,76,2,1.0,0,0
defect4j,lang,org/apache/commons/lang3/SystemUtils,7,553,"    public static final String JAVA_VM_NAME = getSystemProperty(""java.vm.name"");",4,0,0,1,2,3,8,4,0,20,76,1,1.0,0,0
defect4j,lang,org/apache/commons/lang3/SystemUtils,7,571,"    public static final String JAVA_VM_SPECIFICATION_NAME = getSystemProperty(""java.vm.specification.name"");",2,0,0,1,2,3,2,2,0,10,104,2,1.0,0,0
defect4j,lang,org/apache/commons/lang3/SystemUtils,7,607,"    public static final String JAVA_VM_SPECIFICATION_VERSION = getSystemProperty(""java.vm.specification.version"");",2,0,0,1,2,3,2,2,0,10,110,2,1.0,0,0
defect4j,lang,org/apache/commons/lang3/SystemUtils,7,625,"    public static final String JAVA_VM_VENDOR = getSystemProperty(""java.vm.vendor"");",2,0,0,1,2,3,2,2,0,10,80,2,1.0,0,0
defect4j,lang,org/apache/commons/lang3/SystemUtils,7,643,"    public static final String JAVA_VM_VERSION = getSystemProperty(""java.vm.version"");",2,0,0,1,2,3,2,2,0,10,82,2,1.0,0,0
defect4j,lang,org/apache/commons/lang3/SystemUtils,7,679,"    public static final String OS_ARCH = getSystemProperty(""os.arch"");",2,0,0,1,2,3,2,2,0,10,66,2,1.0,0,0
defect4j,lang,org/apache/commons/lang3/SystemUtils,7,697,"    public static final String OS_NAME = getSystemProperty(""os.name"");",2,0,0,1,2,3,2,4,0,14,66,1,1.0,0,0
defect4j,lang,org/apache/commons/lang3/SystemUtils,7,715,"    public static final String OS_VERSION = getSystemProperty(""os.version"");",2,0,0,1,2,3,2,2,0,10,72,2,1.0,0,0
defect4j,lang,org/apache/commons/lang3/SystemUtils,7,733,"    public static final String PATH_SEPARATOR = getSystemProperty(""path.separator"");",0,0,0,1,2,0,4,0,0,5,80,5,1.0,0,0
defect4j,lang,org/apache/commons/lang3/SystemUtils,7,753,"    public static final String USER_COUNTRY = getSystemProperty(""user.country"") == null ?",2,1,0,1,2,3,2,2,0,12,85,2,1.0,0,0
defect4j,lang,org/apache/commons/lang3/SystemUtils,7,790,    public static final String USER_HOME = getSystemProperty(USER_HOME_KEY);,2,0,0,1,2,3,4,2,0,11,72,2,1.0,0,0
defect4j,lang,org/apache/commons/lang3/SystemUtils,7,845,"    public static final String USER_TIMEZONE = getSystemProperty(""user.timezone"");",8,1,0,1,2,3,2,6,0,21,78,1,1.0,0,0
defect4j,lang,org/apache/commons/lang3/SystemUtils,7,870,"    public static final boolean IS_JAVA_1_2 = getJavaVersionMatches(""1.2"");",2,0,0,1,2,3,2,0,0,8,71,2,1.0,0,0
defect4j,lang,org/apache/commons/lang3/SystemUtils,7,890,"    public static final boolean IS_JAVA_1_4 = getJavaVersionMatches(""1.4"");",2,0,0,1,2,3,2,0,0,8,71,2,1.0,0,0
defect4j,lang,org/apache/commons/lang3/SystemUtils,7,900,"    public static final boolean IS_JAVA_1_5 = getJavaVersionMatches(""1.5"");",2,0,0,1,2,3,2,0,0,8,71,2,1.0,0,0
defect4j,lang,org/apache/commons/lang3/SystemUtils,7,910,"    public static final boolean IS_JAVA_1_6 = getJavaVersionMatches(""1.6"");",2,0,0,1,2,3,2,0,0,8,71,2,1.0,0,0
defect4j,lang,org/apache/commons/lang3/SystemUtils,7,942,"    public static final boolean IS_OS_AIX = getOSMatchesName(""AIX"");",4,1,0,1,2,3,2,0,0,11,64,1,1.0,0,0
defect4j,lang,org/apache/commons/lang3/SystemUtils,7,978,"    public static final boolean IS_OS_LINUX = getOSMatchesName(""Linux"") || getOSMatchesName(""LINUX"");",6,2,0,2,4,3,8,0,0,21,97,1,1.0,0,0
defect4j,lang,org/apache/commons/lang3/SystemUtils,7,990,"    public static final boolean IS_OS_MAC = getOSMatchesName(""Mac"");",2,0,0,1,2,3,2,0,0,8,64,2,1.0,0,0
defect4j,lang,org/apache/commons/lang3/SystemUtils,7,1002,"    public static final boolean IS_OS_MAC_OSX = getOSMatchesName(""Mac OS X"");",2,0,0,1,2,3,2,0,0,8,73,2,1.0,0,0
defect4j,lang,org/apache/commons/lang3/SystemUtils,7,1014,"    public static final boolean IS_OS_FREE_BSD = getOSMatchesName(""FreeBSD"");",2,0,0,1,2,3,2,0,0,8,73,2,1.0,0,0
defect4j,lang,org/apache/commons/lang3/SystemUtils,7,1026,"    public static final boolean IS_OS_OPEN_BSD = getOSMatchesName(""OpenBSD"");",2,0,0,1,2,3,8,0,0,14,73,1,1.0,0,0
defect4j,lang,org/apache/commons/lang3/SystemUtils,7,1038,"    public static final boolean IS_OS_NET_BSD = getOSMatchesName(""NetBSD"");",4,1,0,1,2,3,2,0,0,11,71,1,1.0,0,0
defect4j,lang,org/apache/commons/lang3/SystemUtils,7,1086,    public static final boolean IS_OS_UNIX = IS_OS_AIX || IS_OS_HP_UX || IS_OS_IRIX || IS_OS_LINUX || IS_OS_MAC_OSX,4,2,0,0,0,0,6,0,0,12,111,5,1.0,0,0
defect4j,lang,org/apache/commons/lang3/SystemUtils,7,1099,    public static final boolean IS_OS_WINDOWS = getOSMatchesName(OS_NAME_WINDOWS_PREFIX);,2,0,0,1,2,3,4,0,0,9,85,2,1.0,0,0
defect4j,lang,org/apache/commons/lang3/SystemUtils,7,1123,"    public static final boolean IS_OS_WINDOWS_2003 = getOSMatches(OS_NAME_WINDOWS_PREFIX, ""5.2"");",2,0,0,1,2,3,4,0,0,10,93,2,1.0,0,0
defect4j,lang,org/apache/commons/lang3/SystemUtils,7,1135,"    public static final boolean IS_OS_WINDOWS_2008 = getOSMatches(OS_NAME_WINDOWS_PREFIX + "" Server 2008"", ""6.1"");",4,1,0,1,2,3,2,0,0,12,110,2,1.0,0,0
defect4j,lang,org/apache/commons/lang3/SystemUtils,7,1147,"    public static final boolean IS_OS_WINDOWS_95 = getOSMatches(OS_NAME_WINDOWS_PREFIX + "" 9"", ""4.0"");",6,3,0,1,2,3,6,0,0,21,98,1,1.0,0,0
defect4j,lang,org/apache/commons/lang3/SystemUtils,7,1186,"    public static final boolean IS_OS_WINDOWS_NT = getOSMatchesName(OS_NAME_WINDOWS_PREFIX + "" NT"");",4,1,0,1,2,3,2,0,0,11,96,2,1.0,0,0
defect4j,lang,org/apache/commons/lang3/SystemUtils,7,1199,"    public static final boolean IS_OS_WINDOWS_XP = getOSMatches(OS_NAME_WINDOWS_PREFIX, ""5.1"");",0,0,0,1,2,0,18,0,0,18,91,7,1.0,0,0
defect4j,lang,org/apache/commons/lang3/SystemUtils,7,1212,"    public static final boolean IS_OS_WINDOWS_VISTA = getOSMatches(OS_NAME_WINDOWS_PREFIX, ""6.0"");",2,0,0,1,2,3,4,0,0,11,94,1,1.0,0,0
defect4j,lang,org/apache/commons/lang3/SystemUtils,7,1224,"    public static final boolean IS_OS_WINDOWS_7 = getOSMatches(OS_NAME_WINDOWS_PREFIX, ""6.1"");",14,4,0,1,2,0,0,0,0,19,90,3,1.0,0,0
defect4j,lang,org/apache/commons/lang3/SystemUtils,7,1236,"    public static final boolean IS_OS_WINDOWS_8 = getOSMatches(OS_NAME_WINDOWS_PREFIX, ""6.2"");",8,2,0,1,2,0,6,0,0,16,90,3,1.0,0,0
defect4j,lang,org/apache/commons/lang3/SystemUtils,7,1277,"        return isJavaVersionMatch(JAVA_SPECIFICATION_VERSION, versionPrefix);",6,0,0,1,2,2,0,12,0,19,69,3,1.0,0,0
defect4j,lang,org/apache/commons/lang3/SystemUtils,7,1288,"        return isOSMatch(OS_NAME, OS_VERSION, osNamePrefix, osVersionPrefix);",2,0,0,1,2,1,0,0,0,3,69,8,1.0,0,0
defect4j,lang,org/apache/commons/lang3/SystemUtils,7,1298,"        return isOSNameMatch(OS_NAME, osNamePrefix);",8,1,0,1,2,1,0,0,0,10,44,8,1.0,0,0
defect4j,lang,org/apache/commons/lang3/SystemUtils,7,1316,            return System.getProperty(property);,4,1,0,1,2,4,8,0,0,17,36,1,1.0,0,0
defect4j,lang,org/apache/commons/lang3/SystemUtils,7,1383,        return JAVA_SPECIFICATION_VERSION_AS_ENUM.atLeast(requiredVersion);,2,1,0,1,2,1,10,0,0,14,67,3,1.0,0,0
defect4j,lang,org/apache/commons/lang3/SystemUtils,7,1418,        if (osName == null || osVersion == null) {,0,1,0,1,3,0,10,0,0,12,42,7,1.0,0,0
defect4j,lang,org/apache/commons/lang3/SystemUtils,7,1421,        return osName.startsWith(osNamePrefix) && osVersion.startsWith(osVersionPrefix);,0,1,0,2,4,1,12,0,0,13,80,4,1.0,0,0
defect4j,lang,org/apache/commons/lang3/SystemUtils,7,1435,        if (osName == null) {,2,1,0,1,3,0,0,0,0,3,21,4,1.0,0,0
defect4j,lang,org/apache/commons/lang3/SystemUtils,7,1438,        return osName.startsWith(osNamePrefix);,2,0,0,1,2,2,10,2,0,15,39,1,1.0,0,0
defect4j,lang,org/apache/commons/lang3/JavaVersion,7,89,"    JavaVersion(final float value, final String name) {",6,0,0,1,3,2,0,2,0,10,51,2,1.0,0,0
defect4j,lang,org/apache/commons/lang3/JavaVersion,7,90,        this.value = value;,0,0,0,0,0,0,4,0,0,5,19,6,1.0,0,0
defect4j,lang,org/apache/commons/lang3/JavaVersion,7,91,        this.name = name;,4,0,0,0,0,0,0,0,0,5,17,3,1.0,0,0
defect4j,lang,org/apache/commons/lang3/JavaVersion,7,37,"    JAVA_1_1(1.1f, ""1.1""),",2,0,0,1,2,0,0,0,0,3,22,2,1.0,0,0
defect4j,lang,org/apache/commons/lang3/JavaVersion,7,47,"    JAVA_1_3(1.3f, ""1.3""),",2,0,0,1,2,0,0,0,0,3,22,2,1.0,0,0
defect4j,lang,org/apache/commons/lang3/JavaVersion,7,57,"    JAVA_1_5(1.5f, ""1.5""),",2,0,0,1,2,0,0,0,0,3,22,2,1.0,0,0
defect4j,lang,org/apache/commons/lang3/JavaVersion,7,67,"    JAVA_1_7(1.7f, ""1.7""),",2,0,0,1,2,0,0,0,0,3,22,2,1.0,0,0
defect4j,lang,org/apache/commons/lang3/JavaVersion,7,72,"    JAVA_1_8(1.8f, ""1.8"");",2,0,0,1,2,0,0,0,0,3,22,2,1.0,0,0
defect4j,lang,org/apache/commons/lang3/JavaVersion,7,27,public enum JavaVersion {,6,0,0,0,1,1,4,0,0,11,25,0,1.0,0,0
defect4j,lang,org/apache/commons/lang3/JavaVersion,7,132,"        if (""0.9"".equals(nom)) {",4,0,0,2,5,0,4,2,0,11,24,0,1.0,0,0
defect4j,lang,org/apache/commons/lang3/JavaVersion,7,134,"        } else if (""1.1"".equals(nom)) {",0,0,0,2,6,0,0,0,0,8,31,4,1.0,0,0
defect4j,lang,org/apache/commons/lang3/JavaVersion,7,136,"        } else if (""1.2"".equals(nom)) {",0,0,0,2,6,0,4,0,0,5,31,7,1.0,0,0
defect4j,lang,org/apache/commons/lang3/JavaVersion,7,140,"        } else if (""1.4"".equals(nom)) {",0,0,0,2,6,0,4,0,0,5,31,9,1.0,0,0
defect4j,lang,org/apache/commons/lang3/JavaVersion,7,142,"        } else if (""1.5"".equals(nom)) {",4,0,0,2,6,0,4,0,0,8,31,17,1.0,0,0
defect4j,lang,org/apache/commons/lang3/math/NumberUtils,7,457,"            if (str.startsWith(""-"")) { // drop -",4,1,0,2,5,0,4,0,0,10,36,5,1.0,0,0
defect4j,lang,org/apache/commons/lang3/math/NumberUtils,7,460,            if (hexDigits > 8) { // too many for an int,2,1,0,1,3,0,0,0,0,3,43,6,1.0,0,0
defect4j,lang,org/apache/commons/lang3/math/NumberUtils,7,463,            return createInteger(str);,2,0,0,1,2,4,6,4,0,16,26,1,1.0,0,0
defect4j,lang,org/apache/commons/lang3/math/NumberUtils,7,474,            if (expPos > -1) {,14,8,0,1,3,0,14,2,0,39,18,3,1.0,0,0
defect4j,lang,org/apache/commons/lang3/math/NumberUtils,7,475,                if (expPos < decPos || expPos > str.length()) {,6,3,0,2,5,0,4,0,0,13,47,8,1.0,0,0
defect4j,lang,org/apache/commons/lang3/math/NumberUtils,7,478,"                dec = str.substring(decPos + 1, expPos);",10,1,0,1,2,0,4,0,0,18,40,3,1.0,0,0
defect4j,lang,org/apache/commons/lang3/math/NumberUtils,7,480,                dec = str.substring(decPos + 1);,10,1,0,1,2,0,0,0,0,12,32,6,1.0,0,0
defect4j,lang,org/apache/commons/lang3/math/NumberUtils,7,496,"                exp = str.substring(expPos + 1, str.length() - 1);",2,0,0,2,4,3,4,2,0,12,50,2,1.0,0,0
defect4j,lang,org/apache/commons/lang3/math/NumberUtils,7,521,                        Float f = NumberUtils.createFloat(numeric);,2,0,0,1,2,0,6,2,0,10,43,9,1.0,0,0
defect4j,lang,org/apache/commons/lang3/math/NumberUtils,7,535,                        Double d = NumberUtils.createDouble(numeric);,2,0,0,1,2,0,6,2,0,10,45,9,1.0,0,0
defect4j,lang,org/apache/commons/lang3/math/NumberUtils,7,536,                        if (!(d.isInfinite() || (d.floatValue() == 0.0D && !allZeros))) {,2,0,0,5,11,0,0,0,0,2,65,6,1.0,0,0
defect4j,lang,org/apache/commons/lang3/math/NumberUtils,7,537,                            return d;,4,1,0,0,0,1,4,0,0,9,9,3,1.0,0,0
defect4j,lang,org/apache/commons/lang3/math/NumberUtils,7,543,                        return createBigDecimal(numeric);,16,2,0,1,2,1,14,10,0,46,33,3,1.0,0,0
defect4j,lang,org/apache/commons/lang3/math/NumberUtils,7,555,            if (expPos > -1 && expPos < str.length() - 1) {,8,5,0,2,5,0,4,0,0,18,47,3,1.0,0,0
defect4j,lang,org/apache/commons/lang3/math/NumberUtils,7,556,"                exp = str.substring(expPos + 1, str.length());",4,1,0,2,4,0,8,0,0,14,46,8,1.0,0,0
defect4j,lang,org/apache/commons/lang3/math/NumberUtils,7,560,            if (dec == null && exp == null) {,6,3,1,1,3,0,0,0,0,12,33,5,1.0,0,0
defect4j,lang,org/apache/commons/lang3/math/NumberUtils,7,564,                } catch (NumberFormatException nfe) { // NOPMD,0,0,0,1,4,0,0,0,0,5,46,4,1.0,0,0
defect4j,lang,org/apache/commons/lang3/math/NumberUtils,7,568,                    return createLong(str);,0,0,0,1,2,1,4,0,0,5,23,5,1.0,0,0
defect4j,lang,org/apache/commons/lang3/math/NumberUtils,7,576,                boolean allZeros = isAllZeros(mant) && isAllZeros(exp);,14,1,0,2,4,0,24,2,0,45,55,3,1.0,0,0
defect4j,lang,org/apache/commons/lang3/math/NumberUtils,7,579,                    if (!(f.isInfinite() || (f.floatValue() == 0.0F && !allZeros))) {,6,3,0,5,11,0,12,0,0,24,65,3,1.0,0,0
defect4j,lang,org/apache/commons/lang3/math/NumberUtils,7,580,                        return f;,8,2,0,0,0,1,0,0,0,11,9,4,1.0,0,0
defect4j,lang,org/apache/commons/lang3/math/NumberUtils,7,446,        if (str == null) {,2,0,0,1,3,0,0,0,0,2,18,7,0.5,0,0
defect4j,lang,org/apache/commons/lang3/math/NumberUtils,7,452,"        if (str.startsWith(""--"")) {",2,0,0,2,5,0,4,0,0,7,27,4,0.5,1,0
defect4j,lang,org/apache/commons/lang3/math/NumberUtils,7,465,        char lastChar = str.charAt(str.length() - 1);,2,1,0,2,4,0,8,0,0,11,45,5,0.5,0,0
defect4j,lang,org/apache/commons/lang3/math/NumberUtils,7,470,        int expPos = str.indexOf('e') + str.indexOf('E') + 1;,8,1,0,2,4,0,16,2,0,31,53,3,0.5,0,0
defect4j,lang,org/apache/commons/lang3/math/NumberUtils,7,472,        if (decPos > -1) {,2,0,0,1,3,0,0,0,0,2,18,4,0.5,0,0
defect4j,lang,org/apache/commons/lang3/math/NumberUtils,7,484,            if (expPos > -1) {,10,4,0,1,3,0,0,0,0,15,18,3,0.5,0,0
defect4j,lang,org/apache/commons/lang3/math/NumberUtils,7,494,        if (!Character.isDigit(lastChar) && lastChar != '.') {,0,0,0,2,5,0,6,0,0,6,54,5,0.5,0,0
defect4j,lang,org/apache/commons/lang3/math/NumberUtils,7,495,            if (expPos > -1 && expPos < str.length() - 1) {,4,4,0,2,5,0,8,0,0,17,47,3,0.5,0,0
defect4j,lang,org/apache/commons/lang3/math/NumberUtils,7,498,                exp = null;,6,0,0,0,0,0,0,0,0,8,11,3,0.5,0,0
defect4j,lang,org/apache/commons/lang3/math/NumberUtils,7,501,"            String numeric = str.substring(0, str.length() - 1);",2,1,0,2,4,0,8,2,0,13,52,6,0.5,0,0
defect4j,lang,org/apache/commons/lang3/math/NumberUtils,7,503,            switch (lastChar) {,2,0,0,1,3,0,0,0,0,2,19,6,0.5,0,0
defect4j,lang,org/apache/commons/lang3/math/NumberUtils,7,510,                            return createLong(numeric);,2,0,0,1,2,1,8,2,0,13,27,4,0.5,0,0
defect4j,lang,org/apache/commons/lang3/math/NumberUtils,7,612,        for (int i = str.length() - 1; i >= 0; i--) {,8,1,0,2,5,0,4,0,0,14,45,1,0.5,0,0
defect4j,lang,org/apache/commons/lang3/math/NumberUtils,7,613,            if (str.charAt(i) != '0') {,0,1,1,2,5,0,10,0,0,21,27,5,0.5,0,0
defect4j,lang,org/apache/commons/lang3/math/NumberUtils,7,614,                return false;,6,3,0,0,0,1,0,0,0,9,13,4,0.5,0,0
defect4j,lang,org/apache/commons/lang3/math/NumberUtils,7,647,        if (str == null) {,2,1,0,1,3,0,8,0,0,11,18,3,0.5,0,0
defect4j,lang,org/apache/commons/lang3/math/NumberUtils,7,701,        return new BigInteger(str);,8,0,0,1,2,1,4,0,0,13,27,1,0.5,0,0
defect4j,lang,org/apache/commons/lang3/math/NumberUtils,7,714,        if (str == null) {,2,1,0,1,3,0,0,0,0,3,18,4,0.5,0,0
defect4j,lang,org/apache/commons/lang3/math/NumberUtils,7,725,        return new BigDecimal(str);,2,0,0,1,2,1,0,2,0,4,27,5,0.5,1,1
defect4j,lang,org/apache/commons/lang3/StringUtils,7,235,        if (cs == null || (strLen = cs.length()) == 0) {,0,0,0,3,7,0,0,0,0,10,48,4,0.33333,0,0
defect4j,lang,org/apache/commons/lang3/StringUtils,7,239,            if (Character.isWhitespace(cs.charAt(i)) == false) {,8,3,0,3,7,0,10,0,0,22,52,3,0.33333,0,0
defect4j,lang,org/apache/commons/lang3/StringUtils,7,240,                return false;,0,0,0,0,0,1,4,0,0,5,13,6,0.33333,0,0
defect4j,lang,org/apache/commons/lang3/math/NumberUtils,7,682,        if (str == null) {,2,1,0,1,3,0,0,0,0,3,18,4,0.33333,0,0
defect4j,lang,org/apache/commons/lang3/math/NumberUtils,7,685,        return Long.decode(str);,4,0,0,1,2,1,6,0,0,11,24,3,0.33333,0,0
defect4j,lang,org/apache/commons/lang3/math/NumberUtils,7,1300,            if (!Character.isDigit(str.charAt(i))) {,0,0,0,3,7,0,10,0,0,11,40,6,0.33333,0,0
defect4j,lang,org/apache/commons/lang3/math/NumberUtils,7,1304,        return true;,2,0,0,0,0,1,0,2,0,4,12,8,0.33333,0,0
defect4j,lang,org/apache/commons/lang3/time/FastDatePrinter,8,1134,            if (zone.useDaylightTime(),0,0,0,1,3,0,4,0,0,4,26,7,2.0,1,0
defect4j,lang,org/apache/commons/lang3/time/FastDatePrinter,8,1138,"                buffer.append(getTimeZoneDisplay(zone, false, mStyle, mLocale));",2,0,0,2,4,0,4,0,0,6,64,5,2.0,0,0
defect4j,lang,org/apache/commons/lang3/time/FastDatePrinter,8,1241,            if (obj instanceof TimeZoneDisplayKey) {,2,0,0,1,3,0,0,2,0,4,40,6,1.33333,0,0
defect4j,lang,org/apache/commons/lang3/time/FastDatePrinter,8,1242,                TimeZoneDisplayKey other = (TimeZoneDisplayKey)obj;,10,0,0,1,2,0,0,4,0,14,51,1,1.33333,0,0
defect4j,lang,org/apache/commons/lang3/time/FastDatePrinter,8,734,            } else if (value < 100) {,2,1,0,1,4,0,0,0,0,3,25,6,1.0,0,0
defect4j,lang,org/apache/commons/lang3/time/FastDatePrinter,8,735,                buffer.append((char)(value / 10 + '0'));,2,2,0,3,6,0,4,0,0,9,40,9,1.0,0,0
defect4j,lang,org/apache/commons/lang3/time/FastDatePrinter,8,736,                buffer.append((char)(value % 10 + '0'));,6,3,0,3,6,0,10,0,0,20,40,1,1.0,0,0
defect4j,lang,org/apache/commons/lang3/time/FastDateParser,9,180,        return parsePattern;,2,0,0,0,0,1,0,0,0,2,20,4,1.0,1,1
defect4j,lang,org/apache/commons/lang3/time/FastDateParser,9,260,        return date;,4,0,0,0,0,1,0,0,0,5,12,3,0.10526,0,0
defect4j,lang,org/apache/commons/lang3/time/FastDateParser,9,732,"            cal.set(field, modify(Integer.parseInt(value)));",0,0,0,3,6,0,14,0,0,14,48,6,0.10256,0,0
defect4j,lang,org/apache/commons/lang3/time/FastDateParser,9,741,            return iValue;,2,0,0,0,0,1,0,0,0,2,14,5,0.10256,0,0
defect4j,lang,org/apache/commons/lang3/time/FastDateParser,9,282,"        Calendar cal= Calendar.getInstance(timeZone, locale);",2,0,0,1,2,0,8,2,0,12,53,4,0.10256,0,0
defect4j,lang,org/apache/commons/lang3/time/FastDateParser,9,283,        cal.clear();,0,0,0,1,2,0,4,0,0,4,12,5,0.10256,0,0
defect4j,lang,org/apache/commons/lang3/time/FastDateParser,9,285,        for(int i=0; i<strategies.length;) {,10,1,0,1,3,0,4,2,0,17,36,3,0.10256,0,0
defect4j,lang,org/apache/commons/lang3/time/FastDateParser,9,287,"            strategy.setCalendar(this, cal, matcher.group(i));",0,0,0,2,4,0,12,0,0,12,50,7,0.10256,0,0
defect4j,lang,org/apache/commons/lang3/time/FastDateParser,9,289,        pos.setIndex(offset+matcher.end());,2,1,0,2,4,0,8,0,0,11,35,5,0.10256,0,0
defect4j,lang,org/apache/commons/lang3/time/FastDateParser,9,290,        return cal.getTime();,0,0,0,1,2,1,4,0,0,4,21,5,0.10256,0,0
defect4j,lang,org/apache/commons/lang3/time/FastDateParser,10,180,        return parsePattern;,2,0,0,0,0,1,0,0,0,2,20,4,1.0,0,0
defect4j,lang,org/apache/commons/lang3/time/FastDateParser,10,685,            KeyValue[] textKeyValues= parser.getDisplayNames(field);,4,0,0,2,4,0,12,6,0,22,56,1,0.2,0,0
defect4j,lang,org/apache/commons/lang3/time/FastDateParser,10,686,"            int idx= Arrays.binarySearch(textKeyValues, new KeyValue(value, -1), IGNORE_CASE_COMPARATOR);",10,1,1,2,4,0,8,2,0,25,93,1,0.2,0,0
defect4j,lang,org/apache/commons/lang3/time/FastDateParser,10,687,            if(idx<0) {,2,1,0,1,3,0,0,0,0,3,11,5,0.2,0,0
defect4j,lang,org/apache/commons/lang3/time/FastDateParser,10,696,"            cal.set(field, textKeyValues[idx].value);",4,0,1,2,4,0,12,0,0,21,41,1,0.2,0,0
defect4j,lang,org/apache/commons/lang3/time/FastDateParser,10,850,            return iValue-1;,2,1,0,0,0,1,0,0,0,3,16,8,0.13793,0,0
defect4j,lang,org/apache/commons/lang3/RandomStringUtils,11,253,                ch = (char) (random.nextInt(gap) + start);,4,1,0,3,6,0,6,0,0,12,42,8,0.5,1,1
defect4j,lang,org/apache/commons/lang3/RandomStringUtils,11,234,        if (start == 0 && end == 0) {,4,3,0,1,3,0,0,0,0,7,29,4,0.33333,0,0
defect4j,lang,org/apache/commons/lang3/RandomStringUtils,11,247,        char[] buffer = new char[count];,2,0,0,2,4,0,6,0,0,8,32,5,0.33333,0,0
defect4j,lang,org/apache/commons/lang3/RandomStringUtils,11,248,        int gap = end - start;,6,1,0,0,0,0,0,0,0,7,22,5,0.33333,0,0
defect4j,lang,org/apache/commons/lang3/RandomStringUtils,11,250,        while (count-- != 0) {,2,1,0,1,3,0,0,0,0,4,22,4,0.33333,0,0
defect4j,lang,org/apache/commons/lang3/RandomStringUtils,11,252,            if (chars == null) {,2,1,0,1,3,0,0,0,0,3,20,6,0.33333,0,0
defect4j,lang,org/apache/commons/lang3/RandomStringUtils,11,225,        if (count == 0) {,2,1,0,1,3,0,0,0,0,3,17,4,0.25,0,0
defect4j,lang,org/apache/commons/lang3/RandomStringUtils,11,227,        } else if (count < 0) {,2,1,0,1,4,0,0,0,0,3,23,5,0.25,0,0
defect4j,lang,org/apache/commons/lang3/RandomStringUtils,11,230,        if (chars != null && chars.length == 0) {,6,3,0,1,3,0,0,0,0,9,41,4,0.25,0,0
defect4j,lang,org/apache/commons/lang3/RandomStringUtils,12,248,                ch = chars[random.nextInt(gap) + start];,4,1,1,2,4,0,6,0,0,14,40,8,4.0,1,1
defect4j,lang,org/apache/commons/lang3/RandomStringUtils,12,227,        } else if (count < 0) {,2,1,0,1,4,0,0,0,0,3,23,5,2.0,0,0
defect4j,lang,org/apache/commons/lang3/RandomStringUtils,12,231,        if (start == 0 && end == 0) {,4,3,0,1,3,0,0,0,0,7,29,4,2.0,0,0
defect4j,lang,org/apache/commons/lang3/RandomStringUtils,12,232,                if (!letters && !numbers) {,4,1,0,1,3,0,0,0,0,7,27,6,2.0,1,0
defect4j,lang,org/apache/commons/lang3/RandomStringUtils,12,233,                    end = Integer.MAX_VALUE;,6,0,0,0,0,0,0,0,0,7,24,8,2.0,0,0
defect4j,lang,org/apache/commons/lang3/RandomStringUtils,12,240,        char[] buffer = new char[count];,2,0,1,2,4,0,0,0,0,4,32,5,2.0,1,1
defect4j,lang,org/apache/commons/lang3/RandomStringUtils,12,241,        int gap = end - start;,8,1,0,0,0,0,0,2,0,11,22,1,2.0,0,0
defect4j,lang,org/apache/commons/lang3/RandomStringUtils,12,243,        while (count-- != 0) {,2,1,0,1,3,0,0,0,0,4,22,4,2.0,0,0
defect4j,lang,org/apache/commons/lang3/RandomStringUtils,12,245,            if (chars == null) {,4,2,0,1,3,0,0,0,0,6,20,3,2.0,0,0
defect4j,lang,org/apache/commons/lang3/RandomStringUtils,12,43,    private static final Random RANDOM = new Random();,2,0,0,1,2,3,0,4,0,9,50,2,1.33333,0,0
defect4j,lang,org/apache/commons/lang3/SerializationException,13,75,"        super(msg, cause);",4,0,0,1,2,0,0,0,0,4,18,4,1.0,0,0
defect4j,lang,org/apache/commons/lang3/SerializationUtils,13,83,        ByteArrayInputStream bais = new ByteArrayInputStream(objectData);,4,0,0,1,2,0,0,4,0,8,65,4,0.2,1,1
defect4j,lang,org/apache/commons/lang3/SerializationUtils,13,85,        ClassLoaderAwareObjectInputStream in = null;,2,0,0,0,0,0,0,2,0,4,44,4,0.2,1,1
defect4j,lang,org/apache/commons/lang3/SerializationUtils,13,88,"            in = new ClassLoaderAwareObjectInputStream(bais, object.getClass().getClassLoader());",4,0,0,3,6,0,6,2,0,13,85,6,0.2,1,1
defect4j,lang,org/apache/commons/lang3/SerializationUtils,13,95,            T readObject = (T) in.readObject();,4,0,0,2,4,0,0,0,0,5,35,5,0.2,1,1
defect4j,lang,org/apache/commons/lang3/SerializationUtils,13,249,            super(in);,2,0,0,1,2,0,0,0,0,2,10,5,0.2,0,0
defect4j,lang,org/apache/commons/lang3/SerializationUtils,13,250,            this.classLoader = classLoader;,4,0,0,0,0,0,0,0,0,5,31,5,0.2,0,0
defect4j,lang,org/apache/commons/lang3/SerializationUtils,13,266,"                return Class.forName(name, false, classLoader);",2,0,0,1,2,4,8,0,0,14,47,1,0.2,0,0
defect4j,lang,org/apache/commons/lang3/SerializationUtils,13,82,        byte[] objectData = serialize(object);,4,0,0,2,4,3,4,4,0,15,38,1,0.16667,0,0
defect4j,lang,org/apache/commons/lang3/StringUtils,14,782,        if (cs1 == cs2) {,6,1,0,1,3,0,0,0,0,7,17,4,0.0625,0,0
defect4j,lang,org/apache/commons/lang3/StringUtils,14,785,        if (cs1 == null || cs2 == null) {,8,3,0,1,3,3,6,4,0,24,33,1,0.0625,0,0
defect4j,lang,org/apache/commons/lang3/StringUtils,14,716,        private static final Pattern java6Pattern = sunPattern;,4,0,0,0,0,3,0,2,0,9,55,3,0.0,0,0
defect4j,lang,org/apache/commons/lang3/StringUtils,14,721,            Method _java6NormalizeMethod = null;,2,0,0,0,0,3,0,4,0,9,36,2,0.0,0,0
defect4j,lang,org/apache/commons/lang3/StringUtils,14,728,                Class<?> normalizerFormClass = Thread.currentThread().getContextClassLoader(),2,0,0,2,4,0,6,2,0,10,77,7,0.0,0,0
defect4j,lang,org/apache/commons/lang3/StringUtils,14,731,                Class<?> normalizerClass = Thread.currentThread().getContextClassLoader(),2,0,0,2,4,0,6,2,0,10,73,7,0.0,0,0
defect4j,lang,org/apache/commons/lang3/StringUtils,14,733,"                _java6NormalizeMethod = normalizerClass.getMethod(""normalize"",//$NON-NLS-1$",2,0,0,0,1,0,4,0,0,8,75,7,0.0,0,0
defect4j,lang,org/apache/commons/lang3/StringUtils,14,735,            } catch (Exception e1) {,2,0,0,1,4,0,0,2,0,4,24,7,0.0,0,0
defect4j,lang,org/apache/commons/lang3/StringUtils,14,737,                _java6Exception = e1;,4,0,0,0,0,0,0,0,0,5,21,8,0.0,0,0
defect4j,lang,org/apache/commons/lang3/StringUtils,14,740,                    Class<?> normalizerClass = Thread.currentThread().getContextClassLoader(),2,0,0,2,4,0,6,2,0,10,73,10,0.0,0,0
defect4j,lang,org/apache/commons/lang3/StringUtils,14,742,"                    _sunDecomposeMethod = normalizerClass.getMethod(""decompose"",//$NON-NLS-1$",2,0,0,0,1,0,4,0,0,8,73,10,0.0,0,0
defect4j,lang,org/apache/commons/lang3/StringUtils,14,750,            java6Exception = _java6Exception;,10,0,0,0,0,0,6,2,0,19,33,1,0.0,0,0
defect4j,lang,org/apache/commons/lang3/StringUtils,14,751,            java6NormalizerFormNFD = _java6NormalizerFormNFD;,4,0,0,0,0,0,0,0,0,5,49,5,0.0,0,0
defect4j,lang,org/apache/commons/lang3/StringUtils,14,752,            java6NormalizeMethod = _java6NormalizeMethod;,4,0,0,0,0,0,0,0,0,5,45,5,0.0,0,0
defect4j,lang,org/apache/commons/lang3/StringUtils,14,753,            sunException = _sunException;,4,0,0,0,0,0,0,0,0,5,29,5,0.0,0,0
defect4j,lang,org/apache/commons/lang3/StringUtils,14,754,            sunDecomposeMethod = _sunDecomposeMethod;,4,0,0,0,0,0,0,0,0,5,41,5,0.0,0,0
defect4j,lang,org/apache/commons/lang3/StringUtils,14,755,        },2,0,0,0,1,3,2,2,0,10,1,2,0.0,0,0
defect4j,lang,org/apache/commons/lang3/CharSequenceUtils,14,56,"        return cs == null ? null : cs.subSequence(start, cs.length());",2,1,0,2,4,1,10,0,0,13,62,5,0.0,0,0
defect4j,lang,org/apache/commons/lang3/CharSequenceUtils,14,70,        if (cs instanceof String) {,2,0,0,1,3,0,0,2,0,4,27,5,0.0,0,0
defect4j,lang,org/apache/commons/lang3/CharSequenceUtils,14,71,"            return ((String) cs).indexOf(searchChar, start);",0,0,0,3,6,1,0,0,0,10,48,4,0.0,0,0
defect4j,lang,org/apache/commons/lang3/CharSequenceUtils,14,74,            if (start < 0) {,2,1,0,1,3,0,0,0,0,3,16,6,0.0,0,0
defect4j,lang,org/apache/commons/lang3/CharSequenceUtils,14,75,                start = 0;,4,0,0,0,0,3,0,4,0,13,10,1,0.0,0,0
defect4j,lang,org/apache/commons/lang3/CharSequenceUtils,14,77,            for (int i = start; i < sz; i++) {,2,1,0,1,3,0,0,0,0,3,34,4,0.0,0,0
defect4j,lang,org/apache/commons/lang3/CharSequenceUtils,14,78,                if (cs.charAt(i) == searchChar) {,2,1,0,2,5,0,6,0,0,9,33,8,0.0,0,0
defect4j,lang,org/apache/commons/lang3/CharSequenceUtils,14,79,                    return i;,2,0,0,0,0,1,0,0,0,2,9,10,0.0,0,0
defect4j,lang,org/apache/commons/lang3/CharSequenceUtils,14,82,            return -1;,0,0,0,0,0,1,2,0,0,5,10,1,0.0,0,0
defect4j,lang,org/apache/commons/lang3/CharSequenceUtils,14,95,"        return cs.toString().indexOf(searchChar.toString(), start);",0,0,0,3,6,1,12,0,0,12,59,5,0.0,0,0
defect4j,lang,org/apache/commons/lang3/CharSequenceUtils,14,117,        if (cs instanceof String) {,2,0,0,1,3,0,0,2,0,4,27,8,0.0,0,0
defect4j,lang,org/apache/commons/lang3/CharSequenceUtils,14,121,            if (start < 0) {,2,1,0,1,3,0,0,0,0,3,16,6,0.0,0,0
defect4j,lang,org/apache/commons/lang3/CharSequenceUtils,14,122,                return -1;,0,0,0,0,0,1,0,0,0,1,10,8,0.0,0,0
defect4j,lang,org/apache/commons/lang3/CharSequenceUtils,14,124,            if (start >= sz) {,4,1,0,1,3,0,0,0,0,5,18,6,0.0,0,0
defect4j,lang,org/apache/commons/lang3/CharSequenceUtils,14,125,                start = sz - 1;,4,1,0,0,0,0,6,0,0,15,15,5,0.0,0,0
defect4j,lang,org/apache/commons/lang3/CharSequenceUtils,14,128,                if (cs.charAt(i) == searchChar) {,4,2,0,2,5,0,6,0,0,12,33,4,0.0,0,0
defect4j,lang,org/apache/commons/lang3/CharSequenceUtils,14,132,            return -1;,12,1,0,0,0,4,0,0,0,17,10,1,0.0,0,0
defect4j,lang,org/apache/commons/lang3/CharSequenceUtils,14,145,"        return cs.toString().lastIndexOf(searchChar.toString(), start);",2,0,0,3,6,1,0,0,0,2,63,6,0.0,0,0
defect4j,lang,org/apache/commons/lang3/CharSequenceUtils,14,164,        if (cs instanceof String) {,2,0,0,1,3,0,0,2,0,4,27,5,0.0,0,0
defect4j,lang,org/apache/commons/lang3/CharSequenceUtils,14,167,            int sz = cs.length();,2,0,0,1,2,0,4,0,0,6,21,7,0.0,0,0
defect4j,lang,org/apache/commons/lang3/CharSequenceUtils,14,168,            char[] array = new char[cs.length()];,0,0,0,3,6,0,0,0,0,1,37,4,0.0,0,0
defect4j,lang,org/apache/commons/lang3/CharSequenceUtils,14,169,            for (int i = 0; i < sz; i++) {,8,1,0,1,3,0,0,0,0,10,30,6,0.0,0,0
defect4j,lang,org/apache/commons/lang3/CharSequenceUtils,14,170,                array[i] = cs.charAt(i);,2,0,1,2,4,2,6,4,0,19,24,1,0.0,0,0
defect4j,lang,org/apache/commons/lang3/CharSequenceUtils,14,172,            return array;,2,0,0,0,0,1,0,0,0,2,13,6,0.0,0,0
defect4j,lang,org/apache/commons/lang3/CharSequenceUtils,14,189,        if (cs instanceof String && substring instanceof String) {,4,1,0,1,3,0,0,4,0,9,58,4,0.0,0,0
defect4j,lang,org/apache/commons/lang3/CharSequenceUtils,14,190,"            return ((String) cs).regionMatches(ignoreCase, thisStart, (String) substring, start, length);",0,0,0,4,8,1,0,0,0,13,93,4,0.0,0,0
defect4j,lang,org/apache/commons/lang3/StringUtils,14,184,        return cs == null || cs.length() == 0;,4,4,1,1,2,4,2,0,0,23,38,1,0.0,0,0
defect4j,lang,org/apache/commons/lang3/StringUtils,14,203,        return !StringUtils.isEmpty(cs);,4,1,0,1,2,1,8,2,0,17,32,5,0.0,0,0
defect4j,lang,org/apache/commons/lang3/StringUtils,14,228,            if (Character.isWhitespace(cs.charAt(i)) == false) {,0,1,0,3,7,0,10,0,0,12,52,6,0.0,0,0
defect4j,lang,org/apache/commons/lang3/StringUtils,14,253,        return !StringUtils.isBlank(cs);,0,0,0,1,2,1,6,0,0,7,32,4,0.0,0,0
defect4j,lang,org/apache/commons/lang3/StringUtils,14,282,        return str == null ? null : str.trim();,10,1,0,1,2,4,14,2,0,31,39,1,0.0,0,0
defect4j,lang,org/apache/commons/lang3/StringUtils,14,308,        String ts = trim(str);,2,0,0,1,2,0,4,2,0,8,22,4,0.0,0,0
defect4j,lang,org/apache/commons/lang3/StringUtils,14,309,        return isEmpty(ts) ? null : ts;,0,0,0,1,2,1,6,0,0,6,31,7,0.0,0,0
defect4j,lang,org/apache/commons/lang3/StringUtils,14,334,        return str == null ? EMPTY : str.trim();,4,1,0,1,2,1,4,0,0,9,40,5,0.0,0,0
defect4j,lang,org/apache/commons/lang3/StringUtils,14,389,        if (str == null) {,2,1,0,1,3,0,0,0,0,3,18,4,0.0,0,0
defect4j,lang,org/apache/commons/lang3/StringUtils,14,390,            return null;,6,3,0,0,0,1,10,0,0,20,12,3,0.0,0,0
defect4j,lang,org/apache/commons/lang3/StringUtils,14,449,        if (isEmpty(str)) {,2,0,0,2,5,0,0,0,0,2,19,6,0.0,0,0
defect4j,lang,org/apache/commons/lang3/StringUtils,14,482,        if (str == null || (strLen = str.length()) == 0) {,4,3,0,3,7,0,4,0,0,12,50,4,0.0,0,0
defect4j,lang,org/apache/commons/lang3/StringUtils,14,483,            return str;,2,0,0,0,0,1,0,0,0,2,11,6,0.0,0,0
defect4j,lang,org/apache/commons/lang3/StringUtils,14,485,        int start = 0;,2,0,0,0,0,0,0,0,0,2,14,5,0.0,0,0
defect4j,lang,org/apache/commons/lang3/StringUtils,14,486,        if (stripChars == null) {,2,1,0,1,3,0,0,0,0,3,25,4,0.0,0,0
defect4j,lang,org/apache/commons/lang3/StringUtils,14,487,            while (start != strLen && Character.isWhitespace(str.charAt(start))) {,2,0,0,3,7,0,0,0,0,2,70,5,0.0,0,0
defect4j,lang,org/apache/commons/lang3/StringUtils,14,488,                start++;,4,0,0,0,0,0,0,4,0,9,8,3,0.0,0,0
defect4j,lang,org/apache/commons/lang3/StringUtils,14,490,        } else if (stripChars.length() == 0) {,2,1,0,2,6,0,10,2,0,15,38,5,0.0,0,0
defect4j,lang,org/apache/commons/lang3/StringUtils,14,497,        return str.substring(start);,2,1,0,1,2,1,0,0,0,3,28,4,0.0,0,0
defect4j,lang,org/apache/commons/lang3/StringUtils,14,536,            return str;,16,5,0,0,0,1,4,2,0,29,11,3,0.0,0,0
defect4j,lang,org/apache/commons/lang3/StringUtils,14,538,            while (end != 0 && stripChars.indexOf(str.charAt(end - 1)) != INDEX_NOT_FOUND) {,2,0,0,3,7,0,6,0,0,9,80,6,0.0,0,0
defect4j,lang,org/apache/commons/lang3/StringUtils,14,539,                end--;,0,0,0,0,0,0,6,0,0,6,6,5,0.0,0,0
defect4j,lang,org/apache/commons/lang3/StringUtils,14,567,"        return stripAll(strs, null);",0,0,0,1,2,1,4,0,0,5,28,4,0.0,0,0
defect4j,lang,org/apache/commons/lang3/StringUtils,14,598,            return strs;,26,4,0,0,0,1,28,0,0,59,12,1,0.0,0,0
defect4j,lang,org/apache/commons/lang3/StringUtils,14,600,        String[] newArr = new String[strsLen];,2,0,0,2,4,0,0,0,0,2,38,11,0.0,0,0
defect4j,lang,org/apache/commons/lang3/StringUtils,14,602,"            newArr[i] = strip(strs[i], stripChars);",10,3,0,3,6,0,12,2,0,29,39,3,0.0,0,0
defect4j,lang,org/apache/commons/lang3/StringUtils,14,604,        return newArr;,2,0,0,0,0,4,2,2,0,10,14,2,0.0,0,0
defect4j,lang,org/apache/commons/lang3/StringUtils,14,633,            String result = null;,12,2,0,0,0,0,4,0,0,20,21,3,0.0,0,0
defect4j,lang,org/apache/commons/lang3/StringUtils,14,634,            if (InitStripAccents.java6NormalizeMethod != null) {,2,1,0,1,3,0,0,0,0,3,52,4,0.0,0,0
defect4j,lang,org/apache/commons/lang3/StringUtils,14,635,                result = removeAccentsJava6(input);,4,0,0,1,2,0,4,0,0,10,35,3,0.0,0,0
defect4j,lang,org/apache/commons/lang3/StringUtils,14,637,                result = removeAccentsSUN(input);,2,0,0,1,2,0,4,0,0,7,33,9,0.0,0,0
defect4j,lang,org/apache/commons/lang3/StringUtils,14,646,        } catch(IllegalArgumentException iae) {,4,3,0,1,4,0,0,0,0,7,39,4,0.0,0,0
defect4j,lang,org/apache/commons/lang3/StringUtils,14,647,"            throw new RuntimeException(""IllegalArgumentException occurred"", iae);",6,2,0,1,2,0,0,2,0,12,69,3,0.0,0,0
defect4j,lang,org/apache/commons/lang3/StringUtils,14,650,        } catch(InvocationTargetException ite) {,4,1,0,1,4,0,0,2,0,7,40,1,0.0,0,0
defect4j,lang,org/apache/commons/lang3/StringUtils,14,652,        } catch(SecurityException se) {,6,1,0,1,4,0,0,0,0,7,31,3,0.0,0,0
defect4j,lang,org/apache/commons/lang3/StringUtils,14,653,"            throw new RuntimeException(""SecurityException occurred"", se);",2,0,0,1,2,0,0,2,0,5,61,8,0.0,0,0
defect4j,lang,org/apache/commons/lang3/StringUtils,14,673,        if (InitStripAccents.java6NormalizeMethod == null || InitStripAccents.java6NormalizerFormNFD == null) {,8,3,0,1,3,0,0,0,0,11,103,4,0.0,0,0
defect4j,lang,org/apache/commons/lang3/StringUtils,14,677,"        result = (String) InitStripAccents.java6NormalizeMethod.invoke(null, new Object[] {text, InitStripAccents.java6NormalizerFormNFD});",0,0,0,4,8,0,0,0,0,12,131,4,0.0,0,0
defect4j,lang,org/apache/commons/lang3/StringUtils,14,679,        return result;,4,0,0,0,0,3,0,6,0,12,14,1,0.0,0,0
defect4j,lang,org/apache/commons/lang3/StringUtils,14,697,        if (InitStripAccents.sunDecomposeMethod == null) {,8,0,0,1,3,1,0,6,0,15,50,2,0.0,0,0
defect4j,lang,org/apache/commons/lang3/StringUtils,14,701,"        result = (String) InitStripAccents.sunDecomposeMethod.invoke(null, new Object[] {text, Boolean.FALSE, Integer.valueOf(0)});",2,1,0,5,10,0,0,0,0,3,123,7,0.0,0,0
defect4j,lang,org/apache/commons/lang3/StringUtils,14,702,"        result = InitStripAccents.sunPattern.matcher(result).replaceAll("""");//$NON-NLS-1$",2,0,0,2,4,0,0,0,0,2,81,4,0.0,0,0
defect4j,lang,org/apache/commons/lang3/StringUtils,14,703,        return result;,2,0,0,0,0,1,0,0,0,2,14,4,0.0,0,0
defect4j,lang,org/apache/commons/lang3/StringUtils,14,844,            return INDEX_NOT_FOUND;,0,0,0,0,0,1,8,0,0,8,23,5,0.0,0,0
defect4j,lang,org/apache/commons/lang3/StringUtils,14,907,        if (seq == null || searchSeq == null) {,18,5,1,1,3,3,4,4,0,41,39,1,0.0,0,0
defect4j,lang,org/apache/commons/lang3/StringUtils,14,947,        if (seq == null || searchSeq == null) {,2,0,0,1,3,0,0,0,0,2,39,6,0.0,0,0
defect4j,lang,org/apache/commons/lang3/StringUtils,14,988,"        return ordinalIndexOf(str, searchStr, ordinal, false);",0,0,0,1,2,1,8,0,0,9,54,5,0.0,0,0
defect4j,lang,org/apache/commons/lang3/StringUtils,14,1006,        if (str == null || searchStr == null || ordinal <= 0) {,6,5,0,1,3,0,0,0,0,11,55,4,0.0,0,0
defect4j,lang,org/apache/commons/lang3/StringUtils,14,1009,        if (searchStr.length() == 0) {,0,1,0,2,5,0,4,0,0,5,30,4,0.0,0,0
defect4j,lang,org/apache/commons/lang3/StringUtils,14,1010,            return lastIndex ? str.length() : 0;,2,0,0,1,2,1,4,0,0,6,36,7,0.0,0,0
defect4j,lang,org/apache/commons/lang3/StringUtils,14,1013,        int index = lastIndex ? str.length() : INDEX_NOT_FOUND;,6,0,0,1,2,0,4,0,0,10,55,5,0.0,0,0
defect4j,lang,org/apache/commons/lang3/StringUtils,14,1016,"                index = CharSequenceUtils.lastIndexOf(str, searchStr, index - 1);",4,1,0,1,2,0,8,0,0,14,65,8,0.0,0,0
defect4j,lang,org/apache/commons/lang3/StringUtils,14,1020,            if (index < 0) {,2,1,0,1,3,0,0,0,0,4,16,3,0.0,0,0
defect4j,lang,org/apache/commons/lang3/StringUtils,14,1021,                return index;,2,0,0,0,0,1,0,0,0,2,13,8,0.0,0,0
defect4j,lang,org/apache/commons/lang3/StringUtils,14,1023,            found++;,2,0,0,0,0,0,6,0,0,9,8,3,0.0,0,0
defect4j,lang,org/apache/commons/lang3/StringUtils,14,1024,        } while (found < ordinal);,6,2,0,1,3,0,10,0,0,18,26,3,0.0,0,0
defect4j,lang,org/apache/commons/lang3/StringUtils,14,1025,        return index;,6,1,0,0,0,1,0,0,0,7,13,5,0.0,0,0
defect4j,lang,org/apache/commons/lang3/StringUtils,14,1090,        if (str == null || searchStr == null) {,6,3,0,1,3,0,0,0,0,9,39,3,0.0,0,0
defect4j,lang,org/apache/commons/lang3/StringUtils,14,1093,        if (startPos < 0) {,2,1,0,1,3,0,24,0,0,28,19,3,0.0,0,0
defect4j,lang,org/apache/commons/lang3/StringUtils,14,1094,            startPos = 0;,2,0,0,0,0,0,4,2,0,8,13,4,0.0,0,0
defect4j,lang,org/apache/commons/lang3/StringUtils,14,1096,        int endLimit = str.length() - searchStr.length() + 1;,2,2,0,2,4,0,8,0,0,12,53,5,0.0,0,0
defect4j,lang,org/apache/commons/lang3/StringUtils,14,1097,        if (startPos > endLimit) {,4,3,0,1,3,0,0,0,0,7,26,4,0.0,0,0
defect4j,lang,org/apache/commons/lang3/StringUtils,14,1098,            return INDEX_NOT_FOUND;,0,0,0,0,0,1,4,0,0,4,23,5,0.0,0,0
defect4j,lang,org/apache/commons/lang3/StringUtils,14,1100,        if (searchStr.length() == 0) {,0,1,0,2,5,0,4,0,0,5,30,4,0.0,0,0
defect4j,lang,org/apache/commons/lang3/StringUtils,14,1104,"            if (CharSequenceUtils.regionMatches(str, true, i, searchStr, 0, searchStr.length())) {",4,0,0,3,7,0,14,0,0,20,86,1,0.0,0,0
defect4j,lang,org/apache/commons/lang3/StringUtils,14,1105,                return i;,8,4,0,0,0,1,8,0,0,20,9,3,0.0,0,0
defect4j,lang,org/apache/commons/lang3/StringUtils,14,1108,        return INDEX_NOT_FOUND;,0,0,0,0,0,1,0,2,0,2,23,8,0.0,0,0
defect4j,lang,org/apache/commons/lang3/StringUtils,14,1134,        if (isEmpty(seq)) {,0,0,0,2,5,0,4,0,0,4,19,5,0.0,0,0
defect4j,lang,org/apache/commons/lang3/StringUtils,14,1135,            return INDEX_NOT_FOUND;,2,0,0,0,0,1,0,0,0,2,23,6,0.0,0,0
defect4j,lang,org/apache/commons/lang3/StringUtils,14,1137,"        return CharSequenceUtils.lastIndexOf(seq, searchChar, seq.length());",0,0,0,2,4,1,12,0,0,12,68,5,0.0,0,0
defect4j,lang,org/apache/commons/lang3/StringUtils,14,1170,            return INDEX_NOT_FOUND;,0,0,0,0,0,1,4,0,0,4,23,6,0.0,0,0
defect4j,lang,org/apache/commons/lang3/StringUtils,14,1172,"        return CharSequenceUtils.lastIndexOf(seq, searchChar, startPos);",0,0,0,1,2,1,10,0,0,10,64,5,0.0,0,0
defect4j,lang,org/apache/commons/lang3/StringUtils,14,1199,        if (seq == null || searchSeq == null) {,4,3,0,1,3,0,0,0,0,7,39,4,0.0,0,0
defect4j,lang,org/apache/commons/lang3/StringUtils,14,1200,            return INDEX_NOT_FOUND;,2,0,0,0,0,1,0,0,0,2,23,6,0.0,0,0
defect4j,lang,org/apache/commons/lang3/StringUtils,14,1202,"        return CharSequenceUtils.lastIndexOf(seq, searchSeq, seq.length());",0,0,0,2,4,1,0,0,0,7,67,4,0.0,0,0
defect4j,lang,org/apache/commons/lang3/StringUtils,14,1273,        if (seq == null || searchSeq == null) {,6,3,0,1,3,1,0,0,0,10,39,1,0.0,0,0
defect4j,lang,org/apache/commons/lang3/StringUtils,14,1274,            return INDEX_NOT_FOUND;,2,0,0,0,0,1,0,0,0,2,23,6,0.0,0,0
defect4j,lang,org/apache/commons/lang3/StringUtils,14,1303,        if (str == null || searchStr == null) {,2,1,0,1,3,0,0,0,0,3,39,9,0.0,0,0
defect4j,lang,org/apache/commons/lang3/StringUtils,14,1304,            return INDEX_NOT_FOUND;,4,1,0,0,0,1,0,0,0,5,23,4,0.0,0,0
defect4j,lang,org/apache/commons/lang3/StringUtils,14,1339,        if (str == null || searchStr == null) {,4,3,0,1,3,0,0,0,0,7,39,4,0.0,0,0
defect4j,lang,org/apache/commons/lang3/StringUtils,14,1340,            return INDEX_NOT_FOUND;,2,0,0,0,0,1,0,0,0,2,23,6,0.0,0,0
defect4j,lang,org/apache/commons/lang3/StringUtils,14,1342,        if (startPos > str.length() - searchStr.length()) {,2,2,0,3,7,0,8,0,0,12,51,4,0.0,0,0
defect4j,lang,org/apache/commons/lang3/StringUtils,14,1343,            startPos = str.length() - searchStr.length();,2,1,0,2,4,0,8,0,0,12,45,6,0.0,0,0
defect4j,lang,org/apache/commons/lang3/StringUtils,14,1346,            return INDEX_NOT_FOUND;,2,0,0,0,0,1,0,0,0,2,23,6,0.0,0,0
defect4j,lang,org/apache/commons/lang3/StringUtils,14,1348,        if (searchStr.length() == 0) {,0,1,0,2,5,0,4,0,0,5,30,4,0.0,0,0
defect4j,lang,org/apache/commons/lang3/StringUtils,14,1349,            return startPos;,0,0,0,0,0,1,0,0,0,1,16,6,0.0,0,0
defect4j,lang,org/apache/commons/lang3/StringUtils,14,1352,        for (int i = startPos; i >= 0; i--) {,4,0,0,1,3,0,4,0,0,8,37,0,0.0,0,0
defect4j,lang,org/apache/commons/lang3/StringUtils,14,1354,                return i;,2,0,0,0,0,1,0,0,0,2,9,8,0.0,0,0
defect4j,lang,org/apache/commons/lang3/StringUtils,14,1384,            return false;,0,0,0,0,0,1,0,0,0,2,13,3,0.0,0,0
defect4j,lang,org/apache/commons/lang3/StringUtils,14,1386,"        return CharSequenceUtils.indexOf(seq, searchChar, 0) >= 0;",0,1,0,1,2,1,8,0,0,9,58,4,0.0,0,0
defect4j,lang,org/apache/commons/lang3/StringUtils,14,1443,        if (str == null || searchStr == null) {,0,0,0,1,3,0,0,0,0,1,39,4,0.0,0,0
defect4j,lang,org/apache/commons/lang3/StringUtils,14,1446,        int len = searchStr.length();,2,0,0,1,2,0,4,0,0,6,29,5,0.0,0,0
defect4j,lang,org/apache/commons/lang3/StringUtils,14,1449,"            if (CharSequenceUtils.regionMatches(str, true, i, searchStr, 0, len)) {",0,0,0,2,5,0,12,0,0,13,71,7,0.0,0,0
defect4j,lang,org/apache/commons/lang3/StringUtils,14,1467,            return false;,2,1,0,0,0,1,0,0,0,4,13,1,0.0,0,0
defect4j,lang,org/apache/commons/lang3/StringUtils,14,1469,        int strLen = seq.length();,2,0,0,1,2,0,4,0,0,6,26,5,0.0,0,0
defect4j,lang,org/apache/commons/lang3/StringUtils,14,1471,            if (Character.isWhitespace(seq.charAt(i))) {,6,0,0,3,7,0,16,0,0,23,44,3,0.0,0,0
defect4j,lang,org/apache/commons/lang3/StringUtils,14,1507,        int csLen = cs.length();,2,0,0,1,2,0,4,0,0,6,24,5,0.0,0,0
defect4j,lang,org/apache/commons/lang3/StringUtils,14,1508,        int csLast = csLen - 1;,2,0,0,0,0,0,6,0,0,8,23,5,0.0,0,0
defect4j,lang,org/apache/commons/lang3/StringUtils,14,1511,        for (int i = 0; i < csLen; i++) {,2,0,0,1,3,0,0,0,0,2,33,5,0.0,0,0
defect4j,lang,org/apache/commons/lang3/StringUtils,14,1512,            char ch = cs.charAt(i);,2,0,0,1,2,0,6,0,0,8,23,7,0.0,0,0
defect4j,lang,org/apache/commons/lang3/StringUtils,14,1515,                    if (i < csLast && j < searchLast && Character.isHighSurrogate(ch)) {,12,4,0,2,5,0,12,0,0,30,68,3,0.0,0,0
defect4j,lang,org/apache/commons/lang3/StringUtils,14,1518,                            return i;,2,1,0,0,0,1,0,0,0,3,9,4,0.0,0,0
defect4j,lang,org/apache/commons/lang3/StringUtils,14,1526,        return INDEX_NOT_FOUND;,2,0,0,0,0,1,0,0,0,2,23,4,0.0,0,0
defect4j,lang,org/apache/commons/lang3/StringUtils,14,1553,        if (isEmpty(cs) || isEmpty(searchChars)) {,6,2,0,3,7,0,8,0,0,16,42,3,0.0,0,0
defect4j,lang,org/apache/commons/lang3/StringUtils,14,1554,            return INDEX_NOT_FOUND;,2,0,0,0,0,1,6,0,0,9,23,3,0.0,0,0
defect4j,lang,org/apache/commons/lang3/StringUtils,14,1556,"        return indexOfAny(cs, searchChars.toCharArray());",2,0,0,2,4,1,16,0,0,20,49,3,0.0,0,0
defect4j,lang,org/apache/commons/lang3/StringUtils,14,1586,        if (isEmpty(cs) || ArrayUtils.isEmpty(searchChars)) {,0,1,0,3,7,0,10,0,0,11,53,4,0.0,0,0
defect4j,lang,org/apache/commons/lang3/StringUtils,14,1594,            char ch = cs.charAt(i);,2,0,0,1,2,0,6,0,0,8,23,7,0.0,0,0
defect4j,lang,org/apache/commons/lang3/StringUtils,14,1596,                if (searchChars[j] == ch) {,2,1,1,2,5,0,0,0,0,7,27,8,0.0,0,0
defect4j,lang,org/apache/commons/lang3/StringUtils,14,1597,                    if (Character.isHighSurrogate(ch)) {,6,0,0,2,5,0,10,0,0,17,36,5,0.0,0,0
defect4j,lang,org/apache/commons/lang3/StringUtils,14,1600,                            return true;,0,0,0,0,0,1,0,0,0,1,12,14,0.0,0,0
defect4j,lang,org/apache/commons/lang3/StringUtils,14,1644,        if (searchChars == null) {,6,2,0,1,3,0,10,0,0,18,26,4,0.0,0,0
defect4j,lang,org/apache/commons/lang3/StringUtils,14,1645,            return false;,4,1,1,0,0,1,0,0,0,11,13,5,0.0,0,0
defect4j,lang,org/apache/commons/lang3/StringUtils,14,1677,        if (isEmpty(cs) || ArrayUtils.isEmpty(searchChars)) {,6,2,0,3,7,0,10,0,0,18,53,3,0.0,0,0
defect4j,lang,org/apache/commons/lang3/StringUtils,14,1682,        int searchLen = searchChars.length;,6,0,0,0,0,0,0,0,0,6,35,5,0.0,0,0
defect4j,lang,org/apache/commons/lang3/StringUtils,14,1685,        for (int i = 0; i < csLen; i++) {,8,1,0,1,3,0,0,0,0,10,33,5,0.0,0,0
defect4j,lang,org/apache/commons/lang3/StringUtils,14,1687,            for (int j = 0; j < searchLen; j++) {,2,1,0,1,3,0,0,0,0,3,37,4,0.0,0,0
defect4j,lang,org/apache/commons/lang3/StringUtils,14,1689,                    if (i < csLast && j < searchLast && Character.isHighSurrogate(ch)) {,10,5,0,2,5,0,6,0,0,21,68,3,0.0,0,0
defect4j,lang,org/apache/commons/lang3/StringUtils,14,1690,                        if (searchChars[j + 1] == cs.charAt(i + 1)) {,6,4,1,3,7,0,4,0,0,16,45,3,0.0,0,0
defect4j,lang,org/apache/commons/lang3/StringUtils,14,1691,                            continue outer;,8,2,0,0,0,0,0,0,0,10,15,3,0.0,0,0
defect4j,lang,org/apache/commons/lang3/StringUtils,14,1700,        return INDEX_NOT_FOUND;,4,1,1,0,0,1,0,0,0,9,23,3,0.0,0,0
defect4j,lang,org/apache/commons/lang3/StringUtils,14,1728,            return INDEX_NOT_FOUND;,6,1,0,0,0,1,0,0,0,7,23,4,0.0,0,0
defect4j,lang,org/apache/commons/lang3/StringUtils,14,1730,        int strLen = seq.length();,6,0,0,1,2,0,4,0,0,10,26,3,0.0,0,0
defect4j,lang,org/apache/commons/lang3/StringUtils,14,1731,        for (int i = 0; i < strLen; i++) {,8,1,0,1,3,0,0,0,0,10,34,4,0.0,0,0
defect4j,lang,org/apache/commons/lang3/StringUtils,14,1734,            if (i + 1 < strLen && Character.isHighSurrogate(ch)) {,8,1,0,2,5,0,4,0,0,14,54,3,0.0,0,0
defect4j,lang,org/apache/commons/lang3/StringUtils,14,1735,                char ch2 = seq.charAt(i + 1);,4,1,0,1,2,0,4,0,0,9,29,9,0.0,0,0
defect4j,lang,org/apache/commons/lang3/StringUtils,14,1736,"                if (chFound && CharSequenceUtils.indexOf(searchChars, ch2, 0) < 0) {",4,2,0,2,5,0,12,0,0,18,68,3,0.0,0,0
defect4j,lang,org/apache/commons/lang3/StringUtils,14,1737,                    return i;,2,0,0,0,0,1,0,0,0,2,9,10,0.0,0,0
defect4j,lang,org/apache/commons/lang3/StringUtils,14,1739,            } else {,4,1,0,0,2,0,0,0,0,5,8,4,0.0,0,0
defect4j,lang,org/apache/commons/lang3/StringUtils,14,1741,                    return i;,2,0,0,0,0,1,0,0,0,2,9,10,0.0,0,0
defect4j,lang,org/apache/commons/lang3/StringUtils,14,1777,        if (cs.length() == 0) {,2,3,0,2,5,0,12,0,0,17,23,3,0.0,0,0
defect4j,lang,org/apache/commons/lang3/StringUtils,14,1778,            return true;,2,0,0,0,0,1,0,0,0,3,12,6,0.0,0,0
defect4j,lang,org/apache/commons/lang3/StringUtils,14,1780,        if (valid.length == 0) {,4,1,0,1,3,0,0,0,0,5,24,4,0.0,0,0
defect4j,lang,org/apache/commons/lang3/StringUtils,14,1783,"        return indexOfAnyBut(cs, valid) == INDEX_NOT_FOUND;",4,1,0,1,2,1,6,0,0,11,51,3,0.0,0,0
defect4j,lang,org/apache/commons/lang3/StringUtils,14,1813,"        return containsOnly(cs, validChars.toCharArray());",0,0,0,2,4,1,8,0,0,8,50,5,0.0,0,0
defect4j,lang,org/apache/commons/lang3/StringUtils,14,1842,        if (cs == null || searchChars == null) {,6,3,0,1,3,0,4,0,0,13,40,3,0.0,0,0
defect4j,lang,org/apache/commons/lang3/StringUtils,14,1843,            return true;,0,0,0,0,0,1,10,0,0,11,12,3,0.0,0,0
defect4j,lang,org/apache/commons/lang3/StringUtils,14,1845,        int csLen = cs.length();,2,0,0,1,2,0,4,0,0,6,24,5,0.0,0,0
defect4j,lang,org/apache/commons/lang3/StringUtils,14,1846,        int csLast = csLen - 1;,4,1,0,0,0,0,0,0,0,6,23,3,0.0,0,0
defect4j,lang,org/apache/commons/lang3/StringUtils,14,1847,        int searchLen = searchChars.length;,6,0,0,0,0,0,0,0,0,6,35,5,0.0,0,0
defect4j,lang,org/apache/commons/lang3/StringUtils,14,1849,        for (int i = 0; i < csLen; i++) {,8,1,0,1,3,0,0,0,0,10,33,4,0.0,0,0
defect4j,lang,org/apache/commons/lang3/StringUtils,14,1850,            char ch = cs.charAt(i);,2,0,0,1,2,0,6,0,0,8,23,7,0.0,0,0
defect4j,lang,org/apache/commons/lang3/StringUtils,14,1851,            for (int j = 0; j < searchLen; j++) {,8,1,0,1,3,0,0,0,0,10,37,6,0.0,0,0
defect4j,lang,org/apache/commons/lang3/StringUtils,14,1852,                if (searchChars[j] == ch) {,2,1,1,2,5,0,0,0,0,7,27,8,0.0,0,0
defect4j,lang,org/apache/commons/lang3/StringUtils,14,1854,                        if (j == searchLast) {,4,1,0,1,3,0,0,0,0,5,22,12,0.0,0,0
defect4j,lang,org/apache/commons/lang3/StringUtils,14,1859,                            return false;,2,0,0,0,0,1,0,0,0,3,13,3,0.0,0,0
defect4j,lang,org/apache/commons/lang3/StringUtils,14,1895,        if (cs == null || invalidChars == null) {,4,3,0,1,3,0,0,0,0,7,41,4,0.0,0,0
defect4j,lang,org/apache/commons/lang3/StringUtils,14,1896,            return true;,2,0,0,0,0,1,0,0,0,5,12,3,0.0,0,0
defect4j,lang,org/apache/commons/lang3/StringUtils,14,1898,"        return containsNone(cs, invalidChars.toCharArray());",2,0,1,2,4,1,14,0,0,22,52,3,0.0,0,0
defect4j,lang,org/apache/commons/lang3/StringUtils,14,1931,        if (str == null || searchStrs == null) {,4,3,0,1,3,0,0,0,0,7,40,4,0.0,0,0
defect4j,lang,org/apache/commons/lang3/StringUtils,14,1932,            return INDEX_NOT_FOUND;,2,0,0,0,0,1,0,0,0,2,23,6,0.0,0,0
defect4j,lang,org/apache/commons/lang3/StringUtils,14,1934,        int sz = searchStrs.length;,2,0,0,0,0,0,0,0,0,2,27,4,0.0,0,0
defect4j,lang,org/apache/commons/lang3/StringUtils,14,1937,        int ret = Integer.MAX_VALUE;,2,1,0,0,0,0,0,0,0,3,28,6,0.0,0,0
defect4j,lang,org/apache/commons/lang3/StringUtils,14,1939,        int tmp = 0;,2,0,0,0,0,0,0,0,0,2,12,5,0.0,0,0
defect4j,lang,org/apache/commons/lang3/StringUtils,14,1941,            CharSequence search = searchStrs[i];,4,0,1,1,2,0,0,2,0,10,36,3,0.0,0,0
defect4j,lang,org/apache/commons/lang3/StringUtils,14,1942,            if (search == null) {,6,1,0,1,3,0,0,0,0,7,21,5,0.0,0,0
defect4j,lang,org/apache/commons/lang3/StringUtils,14,1946,            if (tmp == INDEX_NOT_FOUND) {,2,0,0,1,3,0,2,0,0,4,29,7,0.0,0,0
defect4j,lang,org/apache/commons/lang3/StringUtils,14,1950,            if (tmp < ret) {,4,1,0,1,3,0,0,0,0,5,16,6,0.0,0,0
defect4j,lang,org/apache/commons/lang3/StringUtils,14,1955,        return ret == Integer.MAX_VALUE ? INDEX_NOT_FOUND : ret;,12,2,0,0,0,1,12,0,0,26,56,3,0.0,0,0
defect4j,lang,org/apache/commons/lang3/StringUtils,14,1986,            return INDEX_NOT_FOUND;,2,0,0,0,0,1,0,0,0,2,23,6,0.0,0,0
defect4j,lang,org/apache/commons/lang3/StringUtils,14,1991,        for (int i = 0; i < sz; i++) {,8,1,0,1,3,0,0,0,0,10,30,4,0.0,0,0
defect4j,lang,org/apache/commons/lang3/StringUtils,14,1992,            CharSequence search = searchStrs[i];,4,0,1,1,2,0,0,2,0,11,36,3,0.0,0,0
defect4j,lang,org/apache/commons/lang3/StringUtils,14,1996,"            tmp = CharSequenceUtils.lastIndexOf(str, search, str.length());",4,0,0,2,4,0,12,0,0,17,63,3,0.0,0,0
defect4j,lang,org/apache/commons/lang3/StringUtils,14,1998,                ret = tmp;,4,0,0,0,0,0,0,0,0,5,10,8,0.0,0,0
defect4j,lang,org/apache/commons/lang3/StringUtils,14,2032,            return null;,0,0,0,0,0,1,0,2,0,3,12,12,0.0,0,0
defect4j,lang,org/apache/commons/lang3/StringUtils,14,2036,        if (start < 0) {,6,2,0,1,3,0,4,0,0,12,16,3,0.0,0,0
defect4j,lang,org/apache/commons/lang3/StringUtils,14,2043,        if (start > str.length()) {,2,1,0,2,5,0,4,0,0,7,27,4,0.0,0,0
defect4j,lang,org/apache/commons/lang3/StringUtils,14,2091,        if (end < 0) {,2,1,0,1,3,0,0,0,0,3,14,4,0.0,0,0
defect4j,lang,org/apache/commons/lang3/StringUtils,14,2094,        if (start < 0) {,2,1,0,1,3,0,0,0,0,3,16,4,0.0,0,0
defect4j,lang,org/apache/commons/lang3/StringUtils,14,2100,            end = str.length();,0,0,0,1,2,0,0,0,0,1,19,14,0.0,0,0
defect4j,lang,org/apache/commons/lang3/StringUtils,14,2105,            return EMPTY;,8,3,0,0,0,1,8,2,0,21,13,5,0.0,0,0
defect4j,lang,org/apache/commons/lang3/StringUtils,14,2108,        if (start < 0) {,2,1,0,1,3,0,0,0,0,3,16,4,0.0,0,0
defect4j,lang,org/apache/commons/lang3/StringUtils,14,2109,            start = 0;,6,3,0,0,0,0,2,0,0,12,10,4,0.0,0,0
defect4j,lang,org/apache/commons/lang3/StringUtils,14,2112,            end = 0;,2,0,0,0,0,0,0,0,0,3,8,7,0.0,0,0
defect4j,lang,org/apache/commons/lang3/StringUtils,14,2115,"        return str.substring(start, end);",0,0,0,1,2,1,8,0,0,8,33,5,0.0,0,0
defect4j,lang,org/apache/commons/lang3/StringUtils,14,2141,        if (str == null) {,2,1,0,1,3,0,0,0,0,3,18,4,0.0,0,0
defect4j,lang,org/apache/commons/lang3/StringUtils,14,2144,        if (len < 0) {,6,2,0,1,3,0,0,0,0,8,14,4,0.0,0,0
defect4j,lang,org/apache/commons/lang3/StringUtils,14,2148,            return str;,2,0,0,0,0,1,10,0,0,12,11,3,0.0,0,0
defect4j,lang,org/apache/commons/lang3/StringUtils,14,2174,        if (str == null) {,2,0,0,1,3,0,8,0,0,11,18,6,0.0,0,0
defect4j,lang,org/apache/commons/lang3/StringUtils,14,2175,            return null;,0,0,0,0,0,1,4,0,0,5,12,4,0.0,0,0
defect4j,lang,org/apache/commons/lang3/StringUtils,14,2212,        if (str == null) {,2,1,0,1,3,0,0,0,0,3,18,4,0.0,0,0
defect4j,lang,org/apache/commons/lang3/StringUtils,14,2215,        if (len < 0 || pos > str.length()) {,4,3,0,2,5,0,4,0,0,11,36,4,0.0,0,0
defect4j,lang,org/apache/commons/lang3/StringUtils,14,2222,            return str.substring(pos);,4,1,1,1,2,1,6,0,0,16,26,3,0.0,0,0
defect4j,lang,org/apache/commons/lang3/StringUtils,14,2224,"        return str.substring(pos, pos + len);",4,1,0,1,2,1,6,0,0,11,37,5,0.0,0,0
defect4j,lang,org/apache/commons/lang3/StringUtils,14,2258,            return str;,2,0,0,0,0,1,0,0,0,2,11,6,0.0,0,0
defect4j,lang,org/apache/commons/lang3/StringUtils,14,2260,        if (separator.length() == 0) {,8,2,0,2,5,0,4,0,0,15,30,3,0.0,0,0
defect4j,lang,org/apache/commons/lang3/StringUtils,14,2263,        int pos = str.indexOf(separator);,2,0,0,1,2,0,6,0,0,8,33,5,0.0,0,0
defect4j,lang,org/apache/commons/lang3/StringUtils,14,2302,        if (separator == null) {,4,1,0,1,3,0,0,0,0,5,24,4,0.0,0,0
defect4j,lang,org/apache/commons/lang3/StringUtils,14,2303,            return EMPTY;,6,0,0,0,0,1,0,0,0,7,13,5,0.0,0,0
defect4j,lang,org/apache/commons/lang3/StringUtils,14,2305,        int pos = str.indexOf(separator);,4,0,0,1,2,0,6,8,0,18,33,4,0.0,0,0
defect4j,lang,org/apache/commons/lang3/StringUtils,14,2306,        if (pos == INDEX_NOT_FOUND) {,4,1,0,1,3,0,0,0,0,5,29,4,0.0,0,0
defect4j,lang,org/apache/commons/lang3/StringUtils,14,2307,            return EMPTY;,2,0,0,0,0,1,0,0,0,2,13,6,0.0,0,0
defect4j,lang,org/apache/commons/lang3/StringUtils,14,2340,        if (isEmpty(str) || isEmpty(separator)) {,6,1,0,3,7,0,8,2,0,17,41,1,0.0,0,0
defect4j,lang,org/apache/commons/lang3/StringUtils,14,2341,            return str;,2,0,0,0,0,1,0,0,0,2,11,6,0.0,0,0
defect4j,lang,org/apache/commons/lang3/StringUtils,14,2343,        int pos = str.lastIndexOf(separator);,2,0,0,1,2,0,12,0,0,14,37,3,0.0,0,0
defect4j,lang,org/apache/commons/lang3/StringUtils,14,2383,        if (isEmpty(separator)) {,0,0,0,2,5,0,16,0,0,16,25,3,0.0,0,0
defect4j,lang,org/apache/commons/lang3/StringUtils,14,2384,            return EMPTY;,2,0,0,0,0,1,0,0,0,2,13,6,0.0,0,0
defect4j,lang,org/apache/commons/lang3/StringUtils,14,2387,        if (pos == INDEX_NOT_FOUND || pos == str.length() - separator.length()) {,6,4,0,3,7,0,8,0,0,18,73,4,0.0,0,0
defect4j,lang,org/apache/commons/lang3/StringUtils,14,2390,        return str.substring(pos + separator.length());,6,2,0,2,4,1,12,0,0,22,47,1,0.0,0,0
defect4j,lang,org/apache/commons/lang3/StringUtils,14,2452,        if (start != INDEX_NOT_FOUND) {,8,2,0,1,3,0,0,0,0,10,31,3,0.0,0,0
defect4j,lang,org/apache/commons/lang3/StringUtils,14,2454,            if (end != INDEX_NOT_FOUND) {,4,1,0,1,3,0,0,0,0,5,29,6,0.0,0,0
defect4j,lang,org/apache/commons/lang3/StringUtils,14,2455,"                return str.substring(start + open.length(), end);",2,1,0,2,4,1,10,0,0,13,49,9,0.0,0,0
defect4j,lang,org/apache/commons/lang3/StringUtils,14,2487,        int strLen = str.length();,4,0,0,1,2,0,4,0,0,9,26,5,0.0,0,0
defect4j,lang,org/apache/commons/lang3/StringUtils,14,2488,        if (strLen == 0) {,2,1,0,1,3,0,0,0,0,3,18,4,0.0,0,0
defect4j,lang,org/apache/commons/lang3/StringUtils,14,2489,            return ArrayUtils.EMPTY_STRING_ARRAY;,4,0,0,0,0,1,0,0,0,4,37,7,0.0,0,0
defect4j,lang,org/apache/commons/lang3/StringUtils,14,2491,        int closeLen = close.length();,2,0,0,1,2,0,4,0,0,6,30,5,0.0,0,0
defect4j,lang,org/apache/commons/lang3/StringUtils,14,2495,        while (pos < strLen - closeLen) {,6,2,0,1,3,0,0,0,0,8,33,4,0.0,0,0
defect4j,lang,org/apache/commons/lang3/StringUtils,14,2497,            if (start < 0) {,2,1,0,1,3,0,0,0,0,3,16,6,0.0,0,0
defect4j,lang,org/apache/commons/lang3/StringUtils,14,2500,            start += openLen;,0,0,0,0,0,0,4,0,0,4,17,5,0.0,0,0
defect4j,lang,org/apache/commons/lang3/StringUtils,14,2501,"            int end = str.indexOf(close, start);",12,1,0,1,2,0,8,0,0,23,36,3,0.0,0,0
defect4j,lang,org/apache/commons/lang3/StringUtils,14,2502,            if (end < 0) {,6,1,0,1,3,0,12,0,0,20,14,1,0.0,0,0
defect4j,lang,org/apache/commons/lang3/StringUtils,14,2506,            pos = end + closeLen;,0,0,0,0,0,0,4,0,0,5,21,4,0.0,0,0
defect4j,lang,org/apache/commons/lang3/StringUtils,14,2507,        },4,0,0,0,1,0,6,0,0,10,1,5,0.0,0,0
defect4j,lang,org/apache/commons/lang3/StringUtils,14,2508,        if (list.isEmpty()) {,6,1,0,2,5,0,4,0,0,12,21,3,0.0,0,0
defect4j,lang,org/apache/commons/lang3/StringUtils,14,2511,        return list.toArray(new String [list.size()]);,0,1,0,3,6,1,12,2,0,15,46,3,0.0,0,0
defect4j,lang,org/apache/commons/lang3/StringUtils,14,2542,"        return split(str, null, -1);",0,0,0,1,2,1,4,0,0,6,28,4,0.0,0,0
defect4j,lang,org/apache/commons/lang3/StringUtils,14,2570,"        return splitWorker(str, separatorChar, false);",0,0,0,1,2,1,6,0,0,7,46,5,0.0,0,0
defect4j,lang,org/apache/commons/lang3/StringUtils,14,2633,"        return splitWorker(str, separatorChars, max, false);",10,4,0,1,2,1,0,0,0,15,52,3,0.0,0,0
defect4j,lang,org/apache/commons/lang3/StringUtils,14,2660,"        return splitByWholeSeparatorWorker( str, separator, -1, false ) ;",0,0,0,1,2,1,14,0,0,16,65,5,0.0,0,0
defect4j,lang,org/apache/commons/lang3/StringUtils,14,2691,"        return splitByWholeSeparatorWorker(str, separator, max, false);",2,0,0,1,2,1,8,0,0,13,63,1,0.0,0,0
defect4j,lang,org/apache/commons/lang3/StringUtils,14,2720,"        return splitByWholeSeparatorWorker(str, separator, -1, true);",4,0,0,1,2,1,0,0,0,6,61,11,0.0,0,0
defect4j,lang,org/apache/commons/lang3/StringUtils,14,2753,"        return splitByWholeSeparatorWorker(str, separator, max, true);",2,1,0,1,2,1,8,0,0,12,62,3,0.0,0,0
defect4j,lang,org/apache/commons/lang3/StringUtils,14,2776,        int len = str.length();,4,0,0,1,2,0,8,2,0,14,23,4,0.0,0,0
defect4j,lang,org/apache/commons/lang3/StringUtils,14,2782,        if (separator == null || EMPTY.equals(separator)) {,2,2,0,2,5,0,6,0,0,10,51,4,0.0,0,0
defect4j,lang,org/apache/commons/lang3/StringUtils,14,2787,        int separatorLength = separator.length();,2,0,0,1,2,0,4,0,0,6,41,5,0.0,0,0
defect4j,lang,org/apache/commons/lang3/StringUtils,14,2790,        int numberOfSubstrings = 0;,2,0,0,0,0,0,0,0,0,2,27,8,0.0,0,0
defect4j,lang,org/apache/commons/lang3/StringUtils,14,2793,        while (end < len) {,4,1,0,1,3,0,12,0,0,18,19,3,0.0,0,0
defect4j,lang,org/apache/commons/lang3/StringUtils,14,2794,"            end = str.indexOf(separator, beg);",2,0,0,1,2,0,8,0,0,11,34,6,0.0,0,0
defect4j,lang,org/apache/commons/lang3/StringUtils,14,2797,                if (end > beg) {,2,0,0,1,3,0,0,0,0,3,16,6,0.0,0,0
defect4j,lang,org/apache/commons/lang3/StringUtils,14,2798,                    numberOfSubstrings += 1;,2,0,1,0,0,0,0,0,0,7,24,6,0.0,0,0
defect4j,lang,org/apache/commons/lang3/StringUtils,14,2800,                    if (numberOfSubstrings == max) {,8,3,0,1,3,0,0,0,0,11,32,3,0.0,0,0
defect4j,lang,org/apache/commons/lang3/StringUtils,14,2801,                        end = len;,6,0,0,0,0,0,0,0,0,7,10,3,0.0,0,0
defect4j,lang,org/apache/commons/lang3/StringUtils,14,2802,                        substrings.add(str.substring(beg));,8,2,0,2,4,0,10,0,0,21,35,3,0.0,0,0
defect4j,lang,org/apache/commons/lang3/StringUtils,14,2806,"                        substrings.add(str.substring(beg, end));",0,0,0,2,4,0,12,0,0,12,40,13,0.0,0,0
defect4j,lang,org/apache/commons/lang3/StringUtils,14,2815,                    if (preserveAllTokens) {,2,0,0,1,3,0,0,0,0,2,24,10,0.0,0,0
defect4j,lang,org/apache/commons/lang3/StringUtils,14,2816,                        numberOfSubstrings += 1;,4,0,0,0,0,0,14,0,0,19,24,3,0.0,0,0
defect4j,lang,org/apache/commons/lang3/StringUtils,14,2817,                        if (numberOfSubstrings == max) {,6,1,0,1,3,0,0,0,0,7,32,3,0.0,0,0
defect4j,lang,org/apache/commons/lang3/StringUtils,14,2818,                            end = len;,4,0,0,0,0,0,0,0,0,5,10,14,0.0,0,0
defect4j,lang,org/apache/commons/lang3/StringUtils,14,2824,                    beg = end + separatorLength;,6,1,0,0,0,0,0,0,0,8,28,10,0.0,0,0
defect4j,lang,org/apache/commons/lang3/StringUtils,14,2829,                end = len;,4,0,0,0,0,0,0,0,0,5,10,8,0.0,0,0
defect4j,lang,org/apache/commons/lang3/StringUtils,14,2833,        return substrings.toArray(new String[substrings.size()]);,4,1,0,3,6,2,8,2,0,16,57,3,0.0,0,0
defect4j,lang,org/apache/commons/lang3/StringUtils,14,2917,            return null;,2,1,0,0,0,1,0,0,0,3,12,4,0.0,0,0
defect4j,lang,org/apache/commons/lang3/StringUtils,14,2919,        int len = str.length();,4,1,0,1,2,0,0,0,0,5,23,9,0.0,0,0
defect4j,lang,org/apache/commons/lang3/StringUtils,14,2920,        if (len == 0) {,4,2,0,1,3,0,0,0,0,6,15,3,0.0,0,0
defect4j,lang,org/apache/commons/lang3/StringUtils,14,2921,            return ArrayUtils.EMPTY_STRING_ARRAY;,8,0,0,0,0,1,6,0,0,14,37,3,0.0,0,0
defect4j,lang,org/apache/commons/lang3/StringUtils,14,2923,        List<String> list = new ArrayList<String>();,2,1,0,1,2,0,0,0,0,3,44,4,0.0,0,0
defect4j,lang,org/apache/commons/lang3/StringUtils,14,2924,"        int i = 0, start = 0;",6,0,0,0,0,0,0,0,0,6,21,3,0.0,0,0
defect4j,lang,org/apache/commons/lang3/StringUtils,14,2925,        boolean match = false;,8,6,0,0,0,0,0,0,0,14,22,4,0.0,0,0
defect4j,lang,org/apache/commons/lang3/StringUtils,14,2937,            lastMatch = false;,2,0,0,0,0,0,0,0,0,4,18,6,0.0,0,0
defect4j,lang,org/apache/commons/lang3/StringUtils,14,2938,            match = true;,8,3,0,0,0,0,0,0,0,13,13,3,0.0,0,0
defect4j,lang,org/apache/commons/lang3/StringUtils,14,2944,        return list.toArray(new String[list.size()]);,2,0,0,3,6,1,8,2,0,12,45,3,0.0,0,0
defect4j,lang,org/apache/commons/lang3/StringUtils,14,2981,"        return splitWorker(str, separatorChars, -1, true);",6,2,1,1,2,1,6,0,0,21,50,3,0.0,0,0
defect4j,lang,org/apache/commons/lang3/StringUtils,14,3043,        if (str == null) {,18,0,0,1,3,0,14,0,0,33,18,4,0.0,0,0
defect4j,lang,org/apache/commons/lang3/StringUtils,14,3046,        int len = str.length();,4,0,0,1,2,0,4,0,0,8,23,3,0.0,0,0
defect4j,lang,org/apache/commons/lang3/StringUtils,14,3047,        if (len == 0) {,2,1,0,1,3,0,0,0,0,3,15,4,0.0,0,0
defect4j,lang,org/apache/commons/lang3/StringUtils,14,3048,            return ArrayUtils.EMPTY_STRING_ARRAY;,2,0,0,0,0,1,0,2,0,4,37,7,0.0,0,0
defect4j,lang,org/apache/commons/lang3/StringUtils,14,3050,        List<String> list = new ArrayList<String>();,4,1,0,1,2,0,2,0,0,7,44,7,0.0,0,0
defect4j,lang,org/apache/commons/lang3/StringUtils,14,3051,        int sizePlus1 = 1;,10,1,0,0,0,0,6,0,0,17,18,3,0.0,0,0
defect4j,lang,org/apache/commons/lang3/StringUtils,14,3054,        boolean lastMatch = false;,10,0,0,0,0,1,6,0,0,18,26,3,0.0,0,0
defect4j,lang,org/apache/commons/lang3/StringUtils,14,3055,        if (separatorChars == null) {,4,2,0,1,3,0,0,0,0,6,29,4,0.0,0,0
defect4j,lang,org/apache/commons/lang3/StringUtils,14,3057,            while (i < len) {,8,0,0,1,3,0,4,0,0,12,17,3,0.0,0,0
defect4j,lang,org/apache/commons/lang3/StringUtils,14,3058,                if (Character.isWhitespace(str.charAt(i))) {,0,0,0,3,7,0,10,0,0,10,44,9,0.0,0,0
defect4j,lang,org/apache/commons/lang3/StringUtils,14,3059,                    if (match || preserveAllTokens) {,12,2,0,1,3,0,0,0,0,15,33,3,0.0,0,0
defect4j,lang,org/apache/commons/lang3/StringUtils,14,3060,                        lastMatch = true;,6,0,0,0,0,1,0,4,0,11,17,4,0.0,0,0
defect4j,lang,org/apache/commons/lang3/StringUtils,14,3061,                        if (sizePlus1++ == max) {,4,1,0,1,3,0,0,0,0,6,25,12,0.0,0,0
defect4j,lang,org/apache/commons/lang3/StringUtils,14,3062,                            i = len;,2,1,0,0,0,0,0,0,0,3,8,4,0.0,0,0
defect4j,lang,org/apache/commons/lang3/StringUtils,14,3063,                            lastMatch = false;,2,0,0,0,0,0,0,0,0,2,18,6,0.0,0,0
defect4j,lang,org/apache/commons/lang3/StringUtils,14,3068,                    start = ++i;,4,0,0,0,0,0,0,0,0,6,12,10,0.0,0,0
defect4j,lang,org/apache/commons/lang3/StringUtils,14,3072,                match = true;,2,0,0,0,0,0,0,0,0,4,13,8,0.0,0,0
defect4j,lang,org/apache/commons/lang3/StringUtils,14,3073,                i++;,2,0,0,0,0,0,0,0,0,3,4,8,0.0,0,0
defect4j,lang,org/apache/commons/lang3/StringUtils,14,3075,        } else if (separatorChars.length() == 1) {,0,1,0,2,6,0,4,0,0,5,42,5,0.0,0,0
defect4j,lang,org/apache/commons/lang3/StringUtils,14,3079,                if (str.charAt(i) == sep) {,6,1,0,2,5,0,0,0,0,7,27,5,0.0,0,0
defect4j,lang,org/apache/commons/lang3/StringUtils,14,3080,                    if (match || preserveAllTokens) {,4,1,0,1,3,0,0,0,0,5,33,11,0.0,0,0
defect4j,lang,org/apache/commons/lang3/StringUtils,14,3081,                        lastMatch = true;,4,0,0,0,0,0,0,0,0,7,17,4,0.0,0,0
defect4j,lang,org/apache/commons/lang3/StringUtils,14,3082,                        if (sizePlus1++ == max) {,18,2,0,1,3,0,0,0,0,22,25,3,0.0,0,0
defect4j,lang,org/apache/commons/lang3/StringUtils,14,3084,                            lastMatch = false;,2,0,0,0,0,0,0,0,0,5,18,4,0.0,0,0
defect4j,lang,org/apache/commons/lang3/StringUtils,14,3086,"                        list.add(str.substring(start, i));",0,0,0,2,4,0,18,0,0,19,34,3,0.0,0,0
defect4j,lang,org/apache/commons/lang3/StringUtils,14,3087,                        match = false;,2,1,0,0,0,0,0,0,0,3,14,4,0.0,0,0
defect4j,lang,org/apache/commons/lang3/StringUtils,14,3089,                    start = ++i;,4,0,0,0,0,0,0,0,0,6,12,11,0.0,0,0
defect4j,lang,org/apache/commons/lang3/StringUtils,14,3092,                lastMatch = false;,2,0,0,0,0,0,6,0,0,12,18,3,0.0,0,0
defect4j,lang,org/apache/commons/lang3/StringUtils,14,3093,                match = true;,2,0,0,0,0,0,0,0,0,4,13,9,0.0,0,0
defect4j,lang,org/apache/commons/lang3/StringUtils,14,3096,        } else {,0,0,0,0,2,0,0,0,0,2,8,4,0.0,0,0
defect4j,lang,org/apache/commons/lang3/StringUtils,14,3099,                if (separatorChars.indexOf(str.charAt(i)) >= 0) {,0,1,0,3,7,0,10,0,0,11,49,9,0.0,0,0
defect4j,lang,org/apache/commons/lang3/StringUtils,14,3101,                        lastMatch = true;,4,1,0,0,0,0,0,0,0,7,17,4,0.0,0,0
defect4j,lang,org/apache/commons/lang3/StringUtils,14,3102,                        if (sizePlus1++ == max) {,6,1,0,1,3,0,0,0,0,8,25,4,0.0,0,0
defect4j,lang,org/apache/commons/lang3/StringUtils,14,3103,                            i = len;,4,0,0,0,0,0,0,0,0,5,8,15,0.0,0,0
defect4j,lang,org/apache/commons/lang3/StringUtils,14,3104,                            lastMatch = false;,0,0,0,0,0,0,0,0,0,1,18,4,0.0,0,0
defect4j,lang,org/apache/commons/lang3/StringUtils,14,3106,"                        list.add(str.substring(start, i));",2,2,0,2,4,0,18,0,0,22,34,4,0.0,0,0
defect4j,lang,org/apache/commons/lang3/StringUtils,14,3107,                        match = false;,2,0,0,0,0,0,4,0,0,6,14,4,0.0,0,0
defect4j,lang,org/apache/commons/lang3/StringUtils,14,3109,                    start = ++i;,4,0,0,0,0,0,0,0,0,6,12,11,0.0,0,0
defect4j,lang,org/apache/commons/lang3/StringUtils,14,3112,                lastMatch = false;,8,1,0,0,0,0,0,0,0,12,18,6,0.0,0,0
defect4j,lang,org/apache/commons/lang3/StringUtils,14,3113,                match = true;,2,0,0,0,0,0,0,0,0,4,13,9,0.0,0,0
defect4j,lang,org/apache/commons/lang3/StringUtils,14,3114,                i++;,2,1,0,0,0,0,0,0,0,3,4,4,0.0,0,0
defect4j,lang,org/apache/commons/lang3/StringUtils,14,3117,        if (match || preserveAllTokens && lastMatch) {,6,2,0,1,3,0,0,0,0,9,46,4,0.0,0,0
defect4j,lang,org/apache/commons/lang3/StringUtils,14,3171,"        return splitByCharacterType(str, true);",6,0,0,1,2,2,0,0,0,7,39,4,0.0,0,0
defect4j,lang,org/apache/commons/lang3/StringUtils,14,3193,            return ArrayUtils.EMPTY_STRING_ARRAY;,4,0,0,0,0,1,10,0,0,14,37,3,0.0,0,0
defect4j,lang,org/apache/commons/lang3/StringUtils,14,3198,        int currentType = Character.getType(c[tokenStart]);,2,0,1,2,4,0,4,0,0,10,51,5,0.0,0,0
defect4j,lang,org/apache/commons/lang3/StringUtils,14,3200,            int type = Character.getType(c[pos]);,2,0,1,2,4,0,4,0,0,10,37,7,0.0,0,0
defect4j,lang,org/apache/commons/lang3/StringUtils,14,3201,            if (type == currentType) {,4,1,0,1,3,0,0,0,0,5,26,6,0.0,0,0
defect4j,lang,org/apache/commons/lang3/StringUtils,14,3204,            if (camelCase && type == Character.LOWERCASE_LETTER && currentType == Character.UPPERCASE_LETTER) {,16,6,0,1,3,0,18,2,0,43,99,1,0.0,0,0
defect4j,lang,org/apache/commons/lang3/StringUtils,14,3205,                int newTokenStart = pos - 1;,4,1,0,0,0,0,0,0,0,5,28,9,0.0,0,0
defect4j,lang,org/apache/commons/lang3/StringUtils,14,3206,                if (newTokenStart != tokenStart) {,4,1,0,1,3,0,0,0,0,5,34,8,0.0,0,0
defect4j,lang,org/apache/commons/lang3/StringUtils,14,3207,"                    list.add(new String(c, tokenStart, newTokenStart - tokenStart));",4,0,0,2,4,0,6,0,0,10,64,5,0.0,0,0
defect4j,lang,org/apache/commons/lang3/StringUtils,14,3208,                    tokenStart = newTokenStart;,2,0,1,0,0,0,0,0,0,7,27,6,0.0,0,0
defect4j,lang,org/apache/commons/lang3/StringUtils,14,3210,            } else {,2,0,0,0,2,0,0,0,0,3,8,6,0.0,0,0
defect4j,lang,org/apache/commons/lang3/StringUtils,14,3212,                tokenStart = pos;,6,1,0,0,0,0,0,0,0,9,17,3,0.0,0,0
defect4j,lang,org/apache/commons/lang3/StringUtils,14,3214,            currentType = type;,6,0,0,0,0,0,0,0,0,7,19,3,0.0,0,0
defect4j,lang,org/apache/commons/lang3/StringUtils,14,3216,"        list.add(new String(c, tokenStart, c.length - tokenStart));",8,3,0,2,4,0,0,0,0,12,59,3,0.0,0,0
defect4j,lang,org/apache/commons/lang3/StringUtils,14,3217,        return list.toArray(new String[list.size()]);,8,5,0,3,6,1,12,0,0,26,45,1,0.0,0,0
defect4j,lang,org/apache/commons/lang3/StringUtils,14,3245,"        return join(elements, null);",0,1,0,1,2,1,8,0,0,10,28,3,0.0,0,0
defect4j,lang,org/apache/commons/lang3/StringUtils,14,3271,        if (array == null) {,4,2,0,1,3,0,6,0,0,12,20,3,0.0,0,0
defect4j,lang,org/apache/commons/lang3/StringUtils,14,3272,            return null;,4,1,0,0,0,1,0,0,0,6,12,4,0.0,0,0
defect4j,lang,org/apache/commons/lang3/StringUtils,14,3275,"        return join(array, separator, 0, array.length);",4,3,0,1,2,1,0,0,0,7,47,4,0.0,0,0
defect4j,lang,org/apache/commons/lang3/StringUtils,14,3308,        int noOfItems = endIndex - startIndex;,4,1,0,0,0,1,0,4,0,10,38,4,0.0,0,0
defect4j,lang,org/apache/commons/lang3/StringUtils,14,3310,            return EMPTY;,2,0,0,0,0,1,0,0,0,2,13,6,0.0,0,0
defect4j,lang,org/apache/commons/lang3/StringUtils,14,3313,        StringBuilder buf = new StringBuilder(noOfItems * 16);,4,1,0,1,2,0,0,4,0,9,54,4,0.0,0,0
defect4j,lang,org/apache/commons/lang3/StringUtils,14,3315,        for (int i = startIndex; i < endIndex; i++) {,12,1,0,1,3,0,6,0,0,20,45,3,0.0,0,0
defect4j,lang,org/apache/commons/lang3/StringUtils,14,3316,            if (i > startIndex) {,6,2,0,1,3,0,0,0,0,8,21,3,0.0,0,0
defect4j,lang,org/apache/commons/lang3/StringUtils,14,3317,                buf.append(separator);,0,0,0,1,2,0,6,0,0,6,22,9,0.0,0,0
defect4j,lang,org/apache/commons/lang3/StringUtils,14,3320,                buf.append(array[i]);,0,0,1,2,4,0,4,0,0,8,21,9,0.0,0,0
defect4j,lang,org/apache/commons/lang3/StringUtils,14,3323,        return buf.toString();,8,1,0,1,2,1,8,0,0,17,22,3,0.0,0,0
defect4j,lang,org/apache/commons/lang3/StringUtils,14,3350,        if (array == null) {,4,1,0,1,3,0,4,0,0,10,20,4,0.0,0,0
defect4j,lang,org/apache/commons/lang3/StringUtils,14,3387,        if (separator == null) {,2,1,0,1,3,0,0,0,0,3,24,4,0.0,0,0
defect4j,lang,org/apache/commons/lang3/StringUtils,14,3388,            separator = EMPTY;,2,0,0,0,0,0,4,0,0,7,18,6,0.0,0,0
defect4j,lang,org/apache/commons/lang3/StringUtils,14,3393,        int noOfItems = endIndex - startIndex;,2,0,0,0,0,0,0,0,0,2,38,4,0.0,0,0
defect4j,lang,org/apache/commons/lang3/StringUtils,14,3394,        if (noOfItems <= 0) {,2,1,0,1,3,0,0,0,0,3,21,4,0.0,0,0
defect4j,lang,org/apache/commons/lang3/StringUtils,14,3398,        StringBuilder buf = new StringBuilder(noOfItems * 16);,2,0,0,1,2,0,0,0,0,2,54,4,0.0,0,0
defect4j,lang,org/apache/commons/lang3/StringUtils,14,3401,            if (i > startIndex) {,6,2,0,1,3,0,0,0,0,8,21,3,0.0,0,0
defect4j,lang,org/apache/commons/lang3/StringUtils,14,3402,                buf.append(separator);,2,0,0,1,2,0,0,0,0,2,22,4,0.0,0,0
defect4j,lang,org/apache/commons/lang3/StringUtils,14,3404,            if (array[i] != null) {,0,1,1,2,5,0,0,0,0,5,23,6,0.0,0,0
defect4j,lang,org/apache/commons/lang3/StringUtils,14,3428,        if (iterator == null) {,2,1,0,1,3,0,0,0,0,3,23,4,0.0,0,0
defect4j,lang,org/apache/commons/lang3/StringUtils,14,3429,            return null;,2,1,1,0,0,1,0,0,0,7,12,6,0.0,0,0
defect4j,lang,org/apache/commons/lang3/StringUtils,14,3431,        if (!iterator.hasNext()) {,0,0,0,2,5,0,4,0,0,5,26,4,0.0,0,0
defect4j,lang,org/apache/commons/lang3/StringUtils,14,3432,            return EMPTY;,2,0,0,0,0,1,0,0,0,2,13,6,0.0,0,0
defect4j,lang,org/apache/commons/lang3/StringUtils,14,3434,        Object first = iterator.next();,2,0,0,1,2,0,4,2,0,8,31,4,0.0,0,0
defect4j,lang,org/apache/commons/lang3/StringUtils,14,3440,"        StringBuilder buf = new StringBuilder(256); // Java default is 16, probably too small",2,0,0,1,2,0,0,4,0,6,85,4,0.0,0,0
defect4j,lang,org/apache/commons/lang3/StringUtils,14,3442,            buf.append(first);,2,0,0,1,2,0,6,0,0,8,18,5,0.0,0,0
defect4j,lang,org/apache/commons/lang3/StringUtils,14,3445,        while (iterator.hasNext()) {,2,0,1,2,5,0,4,0,0,14,28,3,0.0,0,0
defect4j,lang,org/apache/commons/lang3/StringUtils,14,3448,            if (obj != null) {,2,1,0,1,3,0,0,0,0,3,18,6,0.0,0,0
defect4j,lang,org/apache/commons/lang3/StringUtils,14,3472,        if (iterator == null) {,2,1,0,1,3,0,0,0,0,3,23,4,0.0,0,0
defect4j,lang,org/apache/commons/lang3/StringUtils,14,3473,            return null;,6,1,0,0,0,1,0,0,0,7,12,3,0.0,0,0
defect4j,lang,org/apache/commons/lang3/StringUtils,14,3484,"        StringBuilder buf = new StringBuilder(256); // Java default is 16, probably too small",2,0,0,1,2,0,0,4,0,6,85,4,0.0,0,0
defect4j,lang,org/apache/commons/lang3/StringUtils,14,3490,            if (separator != null) {,6,2,0,1,3,0,4,0,0,12,24,3,0.0,0,0
defect4j,lang,org/apache/commons/lang3/StringUtils,14,3491,                buf.append(separator);,2,0,0,1,2,0,6,0,0,8,22,3,0.0,0,0
defect4j,lang,org/apache/commons/lang3/StringUtils,14,3493,            Object obj = iterator.next();,6,1,0,1,2,0,0,0,0,7,29,5,0.0,0,0
defect4j,lang,org/apache/commons/lang3/StringUtils,14,3516,        if (iterable == null) {,2,1,0,1,3,0,0,0,0,3,23,4,0.0,0,0
defect4j,lang,org/apache/commons/lang3/StringUtils,14,3517,            return null;,2,0,0,0,0,1,0,0,0,3,12,9,0.0,0,0
defect4j,lang,org/apache/commons/lang3/StringUtils,14,3519,"        return join(iterable.iterator(), separator);",2,1,0,2,4,1,8,0,0,11,44,3,0.0,0,0
defect4j,lang,org/apache/commons/lang3/StringUtils,14,3537,        if (iterable == null) {,2,0,0,1,3,0,0,0,0,2,23,4,0.0,0,0
defect4j,lang,org/apache/commons/lang3/StringUtils,14,3538,            return null;,8,3,0,0,0,1,12,0,0,23,12,4,0.0,0,0
defect4j,lang,org/apache/commons/lang3/StringUtils,14,3564,        char[] chs = new char[sz];,2,0,1,2,4,0,0,0,0,4,26,5,0.0,0,0
defect4j,lang,org/apache/commons/lang3/StringUtils,14,3565,        int count = 0;,4,0,1,0,0,0,0,0,0,6,14,5,0.0,0,0
defect4j,lang,org/apache/commons/lang3/StringUtils,14,3571,        if (count == sz) {,8,1,0,1,3,0,0,4,0,13,18,3,0.0,0,0
defect4j,lang,org/apache/commons/lang3/StringUtils,14,3574,"        return new String(chs, 0, count);",0,0,0,1,2,1,0,0,0,1,33,6,0.0,0,0
defect4j,lang,org/apache/commons/lang3/StringUtils,14,3604,        if (isEmpty(str) || isEmpty(remove)) {,0,1,0,3,7,0,8,0,0,9,38,4,0.0,0,0
defect4j,lang,org/apache/commons/lang3/StringUtils,14,3605,            return str;,4,0,0,0,0,1,0,0,0,4,11,3,0.0,0,0
defect4j,lang,org/apache/commons/lang3/StringUtils,14,3608,            return str.substring(remove.length());,6,0,0,2,4,2,8,4,0,19,38,3,0.0,0,0
defect4j,lang,org/apache/commons/lang3/StringUtils,14,3610,        return str;,2,0,0,0,0,1,0,0,0,2,11,4,0.0,0,0
defect4j,lang,org/apache/commons/lang3/StringUtils,14,3639,        if (isEmpty(str) || isEmpty(remove)) {,0,1,0,3,7,0,8,0,0,9,38,4,0.0,0,0
defect4j,lang,org/apache/commons/lang3/StringUtils,14,3643,            return str.substring(remove.length());,0,0,0,2,4,1,8,0,0,8,38,7,0.0,0,0
defect4j,lang,org/apache/commons/lang3/StringUtils,14,3645,        return str;,2,0,0,0,0,1,0,0,0,2,11,4,0.0,0,0
defect4j,lang,org/apache/commons/lang3/StringUtils,14,3674,            return str;,2,0,0,0,0,1,0,0,0,2,11,6,0.0,0,0
defect4j,lang,org/apache/commons/lang3/StringUtils,14,3679,        return str;,4,0,0,0,0,1,6,0,0,10,11,3,0.0,0,0
defect4j,lang,org/apache/commons/lang3/StringUtils,14,3709,        if (isEmpty(str) || isEmpty(remove)) {,2,0,0,3,7,0,0,0,0,2,38,4,0.0,0,0
defect4j,lang,org/apache/commons/lang3/StringUtils,14,3710,            return str;,2,0,0,0,0,1,0,0,0,2,11,6,0.0,0,0
defect4j,lang,org/apache/commons/lang3/StringUtils,14,3712,"        if (endsWithIgnoreCase(str, remove)) {",2,1,0,2,5,0,10,0,0,13,38,3,0.0,0,0
defect4j,lang,org/apache/commons/lang3/StringUtils,14,3713,"            return str.substring(0, str.length() - remove.length());",0,1,0,3,6,1,12,0,0,13,56,7,0.0,0,0
defect4j,lang,org/apache/commons/lang3/StringUtils,14,3743,            return str;,2,0,0,0,0,1,0,0,0,2,11,6,0.0,0,0
defect4j,lang,org/apache/commons/lang3/StringUtils,14,3745,"        return replace(str, remove, EMPTY, -1);",2,1,0,1,2,1,0,0,0,3,39,4,0.0,0,0
defect4j,lang,org/apache/commons/lang3/StringUtils,14,3773,        for (int i = 0; i < chars.length; i++) {,0,0,0,1,3,0,0,0,0,1,40,14,0.0,0,0
defect4j,lang,org/apache/commons/lang3/StringUtils,14,3834,"        return replace(text, searchString, replacement, -1);",0,0,0,1,2,1,14,0,0,17,52,5,0.0,0,0
defect4j,lang,org/apache/commons/lang3/StringUtils,14,3867,            return text;,2,0,0,0,0,1,0,0,0,2,12,6,0.0,0,0
defect4j,lang,org/apache/commons/lang3/StringUtils,14,3869,        int start = 0;,2,0,0,0,0,0,0,0,0,2,14,5,0.0,0,0
defect4j,lang,org/apache/commons/lang3/StringUtils,14,3870,"        int end = text.indexOf(searchString, start);",2,0,0,1,2,0,8,0,0,10,44,5,0.0,0,0
defect4j,lang,org/apache/commons/lang3/StringUtils,14,3872,            return text;,10,1,0,0,0,1,0,0,0,12,12,4,0.0,0,0
defect4j,lang,org/apache/commons/lang3/StringUtils,14,3874,        int replLength = searchString.length();,0,0,0,1,2,0,4,0,0,4,39,7,0.0,0,0
defect4j,lang,org/apache/commons/lang3/StringUtils,14,3876,        increase = increase < 0 ? 0 : increase;,6,1,0,0,0,0,8,0,0,16,39,3,0.0,0,0
defect4j,lang,org/apache/commons/lang3/StringUtils,14,3877,        increase *= max < 0 ? 16 : max > 64 ? 64 : max;,10,3,0,0,0,0,10,0,0,24,47,3,0.0,0,0
defect4j,lang,org/apache/commons/lang3/StringUtils,14,3878,        StringBuilder buf = new StringBuilder(text.length() + increase);,4,1,1,2,4,0,4,4,0,22,64,3,0.0,0,0
defect4j,lang,org/apache/commons/lang3/StringUtils,14,3879,        while (end != INDEX_NOT_FOUND) {,4,1,0,1,3,0,0,0,0,5,32,4,0.0,0,0
defect4j,lang,org/apache/commons/lang3/StringUtils,14,3880,"            buf.append(text.substring(start, end)).append(replacement);",2,0,0,3,6,0,0,0,0,2,59,7,0.0,0,0
defect4j,lang,org/apache/commons/lang3/StringUtils,14,3881,            start = end + replLength;,6,1,0,0,0,0,0,0,0,8,25,6,0.0,0,0
defect4j,lang,org/apache/commons/lang3/StringUtils,14,3885,"            end = text.indexOf(searchString, start);",4,1,0,1,2,0,8,0,0,14,40,3,0.0,0,0
defect4j,lang,org/apache/commons/lang3/StringUtils,14,3981,        int timeToLive = searchList == null ? 0 : searchList.length;,2,1,1,0,0,0,0,0,0,7,60,6,0.0,0,0
defect4j,lang,org/apache/commons/lang3/StringUtils,14,4039,        if (text == null || text.length() == 0 || searchList == null ||,8,9,0,1,3,0,4,0,0,21,63,4,0.0,0,0
defect4j,lang,org/apache/commons/lang3/StringUtils,14,4041,            return text;,6,0,0,0,0,1,0,0,0,7,12,3,0.0,0,0
defect4j,lang,org/apache/commons/lang3/StringUtils,14,4051,        int replacementLength = replacementList.length;,6,0,0,0,0,0,0,0,0,6,47,5,0.0,0,0
defect4j,lang,org/apache/commons/lang3/StringUtils,14,4054,        if (searchLength != replacementLength) {,4,1,0,1,3,0,0,0,0,5,40,4,0.0,0,0
defect4j,lang,org/apache/commons/lang3/StringUtils,14,4055,"            throw new IllegalArgumentException(""Search and Replace array lengths don't match: """,8,5,0,0,1,0,4,4,0,22,83,3,0.0,0,0
defect4j,lang,org/apache/commons/lang3/StringUtils,14,4062,        boolean[] noMoreMatchesForReplIndex = new boolean[searchLength];,2,0,1,2,4,0,0,0,0,4,64,5,0.0,0,0
defect4j,lang,org/apache/commons/lang3/StringUtils,14,4065,        int textIndex = -1;,2,0,0,0,0,0,0,0,0,3,19,5,0.0,0,0
defect4j,lang,org/apache/commons/lang3/StringUtils,14,4067,        int tempIndex = -1;,2,0,0,0,0,0,0,0,0,3,19,5,0.0,0,0
defect4j,lang,org/apache/commons/lang3/StringUtils,14,4071,        for (int i = 0; i < searchLength; i++) {,8,1,0,1,3,0,0,0,0,10,40,4,0.0,0,0
defect4j,lang,org/apache/commons/lang3/StringUtils,14,4074,                continue;,4,1,0,0,0,0,0,0,0,5,9,4,0.0,0,0
defect4j,lang,org/apache/commons/lang3/StringUtils,14,4079,            if (tempIndex == -1) {,6,1,0,1,3,0,2,0,0,11,22,1,0.0,0,0
defect4j,lang,org/apache/commons/lang3/StringUtils,14,4082,                if (textIndex == -1 || tempIndex < textIndex) {,10,4,0,1,3,0,4,0,0,20,47,3,0.0,0,0
defect4j,lang,org/apache/commons/lang3/StringUtils,14,4084,                    replaceIndex = i;,4,0,0,0,0,0,8,0,0,14,17,3,0.0,0,0
defect4j,lang,org/apache/commons/lang3/StringUtils,14,4091,        if (textIndex == -1) {,6,1,0,1,3,0,2,0,0,10,22,7,0.0,0,0
defect4j,lang,org/apache/commons/lang3/StringUtils,14,4092,            return text;,2,0,0,0,0,1,0,0,0,2,12,6,0.0,0,0
defect4j,lang,org/apache/commons/lang3/StringUtils,14,4095,        int start = 0;,4,1,0,0,0,0,0,0,0,6,14,3,0.0,0,0
defect4j,lang,org/apache/commons/lang3/StringUtils,14,4105,            int greater = replacementList[i].length() - searchList[i].length();,6,2,1,4,8,0,4,0,0,20,67,3,0.0,0,0
defect4j,lang,org/apache/commons/lang3/StringUtils,14,4113,        StringBuilder buf = new StringBuilder(text.length() + increase);,4,1,0,2,4,0,4,4,0,13,64,4,0.0,0,0
defect4j,lang,org/apache/commons/lang3/StringUtils,14,4115,        while (textIndex != -1) {,2,1,0,1,3,0,4,0,0,8,25,3,0.0,0,0
defect4j,lang,org/apache/commons/lang3/StringUtils,14,4117,            for (int i = start; i < textIndex; i++) {,10,1,0,1,3,0,0,0,0,12,41,6,0.0,0,0
defect4j,lang,org/apache/commons/lang3/StringUtils,14,4118,                buf.append(text.charAt(i));,0,0,0,2,4,0,10,0,0,10,27,9,0.0,0,0
defect4j,lang,org/apache/commons/lang3/StringUtils,14,4120,            buf.append(replacementList[replaceIndex]);,0,0,1,2,4,0,4,0,0,8,42,7,0.0,0,0
defect4j,lang,org/apache/commons/lang3/StringUtils,14,4122,            start = textIndex + searchList[replaceIndex].length();,4,1,0,2,4,0,4,0,0,9,54,5,0.0,0,0
defect4j,lang,org/apache/commons/lang3/StringUtils,14,4124,            textIndex = -1;,2,0,0,0,0,0,0,0,0,4,15,6,0.0,0,0
defect4j,lang,org/apache/commons/lang3/StringUtils,14,4125,            replaceIndex = -1;,2,0,0,0,0,0,0,0,0,2,18,6,0.0,0,0
defect4j,lang,org/apache/commons/lang3/StringUtils,14,4126,            tempIndex = -1;,2,0,0,0,0,0,0,0,0,4,15,6,0.0,0,0
defect4j,lang,org/apache/commons/lang3/StringUtils,14,4129,            for (int i = 0; i < searchLength; i++) {,0,0,0,1,3,0,0,0,0,1,40,6,0.0,0,0
defect4j,lang,org/apache/commons/lang3/StringUtils,14,4130,                if (noMoreMatchesForReplIndex[i] || searchList[i] == null ||,0,4,1,2,5,0,6,0,0,18,60,3,0.0,0,0
defect4j,lang,org/apache/commons/lang3/StringUtils,14,4132,                    continue;,2,1,0,0,0,0,0,0,0,3,9,4,0.0,0,0
defect4j,lang,org/apache/commons/lang3/StringUtils,14,4137,                if (tempIndex == -1) {,4,2,0,1,3,0,0,0,0,7,22,3,0.0,0,0
defect4j,lang,org/apache/commons/lang3/StringUtils,14,4140,                    if (textIndex == -1 || tempIndex < textIndex) {,6,3,0,1,3,0,0,0,0,10,47,10,0.0,0,0
defect4j,lang,org/apache/commons/lang3/StringUtils,14,4141,                        textIndex = tempIndex;,2,0,1,0,0,0,6,0,0,10,22,3,0.0,0,0
defect4j,lang,org/apache/commons/lang3/StringUtils,14,4142,                        replaceIndex = i;,6,0,0,0,0,0,8,0,0,16,17,3,0.0,0,0
defect4j,lang,org/apache/commons/lang3/StringUtils,14,4149,        int textLength = text.length();,2,0,0,1,2,0,0,0,0,3,31,6,0.0,0,0
defect4j,lang,org/apache/commons/lang3/StringUtils,14,4150,        for (int i = start; i < textLength; i++) {,16,2,0,1,3,0,0,0,0,19,42,3,0.0,0,0
defect4j,lang,org/apache/commons/lang3/StringUtils,14,4153,        String result = buf.toString();,8,0,0,1,2,1,4,6,0,19,31,4,0.0,0,0
defect4j,lang,org/apache/commons/lang3/StringUtils,14,4158,"        return replaceEach(result, searchList, replacementList, repeat, timeToLive - 1);",2,1,0,1,2,1,16,0,0,19,80,3,0.0,0,0
defect4j,lang,org/apache/commons/lang3/StringUtils,14,4184,        if (str == null) {,4,1,0,1,3,0,10,0,0,15,18,3,0.0,0,0
defect4j,lang,org/apache/commons/lang3/StringUtils,14,4230,        if (replaceChars == null) {,2,1,0,1,3,0,0,0,0,3,27,4,0.0,0,0
defect4j,lang,org/apache/commons/lang3/StringUtils,14,4233,        boolean modified = false;,4,0,0,0,0,0,0,0,0,5,25,3,0.0,0,0
defect4j,lang,org/apache/commons/lang3/StringUtils,14,4234,        int replaceCharsLength = replaceChars.length();,2,0,0,1,2,0,4,0,0,6,47,5,0.0,0,0
defect4j,lang,org/apache/commons/lang3/StringUtils,14,4235,        int strLength = str.length();,0,0,1,1,2,0,4,0,0,13,29,6,0.0,0,0
defect4j,lang,org/apache/commons/lang3/StringUtils,14,4237,        for (int i = 0; i < strLength; i++) {,8,1,0,1,3,0,0,0,0,10,37,4,0.0,0,0
defect4j,lang,org/apache/commons/lang3/StringUtils,14,4238,            char ch = str.charAt(i);,2,0,0,1,2,0,6,0,0,8,24,7,0.0,0,0
defect4j,lang,org/apache/commons/lang3/StringUtils,14,4240,            if (index >= 0) {,8,2,0,1,3,0,0,0,0,10,17,3,0.0,0,0
defect4j,lang,org/apache/commons/lang3/StringUtils,14,4249,        if (modified) {,2,0,0,1,3,0,0,0,0,2,15,4,0.0,0,0
defect4j,lang,org/apache/commons/lang3/StringUtils,14,4250,            return buf.toString();,0,0,0,1,2,1,4,0,0,4,22,7,0.0,0,0
defect4j,lang,org/apache/commons/lang3/StringUtils,14,4252,        return str;,6,1,0,0,0,1,4,0,0,11,11,3,0.0,0,0
defect4j,lang,org/apache/commons/lang3/StringUtils,14,4287,        if (str == null) {,2,1,0,1,3,0,0,0,0,3,18,4,0.0,0,0
defect4j,lang,org/apache/commons/lang3/StringUtils,14,4288,            return null;,4,1,0,0,0,1,0,0,0,5,12,4,0.0,0,0
defect4j,lang,org/apache/commons/lang3/StringUtils,14,4291,            overlay = EMPTY;,4,0,0,0,0,0,0,0,0,5,16,6,0.0,0,0
defect4j,lang,org/apache/commons/lang3/StringUtils,14,4293,        int len = str.length();,2,0,0,1,2,0,4,0,0,6,23,5,0.0,0,0
defect4j,lang,org/apache/commons/lang3/StringUtils,14,4294,        if (start < 0) {,2,1,0,1,3,0,0,0,0,3,16,4,0.0,0,0
defect4j,lang,org/apache/commons/lang3/StringUtils,14,4295,            start = 0;,2,0,0,0,0,0,0,0,0,3,10,6,0.0,0,0
defect4j,lang,org/apache/commons/lang3/StringUtils,14,4297,        if (start > len) {,6,2,0,1,3,0,0,0,0,8,18,4,0.0,0,0
defect4j,lang,org/apache/commons/lang3/StringUtils,14,4298,            start = len;,2,0,0,0,0,0,0,0,0,4,12,9,0.0,0,0
defect4j,lang,org/apache/commons/lang3/StringUtils,14,4300,        if (end < 0) {,6,1,0,1,3,0,8,0,0,17,14,3,0.0,0,0
defect4j,lang,org/apache/commons/lang3/StringUtils,14,4301,            end = 0;,2,0,0,0,0,0,0,0,0,3,8,6,0.0,0,0
defect4j,lang,org/apache/commons/lang3/StringUtils,14,4303,        if (end > len) {,2,0,0,1,3,0,0,0,0,4,16,13,0.0,0,0
defect4j,lang,org/apache/commons/lang3/StringUtils,14,4304,            end = len;,4,0,0,0,0,0,0,0,0,5,10,6,0.0,0,0
defect4j,lang,org/apache/commons/lang3/StringUtils,14,4306,        if (start > end) {,4,1,0,1,3,0,0,0,0,5,18,4,0.0,0,0
defect4j,lang,org/apache/commons/lang3/StringUtils,14,4307,            int temp = start;,4,0,0,0,0,0,0,0,0,4,17,5,0.0,0,0
defect4j,lang,org/apache/commons/lang3/StringUtils,14,4308,            start = end;,2,0,0,0,0,0,0,0,0,2,12,6,0.0,0,0
defect4j,lang,org/apache/commons/lang3/StringUtils,14,4311,        return new StringBuilder(len + start - end + overlay.length() + 1),6,4,0,2,4,1,4,2,0,16,66,9,0.0,0,0
defect4j,lang,org/apache/commons/lang3/StringUtils,14,4350,        if (str.length() == 1) {,0,1,0,2,5,0,4,0,0,5,24,4,0.0,0,0
defect4j,lang,org/apache/commons/lang3/StringUtils,14,4351,            char ch = str.charAt(0);,2,0,0,1,2,0,4,0,0,6,24,7,0.0,0,0
defect4j,lang,org/apache/commons/lang3/StringUtils,14,4352,            if (ch == CharUtils.CR || ch == CharUtils.LF) {,12,3,0,1,3,0,4,0,0,20,47,4,0.0,0,0
defect4j,lang,org/apache/commons/lang3/StringUtils,14,4353,                return EMPTY;,2,0,0,0,0,1,0,0,0,3,13,3,0.0,0,0
defect4j,lang,org/apache/commons/lang3/StringUtils,14,4355,            return str;,6,1,0,0,0,1,4,2,0,13,11,3,0.0,0,0
defect4j,lang,org/apache/commons/lang3/StringUtils,14,4358,        int lastIdx = str.length() - 1;,2,1,0,1,2,0,4,0,0,7,31,5,0.0,0,0
defect4j,lang,org/apache/commons/lang3/StringUtils,14,4359,        char last = str.charAt(lastIdx);,6,1,0,1,2,0,6,2,0,17,32,3,0.0,0,0
defect4j,lang,org/apache/commons/lang3/StringUtils,14,4362,            if (str.charAt(lastIdx - 1) == CharUtils.CR) {,6,2,0,2,5,0,4,0,0,12,46,6,0.0,0,0
defect4j,lang,org/apache/commons/lang3/StringUtils,14,4363,                lastIdx--;,2,0,0,0,0,0,0,0,0,3,10,8,0.0,0,0
defect4j,lang,org/apache/commons/lang3/StringUtils,14,4365,        } else if (last != CharUtils.CR) {,10,1,0,1,4,0,12,0,0,23,34,3,0.0,0,0
defect4j,lang,org/apache/commons/lang3/StringUtils,14,4368,"        return str.substring(0, lastIdx);",4,0,0,1,2,1,18,0,0,22,33,4,0.0,0,0
defect4j,lang,org/apache/commons/lang3/StringUtils,14,4400,"        return removeEnd(str,separator);",8,1,0,1,2,1,6,0,0,16,32,3,0.0,0,0
defect4j,lang,org/apache/commons/lang3/StringUtils,14,4429,        if (str == null) {,2,1,0,1,3,0,0,0,0,3,18,4,0.0,0,0
defect4j,lang,org/apache/commons/lang3/StringUtils,14,4430,            return null;,2,0,0,0,0,1,6,2,0,10,12,4,0.0,0,0
defect4j,lang,org/apache/commons/lang3/StringUtils,14,4436,        int lastIdx = strLen - 1;,2,0,0,0,0,1,4,0,0,8,25,3,0.0,0,0
defect4j,lang,org/apache/commons/lang3/StringUtils,14,4437,"        String ret = str.substring(0, lastIdx);",6,1,0,1,2,0,0,0,0,7,39,5,0.0,0,0
defect4j,lang,org/apache/commons/lang3/StringUtils,14,4438,        char last = str.charAt(lastIdx);,6,0,0,1,2,0,6,0,0,13,32,3,0.0,0,0
defect4j,lang,org/apache/commons/lang3/StringUtils,14,4439,        if (last == CharUtils.LF && ret.charAt(lastIdx - 1) == CharUtils.CR) {,14,5,0,2,5,0,8,0,0,27,70,4,0.0,0,0
defect4j,lang,org/apache/commons/lang3/StringUtils,14,4440,"            return ret.substring(0, lastIdx - 1);",2,1,0,1,2,1,4,0,0,8,37,3,0.0,0,0
defect4j,lang,org/apache/commons/lang3/StringUtils,14,4442,        return ret;,2,0,0,0,0,1,0,0,0,2,11,4,0.0,0,0
defect4j,lang,org/apache/commons/lang3/StringUtils,14,4471,        if (str == null) {,4,1,0,1,3,0,0,8,0,13,18,3,0.0,0,0
defect4j,lang,org/apache/commons/lang3/StringUtils,14,4475,            return EMPTY;,2,0,0,0,0,1,0,0,0,2,13,6,0.0,0,0
defect4j,lang,org/apache/commons/lang3/StringUtils,14,4477,        int inputLength = str.length();,2,0,0,1,2,0,4,0,0,6,31,5,0.0,0,0
defect4j,lang,org/apache/commons/lang3/StringUtils,14,4479,            return str;,4,3,0,0,0,1,18,0,0,26,11,3,0.0,0,0
defect4j,lang,org/apache/commons/lang3/StringUtils,14,4485,        int outputLength = inputLength * repeat;,6,1,0,0,0,0,0,0,0,7,40,5,0.0,0,0
defect4j,lang,org/apache/commons/lang3/StringUtils,14,4486,        switch (inputLength) {,2,1,0,1,3,0,0,0,0,3,22,4,0.0,0,0
defect4j,lang,org/apache/commons/lang3/StringUtils,14,4488,"                return repeat(str.charAt(0), repeat);",0,0,0,2,4,1,8,0,0,8,37,6,0.0,0,0
defect4j,lang,org/apache/commons/lang3/StringUtils,14,4490,                char ch0 = str.charAt(0);,2,0,0,1,2,0,4,0,0,6,25,6,0.0,0,0
defect4j,lang,org/apache/commons/lang3/StringUtils,14,4492,                char[] output2 = new char[outputLength];,4,0,1,2,4,0,0,0,0,7,40,3,0.0,0,0
defect4j,lang,org/apache/commons/lang3/StringUtils,14,4493,"                for (int i = repeat * 2 - 2; i >= 0; i--, i--) {",4,1,0,1,3,0,0,0,0,5,48,4,0.0,0,0
defect4j,lang,org/apache/commons/lang3/StringUtils,14,4495,                    output2[i + 1] = ch1;,4,1,1,1,2,0,0,0,0,8,21,7,0.0,0,0
defect4j,lang,org/apache/commons/lang3/StringUtils,14,4497,                return new String(output2);,2,0,0,1,2,1,0,2,0,4,27,6,0.0,0,0
defect4j,lang,org/apache/commons/lang3/StringUtils,14,4499,                StringBuilder buf = new StringBuilder(outputLength);,2,0,1,1,2,0,0,0,0,6,52,7,0.0,0,0
defect4j,lang,org/apache/commons/lang3/StringUtils,14,4500,                for (int i = 0; i < repeat; i++) {,0,0,0,1,3,0,0,2,0,3,34,1,0.0,0,0
defect4j,lang,org/apache/commons/lang3/StringUtils,14,4501,                    buf.append(str);,2,0,0,1,2,0,10,0,0,12,16,3,0.0,0,0
defect4j,lang,org/apache/commons/lang3/StringUtils,14,4532,"            String result = repeat(str + separator, repeat);",6,1,0,1,2,0,4,2,0,13,48,6,0.0,0,0
defect4j,lang,org/apache/commons/lang3/StringUtils,14,4533,"            return removeEnd(result, separator);",10,1,0,1,2,1,0,0,0,12,36,4,0.0,0,0
defect4j,lang,org/apache/commons/lang3/StringUtils,14,4561,        for (int i = repeat - 1; i >= 0; i--) {,4,1,0,1,3,0,0,0,0,5,39,8,0.0,0,0
defect4j,lang,org/apache/commons/lang3/StringUtils,14,4562,            buf[i] = ch;,2,0,0,1,2,0,6,0,0,8,12,5,0.0,0,0
defect4j,lang,org/apache/commons/lang3/StringUtils,14,4564,        return new String(buf);,2,0,0,1,2,1,0,2,0,4,23,5,0.0,0,0
defect4j,lang,org/apache/commons/lang3/StringUtils,14,4615,        int pads = size - str.length();,4,1,0,1,2,0,0,0,0,5,31,4,0.0,0,0
defect4j,lang,org/apache/commons/lang3/StringUtils,14,4616,        if (pads <= 0) {,2,1,0,1,3,0,0,0,0,3,16,4,0.0,0,0
defect4j,lang,org/apache/commons/lang3/StringUtils,14,4617,            return str; // returns original String when possible,2,0,0,0,0,1,0,0,0,2,52,6,0.0,0,0
defect4j,lang,org/apache/commons/lang3/StringUtils,14,4619,        if (pads > PAD_LIMIT) {,4,1,0,1,3,0,0,0,0,5,23,4,0.0,0,0
defect4j,lang,org/apache/commons/lang3/StringUtils,14,4620,"            return rightPad(str, size, String.valueOf(padChar));",0,0,0,2,4,1,12,0,0,12,52,7,0.0,0,0
defect4j,lang,org/apache/commons/lang3/StringUtils,14,4622,"        return str.concat(repeat(padChar, pads));",0,0,0,2,4,1,8,2,0,10,41,5,0.0,0,0
defect4j,lang,org/apache/commons/lang3/StringUtils,14,4650,            return null;,2,1,0,0,0,1,0,0,0,3,12,4,0.0,0,0
defect4j,lang,org/apache/commons/lang3/StringUtils,14,4656,        int strLen = str.length();,4,1,0,1,2,0,4,0,0,9,26,3,0.0,0,0
defect4j,lang,org/apache/commons/lang3/StringUtils,14,4657,        int pads = size - strLen;,2,0,0,0,0,0,0,0,0,2,25,4,0.0,0,0
defect4j,lang,org/apache/commons/lang3/StringUtils,14,4659,            return str; // returns original String when possible,2,0,0,0,0,1,0,0,0,2,52,6,0.0,0,0
defect4j,lang,org/apache/commons/lang3/StringUtils,14,4662,"            return rightPad(str, size, padStr.charAt(0));",8,1,0,2,4,1,10,0,0,20,45,3,0.0,0,0
defect4j,lang,org/apache/commons/lang3/StringUtils,14,4667,        } else if (pads < padLen) {,8,2,0,1,4,0,0,0,0,10,27,3,0.0,0,0
defect4j,lang,org/apache/commons/lang3/StringUtils,14,4670,            char[] padding = new char[pads];,2,0,1,2,4,0,0,0,0,4,32,8,0.0,0,0
defect4j,lang,org/apache/commons/lang3/StringUtils,14,4671,            char[] padChars = padStr.toCharArray();,0,0,0,2,4,0,4,0,0,4,39,7,0.0,0,0
defect4j,lang,org/apache/commons/lang3/StringUtils,14,4673,                padding[i] = padChars[i % padLen];,4,1,1,2,4,0,0,0,0,12,34,9,0.0,0,0
defect4j,lang,org/apache/commons/lang3/StringUtils,14,4724,        if (str == null) {,2,1,0,1,3,0,0,0,0,3,18,4,0.0,0,0
defect4j,lang,org/apache/commons/lang3/StringUtils,14,4725,            return null;,2,0,0,0,0,1,6,0,0,9,12,9,0.0,0,0
defect4j,lang,org/apache/commons/lang3/StringUtils,14,4727,        int pads = size - str.length();,6,2,0,1,2,0,8,0,0,16,31,3,0.0,0,0
defect4j,lang,org/apache/commons/lang3/StringUtils,14,4729,            return str; // returns original String when possible,4,1,0,0,0,1,0,0,0,5,52,4,0.0,0,0
defect4j,lang,org/apache/commons/lang3/StringUtils,14,4734,"        return repeat(padChar, pads).concat(str);",0,0,0,2,4,1,10,0,0,10,41,5,0.0,0,0
defect4j,lang,org/apache/commons/lang3/StringUtils,14,4765,"            padStr = "" "";",10,2,0,0,0,0,2,0,0,17,13,1,0.0,0,0
defect4j,lang,org/apache/commons/lang3/StringUtils,14,4768,        int strLen = str.length();,0,3,0,1,2,0,16,0,0,21,26,6,0.0,0,0
defect4j,lang,org/apache/commons/lang3/StringUtils,14,4771,            return str; // returns original String when possible,2,0,0,0,0,1,0,0,0,2,52,6,0.0,0,0
defect4j,lang,org/apache/commons/lang3/StringUtils,14,4774,"            return leftPad(str, size, padStr.charAt(0));",0,0,0,2,4,1,16,0,0,16,44,3,0.0,0,0
defect4j,lang,org/apache/commons/lang3/StringUtils,14,4777,        if (pads == padLen) {,4,0,0,1,3,0,0,0,0,5,21,5,0.0,0,0
defect4j,lang,org/apache/commons/lang3/StringUtils,14,4779,        } else if (pads < padLen) {,6,1,0,1,4,0,4,0,0,12,27,4,0.0,0,0
defect4j,lang,org/apache/commons/lang3/StringUtils,14,4780,"            return padStr.substring(0, pads).concat(str);",0,0,0,2,4,1,10,0,0,10,45,8,0.0,0,0
defect4j,lang,org/apache/commons/lang3/StringUtils,14,4782,            char[] padding = new char[pads];,2,1,0,2,4,0,0,0,0,3,32,4,0.0,0,0
defect4j,lang,org/apache/commons/lang3/StringUtils,14,4785,                padding[i] = padChars[i % padLen];,4,1,1,2,4,0,0,0,0,12,34,9,0.0,0,0
defect4j,lang,org/apache/commons/lang3/StringUtils,14,4860,        if (str == null || size <= 0) {,2,1,0,1,3,0,0,0,0,3,31,4,0.0,0,0
defect4j,lang,org/apache/commons/lang3/StringUtils,14,4861,            return str;,2,0,0,0,0,1,0,0,0,2,11,6,0.0,0,0
defect4j,lang,org/apache/commons/lang3/StringUtils,14,4868,"        str = leftPad(str, strLen + pads / 2, padChar);",6,2,1,1,2,0,6,0,0,24,47,3,0.0,0,0
defect4j,lang,org/apache/commons/lang3/StringUtils,14,4870,        return str;,2,0,0,0,0,1,0,0,0,2,11,4,0.0,0,0
defect4j,lang,org/apache/commons/lang3/StringUtils,14,4900,        if (str == null || size <= 0) {,4,3,0,1,3,0,0,0,0,7,31,4,0.0,0,0
defect4j,lang,org/apache/commons/lang3/StringUtils,14,4901,            return str;,2,0,0,0,0,1,0,0,0,2,11,6,0.0,0,0
defect4j,lang,org/apache/commons/lang3/StringUtils,14,4904,"            padStr = "" "";",2,0,0,0,0,0,0,0,0,4,13,6,0.0,0,0
defect4j,lang,org/apache/commons/lang3/StringUtils,14,4907,        int pads = size - strLen;,8,2,0,0,0,0,0,0,0,10,25,3,0.0,0,0
defect4j,lang,org/apache/commons/lang3/StringUtils,14,4911,"        str = leftPad(str, strLen + pads / 2, padStr);",6,2,0,1,2,0,6,0,0,15,46,4,0.0,0,0
defect4j,lang,org/apache/commons/lang3/StringUtils,14,4913,        return str;,12,1,0,0,0,1,0,0,0,14,11,3,0.0,0,0
defect4j,lang,org/apache/commons/lang3/StringUtils,14,4961,        if (str == null) {,2,1,0,1,3,0,0,0,0,3,18,4,0.0,0,0
defect4j,lang,org/apache/commons/lang3/StringUtils,14,4964,        return str.toUpperCase(locale);,2,0,1,1,2,1,10,0,0,19,31,3,0.0,0,0
defect4j,lang,org/apache/commons/lang3/StringUtils,14,4987,        if (str == null) {,2,1,0,1,3,0,0,0,0,3,18,4,0.0,0,0
defect4j,lang,org/apache/commons/lang3/StringUtils,14,4990,        return str.toLowerCase();,0,1,0,1,2,1,8,0,0,9,25,4,0.0,0,0
defect4j,lang,org/apache/commons/lang3/StringUtils,14,5038,        if (str == null || (strLen = str.length()) == 0) {,8,4,0,3,7,0,4,0,0,17,50,4,0.0,0,0
defect4j,lang,org/apache/commons/lang3/StringUtils,14,5039,            return str;,4,0,0,0,0,1,0,0,0,5,11,3,0.0,0,0
defect4j,lang,org/apache/commons/lang3/StringUtils,14,5041,        return new StringBuilder(strLen),2,0,0,1,2,1,0,2,0,4,32,8,0.0,0,0
defect4j,lang,org/apache/commons/lang3/StringUtils,14,5070,            return str;,2,0,0,0,0,1,0,0,0,2,11,6,0.0,0,0
defect4j,lang,org/apache/commons/lang3/StringUtils,14,5106,        if (StringUtils.isEmpty(str)) {,4,0,0,2,5,0,4,0,0,8,31,13,0.0,0,0
defect4j,lang,org/apache/commons/lang3/StringUtils,14,5107,            return str;,2,0,0,0,0,1,0,0,0,2,11,6,0.0,0,0
defect4j,lang,org/apache/commons/lang3/StringUtils,14,5110,        char[] buffer = str.toCharArray();,2,0,0,2,4,0,4,0,0,6,34,5,0.0,0,0
defect4j,lang,org/apache/commons/lang3/StringUtils,14,5112,        for (int i = 0; i < buffer.length; i++) {,14,4,0,1,3,0,0,0,0,19,41,3,0.0,0,0
defect4j,lang,org/apache/commons/lang3/StringUtils,14,5113,            char ch = buffer[i];,4,0,1,1,2,0,0,0,0,8,20,3,0.0,0,0
defect4j,lang,org/apache/commons/lang3/StringUtils,14,5115,                buffer[i] = Character.toLowerCase(ch);,0,0,1,2,4,0,6,0,0,11,38,8,0.0,0,0
defect4j,lang,org/apache/commons/lang3/StringUtils,14,5116,            } else if (Character.isTitleCase(ch)) {,2,0,0,2,6,0,6,0,0,8,39,3,0.0,0,0
defect4j,lang,org/apache/commons/lang3/StringUtils,14,5117,                buffer[i] = Character.toLowerCase(ch);,4,1,1,2,4,0,6,2,0,20,38,3,0.0,0,0
defect4j,lang,org/apache/commons/lang3/StringUtils,14,5118,            } else if (Character.isLowerCase(ch)) {,8,1,0,2,6,0,6,0,0,16,39,5,0.0,0,0
defect4j,lang,org/apache/commons/lang3/StringUtils,14,5119,                buffer[i] = Character.toUpperCase(ch);,0,0,1,2,4,0,6,0,0,11,38,10,0.0,0,0
defect4j,lang,org/apache/commons/lang3/StringUtils,14,5148,        if (isEmpty(str) || isEmpty(sub)) {,0,0,0,3,7,0,0,0,0,1,35,4,0.0,0,0
defect4j,lang,org/apache/commons/lang3/StringUtils,14,5151,        int count = 0;,2,0,0,0,0,0,0,0,0,2,14,5,0.0,0,0
defect4j,lang,org/apache/commons/lang3/StringUtils,14,5155,            idx += sub.length();,2,0,0,1,2,0,4,0,0,7,20,6,0.0,0,0
defect4j,lang,org/apache/commons/lang3/StringUtils,14,5157,        return count;,4,1,0,0,0,1,4,0,0,9,13,5,0.0,0,0
defect4j,lang,org/apache/commons/lang3/StringUtils,14,5183,        if (cs == null || cs.length() == 0) {,2,3,0,2,5,0,4,0,0,9,37,4,0.0,0,0
defect4j,lang,org/apache/commons/lang3/StringUtils,14,5184,            return false;,0,0,0,0,0,1,6,0,0,6,13,5,0.0,0,0
defect4j,lang,org/apache/commons/lang3/StringUtils,14,5187,        for (int i = 0; i < sz; i++) {,8,1,0,1,3,0,0,0,0,10,30,4,0.0,0,0
defect4j,lang,org/apache/commons/lang3/StringUtils,14,5188,            if (Character.isLetter(cs.charAt(i)) == false) {,18,7,1,3,7,0,14,0,0,47,48,3,0.0,0,0
defect4j,lang,org/apache/commons/lang3/StringUtils,14,5218,        if (cs == null) {,2,1,0,1,3,0,0,0,0,3,17,4,0.0,0,0
defect4j,lang,org/apache/commons/lang3/StringUtils,14,5221,        int sz = cs.length();,2,0,0,1,2,0,4,0,0,6,21,5,0.0,0,0
defect4j,lang,org/apache/commons/lang3/StringUtils,14,5222,        for (int i = 0; i < sz; i++) {,12,2,0,1,3,0,6,0,0,21,30,3,0.0,0,0
defect4j,lang,org/apache/commons/lang3/StringUtils,14,5223,            if (Character.isLetter(cs.charAt(i)) == false && cs.charAt(i) != ' ') {,0,0,0,4,9,0,0,0,0,13,71,4,0.0,0,0
defect4j,lang,org/apache/commons/lang3/StringUtils,14,5253,        if (cs == null || cs.length() == 0) {,2,3,0,2,5,0,4,0,0,9,37,4,0.0,0,0
defect4j,lang,org/apache/commons/lang3/StringUtils,14,5254,            return false;,4,0,0,0,0,1,0,2,0,7,13,3,0.0,0,0
defect4j,lang,org/apache/commons/lang3/StringUtils,14,5256,        int sz = cs.length();,2,0,1,1,2,0,8,2,0,17,21,3,0.0,0,0
defect4j,lang,org/apache/commons/lang3/StringUtils,14,5257,        for (int i = 0; i < sz; i++) {,8,1,0,1,3,0,0,0,0,10,30,4,0.0,0,0
defect4j,lang,org/apache/commons/lang3/StringUtils,14,5288,        if (cs == null) {,0,0,0,1,3,0,6,0,0,6,17,5,0.0,0,0
defect4j,lang,org/apache/commons/lang3/StringUtils,14,5289,            return false;,2,0,0,0,0,2,10,4,0,18,13,3,0.0,0,0
defect4j,lang,org/apache/commons/lang3/StringUtils,14,5292,        for (int i = 0; i < sz; i++) {,8,1,0,1,3,0,0,0,0,10,30,4,0.0,0,0
defect4j,lang,org/apache/commons/lang3/StringUtils,14,5293,            if (Character.isLetterOrDigit(cs.charAt(i)) == false && cs.charAt(i) != ' ') {,10,5,0,4,9,0,26,0,0,44,78,1,0.0,0,0
defect4j,lang,org/apache/commons/lang3/StringUtils,14,5328,            return false;,0,0,0,0,0,1,0,0,0,1,13,9,0.0,0,0
defect4j,lang,org/apache/commons/lang3/StringUtils,14,5330,        int sz = cs.length();,14,2,0,1,2,0,4,0,0,21,21,3,0.0,0,0
defect4j,lang,org/apache/commons/lang3/StringUtils,14,5336,        return true;,4,8,0,0,0,1,4,0,0,17,12,3,0.0,0,0
defect4j,lang,org/apache/commons/lang3/StringUtils,14,5363,        if (cs == null || cs.length() == 0) {,2,3,0,2,5,0,4,0,0,9,37,4,0.0,0,0
defect4j,lang,org/apache/commons/lang3/StringUtils,14,5366,        int sz = cs.length();,6,1,0,1,2,0,4,0,0,11,21,5,0.0,0,0
defect4j,lang,org/apache/commons/lang3/StringUtils,14,5367,        for (int i = 0; i < sz; i++) {,8,1,0,1,3,0,0,0,0,10,30,4,0.0,0,0
defect4j,lang,org/apache/commons/lang3/StringUtils,14,5400,        if (cs == null) {,2,1,0,1,3,0,0,0,0,3,17,4,0.0,0,0
defect4j,lang,org/apache/commons/lang3/StringUtils,14,5403,        int sz = cs.length();,2,0,0,1,2,0,4,0,0,6,21,5,0.0,0,0
defect4j,lang,org/apache/commons/lang3/StringUtils,14,5404,        for (int i = 0; i < sz; i++) {,10,2,0,1,3,0,10,0,0,23,30,3,0.0,0,0
defect4j,lang,org/apache/commons/lang3/StringUtils,14,5405,            if (Character.isDigit(cs.charAt(i)) == false && cs.charAt(i) != ' ') {,0,3,0,4,9,0,16,0,0,21,70,6,0.0,0,0
defect4j,lang,org/apache/commons/lang3/StringUtils,14,5433,        if (cs == null) {,2,1,0,1,3,0,0,0,0,3,17,4,0.0,0,0
defect4j,lang,org/apache/commons/lang3/StringUtils,14,5434,            return false;,6,3,0,0,0,1,0,0,0,11,13,4,0.0,0,0
defect4j,lang,org/apache/commons/lang3/StringUtils,14,5436,        int sz = cs.length();,2,0,0,1,2,0,4,0,0,6,21,5,0.0,0,0
defect4j,lang,org/apache/commons/lang3/StringUtils,14,5438,            if (Character.isWhitespace(cs.charAt(i)) == false) {,0,1,0,3,7,0,10,0,0,12,52,6,0.0,0,0
defect4j,lang,org/apache/commons/lang3/StringUtils,14,5442,        return true;,2,0,0,0,0,1,0,0,0,3,12,3,0.0,0,0
defect4j,lang,org/apache/commons/lang3/StringUtils,14,5465,        if (cs == null || isEmpty(cs)) {,2,2,0,2,5,0,4,0,0,9,32,4,0.0,0,0
defect4j,lang,org/apache/commons/lang3/StringUtils,14,5466,            return false;,2,0,1,0,0,1,0,0,0,5,13,3,0.0,0,0
defect4j,lang,org/apache/commons/lang3/StringUtils,14,5469,        for (int i = 0; i < sz; i++) {,14,4,0,1,3,0,6,0,0,25,30,3,0.0,0,0
defect4j,lang,org/apache/commons/lang3/StringUtils,14,5470,            if (Character.isLowerCase(cs.charAt(i)) == false) {,2,2,0,3,7,0,4,0,0,8,51,5,0.0,0,0
defect4j,lang,org/apache/commons/lang3/StringUtils,14,5471,                return false;,2,0,0,0,0,1,4,0,0,7,13,3,0.0,0,0
defect4j,lang,org/apache/commons/lang3/StringUtils,14,5498,            return false;,2,0,0,0,0,1,0,0,0,3,13,4,0.0,0,0
defect4j,lang,org/apache/commons/lang3/StringUtils,14,5501,        for (int i = 0; i < sz; i++) {,2,0,0,1,3,0,8,0,0,11,30,6,0.0,0,0
defect4j,lang,org/apache/commons/lang3/StringUtils,14,5502,            if (Character.isUpperCase(cs.charAt(i)) == false) {,4,1,1,3,7,0,18,0,0,26,51,3,0.0,0,0
defect4j,lang,org/apache/commons/lang3/StringUtils,14,5528,        return str == null ? EMPTY : str;,6,1,0,0,0,1,0,0,0,7,33,5,0.0,0,0
defect4j,lang,org/apache/commons/lang3/StringUtils,14,5571,        return StringUtils.isBlank(str) ? defaultStr : str;,4,1,0,1,2,1,16,0,0,22,51,3,0.0,0,0
defect4j,lang,org/apache/commons/lang3/StringUtils,14,5613,        if (str == null) {,2,1,0,1,3,0,0,0,0,3,18,4,0.0,0,0
defect4j,lang,org/apache/commons/lang3/StringUtils,14,5639,        if (str == null) {,2,1,0,1,3,0,0,0,0,3,18,4,0.0,0,0
defect4j,lang,org/apache/commons/lang3/StringUtils,14,5640,            return null;,2,0,0,0,0,1,6,4,0,12,12,6,0.0,0,0
defect4j,lang,org/apache/commons/lang3/StringUtils,14,5644,"        String[] strs = split(str, separatorChar);",2,0,1,2,4,0,6,2,0,12,42,3,0.0,0,0
defect4j,lang,org/apache/commons/lang3/StringUtils,14,5646,"        return join(strs, separatorChar);",2,2,0,1,2,1,4,0,0,9,33,4,0.0,0,0
defect4j,lang,org/apache/commons/lang3/StringUtils,14,5723,        if (str == null) {,2,1,0,1,3,0,0,0,0,3,18,4,0.0,0,0
defect4j,lang,org/apache/commons/lang3/StringUtils,14,5724,            return null;,4,1,0,0,0,1,0,2,0,9,12,7,0.0,0,0
defect4j,lang,org/apache/commons/lang3/StringUtils,14,5726,        if (maxWidth < 4) {,2,1,0,1,3,0,0,0,0,3,19,4,0.0,0,0
defect4j,lang,org/apache/commons/lang3/StringUtils,14,5727,"            throw new IllegalArgumentException(""Minimum abbreviation width is 4"");",0,0,0,1,2,0,6,2,0,9,70,3,0.0,0,0
defect4j,lang,org/apache/commons/lang3/StringUtils,14,5730,            return str;,6,1,0,0,0,1,0,0,0,7,11,4,0.0,0,0
defect4j,lang,org/apache/commons/lang3/StringUtils,14,5732,        if (offset > str.length()) {,2,1,0,2,5,0,4,0,0,7,28,4,0.0,0,0
defect4j,lang,org/apache/commons/lang3/StringUtils,14,5733,            offset = str.length();,2,0,0,1,2,0,4,0,0,7,22,6,0.0,0,0
defect4j,lang,org/apache/commons/lang3/StringUtils,14,5738,"        final String abrevMarker = ""..."";",2,0,0,0,0,1,0,2,0,6,33,4,0.0,0,0
defect4j,lang,org/apache/commons/lang3/StringUtils,14,5742,        if (maxWidth < 7) {,2,1,0,1,3,0,0,0,0,3,19,6,0.0,0,0
defect4j,lang,org/apache/commons/lang3/StringUtils,14,5746,"            return abrevMarker + abbreviate(str.substring(offset), maxWidth - 3);",0,0,0,2,4,1,0,2,0,3,69,8,0.0,0,0
defect4j,lang,org/apache/commons/lang3/StringUtils,14,5748,        return abrevMarker + str.substring(str.length() - (maxWidth - 3));,6,3,0,3,6,1,8,0,0,17,66,3,0.0,0,0
defect4j,lang,org/apache/commons/lang3/StringUtils,14,5781,        if (isEmpty(str) || isEmpty(middle)) {,0,1,0,3,7,0,14,0,0,15,38,4,0.0,0,0
defect4j,lang,org/apache/commons/lang3/StringUtils,14,5785,        if (length >= str.length() || length < middle.length()+2) {,8,5,1,3,7,0,10,0,0,28,59,3,0.0,0,0
defect4j,lang,org/apache/commons/lang3/StringUtils,14,5786,            return str;,6,1,0,0,0,1,0,0,0,7,11,5,0.0,0,0
defect4j,lang,org/apache/commons/lang3/StringUtils,14,5789,        int targetSting = length-middle.length();,4,1,0,1,2,0,4,0,0,10,41,3,0.0,0,0
defect4j,lang,org/apache/commons/lang3/StringUtils,14,5793,        StringBuilder builder = new StringBuilder(length);,4,0,0,1,2,0,0,4,0,8,50,4,0.0,0,0
defect4j,lang,org/apache/commons/lang3/StringUtils,14,5794,"        builder.append(str.substring(0,startOffset));",0,0,0,2,4,0,10,0,0,10,45,5,0.0,0,0
defect4j,lang,org/apache/commons/lang3/StringUtils,14,5795,        builder.append(middle);,8,0,0,1,2,0,14,0,0,22,23,5,0.0,0,0
defect4j,lang,org/apache/commons/lang3/StringUtils,14,5796,        builder.append(str.substring(endOffset));,4,1,0,2,4,0,10,2,0,19,41,3,0.0,0,0
defect4j,lang,org/apache/commons/lang3/StringUtils,14,5798,        return builder.toString();,2,1,0,1,2,1,4,0,0,7,26,3,0.0,0,0
defect4j,lang,org/apache/commons/lang3/StringUtils,14,5830,            return str2;,6,1,1,0,0,1,0,0,0,14,12,4,0.0,0,0
defect4j,lang,org/apache/commons/lang3/StringUtils,14,5833,            return str1;,8,1,0,0,0,1,6,0,0,15,12,3,0.0,0,0
defect4j,lang,org/apache/commons/lang3/StringUtils,14,5835,"        int at = indexOfDifference(str1, str2);",2,0,0,1,2,0,6,0,0,8,39,5,0.0,0,0
defect4j,lang,org/apache/commons/lang3/StringUtils,14,5868,        if (cs1 == cs2) {,4,1,0,1,3,0,0,0,0,5,17,4,0.0,0,0
defect4j,lang,org/apache/commons/lang3/StringUtils,14,5869,            return INDEX_NOT_FOUND;,2,0,0,0,0,1,0,0,0,2,23,6,0.0,0,0
defect4j,lang,org/apache/commons/lang3/StringUtils,14,5875,        for (i = 0; i < cs1.length() && i < cs2.length(); ++i) {,8,3,0,3,7,0,8,0,0,21,56,4,0.0,0,0
defect4j,lang,org/apache/commons/lang3/StringUtils,14,5876,            if (cs1.charAt(i) != cs2.charAt(i)) {,2,0,0,3,7,0,4,0,0,7,37,6,0.0,0,0
defect4j,lang,org/apache/commons/lang3/StringUtils,14,5880,        if (i < cs2.length() || i < cs1.length()) {,10,3,0,3,7,0,0,0,0,15,43,3,0.0,0,0
defect4j,lang,org/apache/commons/lang3/StringUtils,14,5881,            return i;,2,0,0,0,0,1,0,0,0,2,9,6,0.0,0,0
defect4j,lang,org/apache/commons/lang3/StringUtils,14,5883,        return INDEX_NOT_FOUND;,4,0,0,0,0,1,0,0,0,5,23,10,0.0,0,0
defect4j,lang,org/apache/commons/lang3/StringUtils,14,5919,        if (css == null || css.length <= 1) {,6,3,0,1,3,0,0,0,0,9,37,4,0.0,0,0
defect4j,lang,org/apache/commons/lang3/StringUtils,14,5922,        boolean anyStringNull = false;,2,0,0,0,0,0,0,0,0,3,30,5,0.0,0,0
defect4j,lang,org/apache/commons/lang3/StringUtils,14,5923,        boolean allStringsNull = true;,2,0,0,0,0,0,0,0,0,3,30,5,0.0,0,0
defect4j,lang,org/apache/commons/lang3/StringUtils,14,5925,        int shortestStrLen = Integer.MAX_VALUE;,6,0,0,0,0,0,0,0,0,6,39,5,0.0,0,0
defect4j,lang,org/apache/commons/lang3/StringUtils,14,5926,        int longestStrLen = 0;,2,0,0,0,0,0,0,0,0,2,22,5,0.0,0,0
defect4j,lang,org/apache/commons/lang3/StringUtils,14,5931,        for (int i = 0; i < arrayLen; i++) {,2,0,0,1,3,0,0,0,0,2,36,4,0.0,0,0
defect4j,lang,org/apache/commons/lang3/StringUtils,14,5933,                anyStringNull = true;,2,0,0,0,0,0,0,0,0,4,21,8,0.0,0,0
defect4j,lang,org/apache/commons/lang3/StringUtils,14,5934,                shortestStrLen = 0;,2,0,0,0,0,0,0,0,0,3,19,8,0.0,0,0
defect4j,lang,org/apache/commons/lang3/StringUtils,14,5937,"                shortestStrLen = Math.min(css[i].length(), shortestStrLen);",2,0,1,3,6,0,8,0,0,15,59,8,0.0,0,0
defect4j,lang,org/apache/commons/lang3/StringUtils,14,5938,"                longestStrLen = Math.max(css[i].length(), longestStrLen);",2,0,1,3,6,0,8,0,0,15,57,8,0.0,0,0
defect4j,lang,org/apache/commons/lang3/StringUtils,14,5943,        if (allStringsNull || longestStrLen == 0 && !anyStringNull) {,6,3,0,1,3,0,0,0,0,10,61,4,0.0,0,0
defect4j,lang,org/apache/commons/lang3/StringUtils,14,5944,            return INDEX_NOT_FOUND;,10,1,0,0,0,1,0,0,0,12,23,3,0.0,0,0
defect4j,lang,org/apache/commons/lang3/StringUtils,14,5949,            return 0;,4,1,0,0,0,1,0,0,0,5,9,4,0.0,0,0
defect4j,lang,org/apache/commons/lang3/StringUtils,14,5953,        int firstDiff = -1;,2,0,0,0,0,0,0,0,0,3,19,5,0.0,0,0
defect4j,lang,org/apache/commons/lang3/StringUtils,14,5958,                    firstDiff = stringPos;,4,0,0,0,0,0,0,0,0,5,22,10,0.0,0,0
defect4j,lang,org/apache/commons/lang3/StringUtils,14,5967,        if (firstDiff == -1 && shortestStrLen != longestStrLen) {,6,3,0,1,3,0,6,0,0,16,57,3,0.0,0,0
defect4j,lang,org/apache/commons/lang3/StringUtils,14,6010,        if (strs == null || strs.length == 0) {,6,3,0,1,3,0,0,0,0,9,39,4,0.0,0,0
defect4j,lang,org/apache/commons/lang3/StringUtils,14,6011,            return EMPTY;,2,0,0,0,0,1,0,0,0,3,13,6,0.0,0,0
defect4j,lang,org/apache/commons/lang3/StringUtils,14,6013,        int smallestIndexOfDiff = indexOfDifference(strs);,2,0,0,1,2,0,0,0,0,2,50,6,0.0,0,0
defect4j,lang,org/apache/commons/lang3/StringUtils,14,6014,        if (smallestIndexOfDiff == INDEX_NOT_FOUND) {,4,1,0,1,3,0,0,0,0,5,45,4,0.0,0,0
defect4j,lang,org/apache/commons/lang3/StringUtils,14,6016,            if (strs[0] == null) {,4,4,1,2,5,0,0,0,0,10,22,4,0.0,0,0
defect4j,lang,org/apache/commons/lang3/StringUtils,14,6025,"            return strs[0].substring(0, smallestIndexOfDiff);",4,0,1,2,4,1,4,0,0,10,49,4,0.0,0,0
defect4j,lang,org/apache/commons/lang3/StringUtils,14,6069,"            throw new IllegalArgumentException(""Strings must not be null"");",2,0,0,1,2,0,4,2,0,10,63,3,0.0,0,0
defect4j,lang,org/apache/commons/lang3/StringUtils,14,6089,        int n = s.length(); // length of s,2,0,0,1,2,0,10,0,0,12,34,3,0.0,0,0
defect4j,lang,org/apache/commons/lang3/StringUtils,14,6092,        if (n == 0) {,2,1,0,1,3,0,0,0,0,3,13,4,0.0,0,0
defect4j,lang,org/apache/commons/lang3/StringUtils,14,6093,            return m;,2,0,0,0,0,1,0,0,0,2,9,6,0.0,0,0
defect4j,lang,org/apache/commons/lang3/StringUtils,14,6094,        } else if (m == 0) {,4,1,0,1,4,0,0,0,0,5,20,3,0.0,0,0
defect4j,lang,org/apache/commons/lang3/StringUtils,14,6095,            return n;,2,0,1,0,0,2,0,0,0,5,9,4,0.0,0,0
defect4j,lang,org/apache/commons/lang3/StringUtils,14,6100,            CharSequence tmp = s;,4,0,0,0,0,0,0,2,0,6,21,6,0.0,0,0
defect4j,lang,org/apache/commons/lang3/StringUtils,14,6102,            t = tmp;,4,0,0,0,0,0,0,0,0,5,8,6,0.0,0,0
defect4j,lang,org/apache/commons/lang3/StringUtils,14,6103,            n = m;,4,1,0,0,0,0,20,0,0,27,6,3,0.0,0,0
defect4j,lang,org/apache/commons/lang3/StringUtils,14,6104,            m = t.length();,2,0,0,1,2,0,4,0,0,7,15,6,0.0,0,0
defect4j,lang,org/apache/commons/lang3/StringUtils,14,6107,"        int p[] = new int[n + 1]; //'previous' cost array, horizontally",4,1,0,2,4,0,0,0,0,5,63,5,0.0,0,0
defect4j,lang,org/apache/commons/lang3/StringUtils,14,6108,"        int d[] = new int[n + 1]; // cost array, horizontally",2,0,0,2,4,0,0,0,0,2,53,6,0.0,0,0
defect4j,lang,org/apache/commons/lang3/StringUtils,14,6119,        for (i = 0; i <= n; i++) {,10,2,0,1,3,0,0,0,0,14,26,3,0.0,0,0
defect4j,lang,org/apache/commons/lang3/StringUtils,14,6123,        for (j = 1; j <= m; j++) {,8,1,0,1,3,0,0,0,0,11,26,4,0.0,0,0
defect4j,lang,org/apache/commons/lang3/StringUtils,14,6124,            t_j = t.charAt(j - 1);,4,1,0,1,2,0,4,0,0,10,22,6,0.0,0,0
defect4j,lang,org/apache/commons/lang3/StringUtils,14,6127,            for (i = 1; i <= n; i++) {,8,1,0,1,3,0,0,0,0,11,26,6,0.0,0,0
defect4j,lang,org/apache/commons/lang3/StringUtils,14,6128,                cost = s.charAt(i - 1) == t_j ? 0 : 1;,6,2,0,1,2,0,4,0,0,13,38,8,0.0,0,0
defect4j,lang,org/apache/commons/lang3/StringUtils,14,6130,"                d[i] = Math.min(Math.min(d[i - 1] + 1, p[i] + 1), p[i - 1] + cost);",2,0,0,6,12,0,4,0,0,6,67,5,0.0,0,0
defect4j,lang,org/apache/commons/lang3/StringUtils,14,6134,            _d = p;,6,0,0,0,0,1,0,4,0,11,7,4,0.0,0,0
defect4j,lang,org/apache/commons/lang3/StringUtils,14,6135,            p = d;,8,4,0,0,0,0,8,0,0,21,6,3,0.0,0,0
defect4j,lang,org/apache/commons/lang3/StringUtils,14,6136,            d = _d;,6,0,0,0,0,0,0,0,0,7,7,3,0.0,0,0
defect4j,lang,org/apache/commons/lang3/StringUtils,14,6141,        return p[n];,0,0,1,1,2,1,0,0,0,4,12,5,0.0,0,0
defect4j,lang,org/apache/commons/lang3/StringUtils,14,6177,        if (s == null || t == null) {,6,3,0,1,3,0,0,0,0,9,29,4,0.0,0,0
defect4j,lang,org/apache/commons/lang3/StringUtils,14,6180,        if (threshold < 0) {,2,1,0,1,3,0,0,0,0,3,20,4,0.0,0,0
defect4j,lang,org/apache/commons/lang3/StringUtils,14,6181,"            throw new IllegalArgumentException(""Threshold must not be negative"");",0,0,0,1,2,0,0,2,0,3,69,7,0.0,0,0
defect4j,lang,org/apache/commons/lang3/StringUtils,14,6232,        if (n == 0) {,2,1,0,1,3,0,0,0,0,3,13,4,0.0,0,0
defect4j,lang,org/apache/commons/lang3/StringUtils,14,6233,            return m <= threshold ? m : -1;,6,1,0,0,0,1,0,0,0,8,31,7,0.0,0,0
defect4j,lang,org/apache/commons/lang3/StringUtils,14,6234,        } else if (m == 0) {,2,1,0,1,4,0,0,0,0,3,20,5,0.0,0,0
defect4j,lang,org/apache/commons/lang3/StringUtils,14,6235,            return n <= threshold ? n : -1;,6,1,0,0,0,1,0,0,0,8,31,8,0.0,0,0
defect4j,lang,org/apache/commons/lang3/StringUtils,14,6238,        if (n > m) {,4,1,0,1,3,0,0,0,0,5,12,4,0.0,0,0
defect4j,lang,org/apache/commons/lang3/StringUtils,14,6242,            t = tmp;,4,0,0,0,0,0,0,0,0,5,8,6,0.0,0,0
defect4j,lang,org/apache/commons/lang3/StringUtils,14,6243,            n = m;,6,0,0,0,0,1,4,0,0,12,6,3,0.0,0,0
defect4j,lang,org/apache/commons/lang3/StringUtils,14,6244,            m = t.length();,2,0,0,1,2,0,4,0,0,6,15,5,0.0,0,0
defect4j,lang,org/apache/commons/lang3/StringUtils,14,6247,"        int p[] = new int[n + 1]; // 'previous' cost array, horizontally",8,1,0,2,4,0,12,0,0,21,64,3,0.0,0,0
defect4j,lang,org/apache/commons/lang3/StringUtils,14,6248,"        int d[] = new int[n + 1]; // cost array, horizontally",4,1,0,2,4,0,0,0,0,5,53,5,0.0,0,0
defect4j,lang,org/apache/commons/lang3/StringUtils,14,6253,        for (int i = 0; i < boundary; i++) {,8,1,0,1,3,0,0,0,0,10,36,4,0.0,0,0
defect4j,lang,org/apache/commons/lang3/StringUtils,14,6258,"        Arrays.fill(p, boundary, p.length, Integer.MAX_VALUE);",12,0,0,1,2,1,8,4,0,25,54,3,0.0,0,0
defect4j,lang,org/apache/commons/lang3/StringUtils,14,6259,"        Arrays.fill(d, Integer.MAX_VALUE);",4,0,0,1,2,0,6,0,0,10,34,5,0.0,0,0
defect4j,lang,org/apache/commons/lang3/StringUtils,14,6263,            char t_j = t.charAt(j - 1); // jth character of t,4,1,0,1,2,0,4,0,0,9,49,7,0.0,0,0
defect4j,lang,org/apache/commons/lang3/StringUtils,14,6267,"            int min = Math.max(1, j - threshold);",6,1,0,1,2,0,10,0,0,17,37,3,0.0,0,0
defect4j,lang,org/apache/commons/lang3/StringUtils,14,6268,"            int max = Math.min(n, j + threshold);",6,1,0,1,2,0,6,0,0,13,37,7,0.0,0,0
defect4j,lang,org/apache/commons/lang3/StringUtils,14,6271,            if (min > max) {,8,2,0,1,3,0,0,0,0,10,16,3,0.0,0,0
defect4j,lang,org/apache/commons/lang3/StringUtils,14,6277,                d[min - 1] = Integer.MAX_VALUE;,6,1,1,1,2,0,0,0,0,10,31,8,0.0,0,0
defect4j,lang,org/apache/commons/lang3/StringUtils,14,6281,            for (int i = min; i <= max; i++) {,12,1,0,1,3,0,0,0,0,14,34,3,0.0,0,0
defect4j,lang,org/apache/commons/lang3/StringUtils,14,6282,                if (s.charAt(i - 1) == t_j) {,8,3,0,2,5,0,4,0,0,15,29,3,0.0,0,0
defect4j,lang,org/apache/commons/lang3/StringUtils,14,6284,                    d[i] = p[i - 1];,12,4,1,2,4,0,0,0,0,23,16,3,0.0,0,0
defect4j,lang,org/apache/commons/lang3/StringUtils,14,6287,"                    d[i] = 1 + Math.min(Math.min(d[i - 1], p[i]), p[i - 1]);",0,0,0,6,12,0,0,0,0,18,56,4,0.0,0,0
defect4j,lang,org/apache/commons/lang3/StringUtils,14,6292,            _d = p;,4,0,0,0,0,0,0,0,0,5,7,6,0.0,0,0
defect4j,lang,org/apache/commons/lang3/StringUtils,14,6294,            d = _d;,4,0,0,0,0,0,0,0,0,5,7,6,0.0,0,0
defect4j,lang,org/apache/commons/lang3/StringUtils,14,6299,        if (p[n] <= threshold) {,2,1,1,2,5,0,0,0,0,7,24,4,0.0,0,0
defect4j,lang,org/apache/commons/lang3/StringUtils,14,6300,            return p[n];,0,0,1,1,2,1,0,0,0,4,12,7,0.0,0,0
defect4j,lang,org/apache/commons/lang3/StringUtils,14,6332,"        return startsWith(str, prefix, false);",2,1,0,1,2,1,10,0,0,14,38,3,0.0,0,0
defect4j,lang,org/apache/commons/lang3/StringUtils,14,6374,            return str == null && prefix == null;,14,6,0,0,0,1,6,0,0,26,37,3,0.0,0,0
defect4j,lang,org/apache/commons/lang3/StringUtils,14,6376,        if (prefix.length() > str.length()) {,0,1,0,3,7,0,8,0,0,9,37,4,0.0,0,0
defect4j,lang,org/apache/commons/lang3/StringUtils,14,6379,"        return CharSequenceUtils.regionMatches(str, ignoreCase, 0, prefix, 0, prefix.length());",0,0,0,2,4,1,14,0,0,14,87,5,0.0,0,0
defect4j,lang,org/apache/commons/lang3/StringUtils,14,6402,        if (isEmpty(string) || ArrayUtils.isEmpty(searchStrings)) {,2,1,0,3,7,0,10,0,0,13,59,3,0.0,0,0
defect4j,lang,org/apache/commons/lang3/StringUtils,14,6403,            return false;,4,3,0,0,0,1,0,0,0,7,13,4,0.0,0,0
defect4j,lang,org/apache/commons/lang3/StringUtils,14,6405,        for (CharSequence searchString : searchStrings) {,4,0,0,1,3,0,0,2,0,6,49,4,0.0,0,0
defect4j,lang,org/apache/commons/lang3/StringUtils,14,6406,"            if (StringUtils.startsWith(string, searchString)) {",0,0,0,2,5,0,8,0,0,8,51,7,0.0,0,0
defect4j,lang,org/apache/commons/lang3/StringUtils,14,6440,"        return endsWith(str, suffix, false);",2,0,0,1,2,1,10,0,0,13,36,3,0.0,0,0
defect4j,lang,org/apache/commons/lang3/StringUtils,14,6482,        if (str == null || suffix == null) {,4,3,0,1,3,0,0,0,0,7,36,4,0.0,0,0
defect4j,lang,org/apache/commons/lang3/StringUtils,14,6485,        if (suffix.length() > str.length()) {,0,1,0,3,7,0,8,0,0,9,37,4,0.0,0,0
defect4j,lang,org/apache/commons/lang3/StringUtils,14,6488,        int strOffset = str.length() - suffix.length();,4,2,0,2,4,0,8,0,0,14,47,3,0.0,0,0
defect4j,lang,org/apache/commons/lang3/StringUtils,14,6489,"        return CharSequenceUtils.regionMatches(str, ignoreCase, strOffset, suffix, 0, suffix.length());",4,0,0,2,4,1,16,2,0,22,95,3,0.0,0,0
defect4j,lang,org/apache/commons/lang3/StringUtils,14,6534,        if (str == null) {,2,1,0,1,3,0,0,0,0,3,18,4,0.0,0,0
defect4j,lang,org/apache/commons/lang3/StringUtils,14,6562,        for (CharSequence searchString : searchStrings) {,4,0,0,1,3,0,0,2,0,6,49,4,0.0,0,0
defect4j,lang,org/apache/commons/lang3/StringUtils,14,6564,                return true;,2,0,0,0,0,1,0,0,0,3,12,3,0.0,0,0
defect4j,lang,org/apache/commons/lang3/reflect/TypeUtils,15,551,        if (type instanceof ParameterizedType) {,2,0,0,1,3,0,0,2,0,4,40,5,1.33333,0,0
defect4j,lang,org/apache/commons/lang3/reflect/TypeUtils,15,552,"            return getTypeArguments((ParameterizedType) type, toClass, subtypeVarAssigns);",2,0,0,2,4,1,6,2,0,10,78,7,1.33333,0,0
defect4j,lang,org/apache/commons/lang3/reflect/TypeUtils,15,653,"        if (!isAssignable(cls, toClass)) {",4,1,0,2,5,0,12,0,0,19,34,4,1.33333,0,0
defect4j,lang,org/apache/commons/lang3/reflect/TypeUtils,15,675,        if (cls.getTypeParameters().length > 0 || toClass.equals(cls)) {,6,2,0,3,7,0,10,0,0,18,64,1,1.33333,1,0
defect4j,lang,org/apache/commons/lang3/SystemUtils,15,89,"    public static final String AWT_TOOLKIT = getSystemProperty(""awt.toolkit"");",2,0,0,1,2,3,0,4,0,9,74,2,1.0,0,0
defect4j,lang,org/apache/commons/lang3/SystemUtils,15,111,"    public static final String FILE_ENCODING = getSystemProperty(""file.encoding"");",2,0,0,1,2,3,2,2,0,10,78,2,1.0,0,0
defect4j,lang,org/apache/commons/lang3/SystemUtils,15,129,"    public static final String FILE_SEPARATOR = getSystemProperty(""file.separator"");",2,0,0,1,2,3,6,2,0,15,80,1,1.0,0,0
defect4j,lang,org/apache/commons/lang3/SystemUtils,15,165,"    public static final String JAVA_AWT_GRAPHICSENV = getSystemProperty(""java.awt.graphicsenv"");",2,0,0,1,2,3,2,2,0,10,92,2,1.0,0,0
defect4j,lang,org/apache/commons/lang3/SystemUtils,15,186,"    public static final String JAVA_AWT_HEADLESS = getSystemProperty(""java.awt.headless"");",8,2,0,1,2,3,6,2,0,22,86,1,1.0,0,0
defect4j,lang,org/apache/commons/lang3/SystemUtils,15,204,"    public static final String JAVA_AWT_PRINTERJOB = getSystemProperty(""java.awt.printerjob"");",2,0,0,1,2,3,2,2,0,10,90,2,1.0,0,0
defect4j,lang,org/apache/commons/lang3/SystemUtils,15,222,"    public static final String JAVA_CLASS_PATH = getSystemProperty(""java.class.path"");",2,0,0,1,2,3,2,2,0,10,82,2,1.0,0,0
defect4j,lang,org/apache/commons/lang3/SystemUtils,15,240,"    public static final String JAVA_CLASS_VERSION = getSystemProperty(""java.class.version"");",2,0,0,1,2,3,2,2,0,10,88,2,1.0,0,0
defect4j,lang,org/apache/commons/lang3/SystemUtils,15,259,"    public static final String JAVA_COMPILER = getSystemProperty(""java.compiler"");",2,0,0,1,2,3,2,2,0,10,78,2,1.0,0,0
defect4j,lang,org/apache/commons/lang3/SystemUtils,15,277,"    public static final String JAVA_ENDORSED_DIRS = getSystemProperty(""java.endorsed.dirs"");",2,1,0,1,2,0,0,0,0,3,88,4,1.0,0,0
defect4j,lang,org/apache/commons/lang3/SystemUtils,15,295,"    public static final String JAVA_EXT_DIRS = getSystemProperty(""java.ext.dirs"");",2,0,0,1,2,3,2,2,0,10,78,2,1.0,0,0
defect4j,lang,org/apache/commons/lang3/SystemUtils,15,313,    public static final String JAVA_HOME = getSystemProperty(JAVA_HOME_KEY);,8,0,0,1,2,3,8,2,0,22,72,1,1.0,0,0
defect4j,lang,org/apache/commons/lang3/SystemUtils,15,331,    public static final String JAVA_IO_TMPDIR = getSystemProperty(JAVA_IO_TMPDIR_KEY);,8,0,0,1,2,3,4,4,0,20,82,1,1.0,0,0
defect4j,lang,org/apache/commons/lang3/SystemUtils,15,349,"    public static final String JAVA_LIBRARY_PATH = getSystemProperty(""java.library.path"");",2,0,0,1,2,3,2,2,0,10,86,2,1.0,0,0
defect4j,lang,org/apache/commons/lang3/SystemUtils,15,368,"    public static final String JAVA_RUNTIME_NAME = getSystemProperty(""java.runtime.name"");",4,0,0,1,2,3,2,2,0,12,86,1,1.0,0,0
defect4j,lang,org/apache/commons/lang3/SystemUtils,15,441,"    public static final String JAVA_SPECIFICATION_VERSION = getSystemProperty(""java.specification.version"");",2,0,0,1,2,3,2,2,0,10,104,2,1.0,0,0
defect4j,lang,org/apache/commons/lang3/SystemUtils,15,442,    private static final JavaVersion JAVA_SPECIFICATION_VERSION_AS_ENUM = JavaVersion.get(JAVA_SPECIFICATION_VERSION);,2,0,0,1,2,3,6,2,0,13,114,2,1.0,0,0
defect4j,lang,org/apache/commons/lang3/SystemUtils,15,461,    public static final String JAVA_UTIL_PREFS_PREFERENCES_FACTORY =,2,0,0,0,0,3,0,2,0,7,64,2,1.0,0,0
defect4j,lang,org/apache/commons/lang3/SystemUtils,15,480,"    public static final String JAVA_VENDOR = getSystemProperty(""java.vendor"");",2,0,0,1,2,3,2,2,0,10,74,2,1.0,0,0
defect4j,lang,org/apache/commons/lang3/SystemUtils,15,535,"    public static final String JAVA_VM_INFO = getSystemProperty(""java.vm.info"");",2,0,0,1,2,3,2,2,0,10,76,2,1.0,0,0
defect4j,lang,org/apache/commons/lang3/SystemUtils,15,553,"    public static final String JAVA_VM_NAME = getSystemProperty(""java.vm.name"");",4,0,0,1,2,5,2,4,0,16,76,2,1.0,0,0
defect4j,lang,org/apache/commons/lang3/SystemUtils,15,571,"    public static final String JAVA_VM_SPECIFICATION_NAME = getSystemProperty(""java.vm.specification.name"");",2,0,0,1,2,3,2,2,0,10,104,2,1.0,0,0
defect4j,lang,org/apache/commons/lang3/SystemUtils,15,589,"    public static final String JAVA_VM_SPECIFICATION_VENDOR = getSystemProperty(""java.vm.specification.vendor"");",2,0,0,1,2,3,2,2,0,10,108,2,1.0,0,0
defect4j,lang,org/apache/commons/lang3/SystemUtils,15,661,"    public static final String LINE_SEPARATOR = getSystemProperty(""line.separator"");",2,0,0,1,2,3,2,2,0,10,80,2,1.0,0,0
defect4j,lang,org/apache/commons/lang3/SystemUtils,15,679,"    public static final String OS_ARCH = getSystemProperty(""os.arch"");",2,0,0,1,2,3,2,2,0,10,66,2,1.0,0,0
defect4j,lang,org/apache/commons/lang3/SystemUtils,15,715,"    public static final String OS_VERSION = getSystemProperty(""os.version"");",6,3,0,1,2,3,4,2,0,18,72,1,1.0,0,0
defect4j,lang,org/apache/commons/lang3/SystemUtils,15,733,"    public static final String PATH_SEPARATOR = getSystemProperty(""path.separator"");",2,0,0,1,2,3,2,2,0,10,80,2,1.0,0,0
defect4j,lang,org/apache/commons/lang3/SystemUtils,15,753,"    public static final String USER_COUNTRY = getSystemProperty(""user.country"") == null ?",4,2,0,1,2,3,2,2,0,15,85,1,1.0,0,0
defect4j,lang,org/apache/commons/lang3/SystemUtils,15,772,    public static final String USER_DIR = getSystemProperty(USER_DIR_KEY);,2,0,0,1,2,3,4,2,0,11,70,2,1.0,0,0
defect4j,lang,org/apache/commons/lang3/SystemUtils,15,790,    public static final String USER_HOME = getSystemProperty(USER_HOME_KEY);,2,0,0,1,2,3,4,2,0,11,72,2,1.0,0,0
defect4j,lang,org/apache/commons/lang3/SystemUtils,15,809,"    public static final String USER_LANGUAGE = getSystemProperty(""user.language"");",2,0,0,1,2,3,2,2,0,10,78,2,1.0,0,0
defect4j,lang,org/apache/commons/lang3/SystemUtils,15,827,"    public static final String USER_NAME = getSystemProperty(""user.name"");",2,0,0,1,2,3,2,2,0,10,70,2,1.0,0,0
defect4j,lang,org/apache/commons/lang3/SystemUtils,15,860,"    public static final boolean IS_JAVA_1_1 = getJavaVersionMatches(""1.1"");",2,0,0,1,2,3,2,0,0,8,71,2,1.0,0,0
defect4j,lang,org/apache/commons/lang3/SystemUtils,15,870,"    public static final boolean IS_JAVA_1_2 = getJavaVersionMatches(""1.2"");",4,0,0,1,2,6,4,4,0,20,71,2,1.0,0,0
defect4j,lang,org/apache/commons/lang3/SystemUtils,15,880,"    public static final boolean IS_JAVA_1_3 = getJavaVersionMatches(""1.3"");",2,0,0,1,2,3,2,0,0,8,71,2,1.0,0,0
defect4j,lang,org/apache/commons/lang3/SystemUtils,15,890,"    public static final boolean IS_JAVA_1_4 = getJavaVersionMatches(""1.4"");",4,0,0,1,2,3,6,0,0,15,71,1,1.0,0,0
defect4j,lang,org/apache/commons/lang3/SystemUtils,15,900,"    public static final boolean IS_JAVA_1_5 = getJavaVersionMatches(""1.5"");",4,1,0,1,2,3,2,0,0,11,71,1,1.0,0,0
defect4j,lang,org/apache/commons/lang3/SystemUtils,15,910,"    public static final boolean IS_JAVA_1_6 = getJavaVersionMatches(""1.6"");",2,0,0,1,2,3,2,2,0,11,71,1,1.0,0,0
defect4j,lang,org/apache/commons/lang3/SystemUtils,15,922,"    public static final boolean IS_JAVA_1_7 = getJavaVersionMatches(""1.7"");",2,0,0,1,2,3,2,0,0,8,71,2,1.0,0,0
defect4j,lang,org/apache/commons/lang3/SystemUtils,15,942,"    public static final boolean IS_OS_AIX = getOSMatchesName(""AIX"");",2,0,0,1,2,3,2,0,0,8,64,2,1.0,0,0
defect4j,lang,org/apache/commons/lang3/SystemUtils,15,954,"    public static final boolean IS_OS_HP_UX = getOSMatchesName(""HP-UX"");",4,0,0,1,2,3,2,0,0,12,68,1,1.0,0,0
defect4j,lang,org/apache/commons/lang3/SystemUtils,15,990,"    public static final boolean IS_OS_MAC = getOSMatchesName(""Mac"");",2,0,0,1,2,0,0,0,0,2,64,5,1.0,0,0
defect4j,lang,org/apache/commons/lang3/SystemUtils,15,1002,"    public static final boolean IS_OS_MAC_OSX = getOSMatchesName(""Mac OS X"");",4,0,0,1,2,0,0,0,0,5,73,5,1.0,0,0
defect4j,lang,org/apache/commons/lang3/SystemUtils,15,1026,"    public static final boolean IS_OS_OPEN_BSD = getOSMatchesName(""OpenBSD"");",10,2,0,1,2,9,6,0,0,29,73,1,1.0,0,0
defect4j,lang,org/apache/commons/lang3/SystemUtils,15,1050,"    public static final boolean IS_OS_OS2 = getOSMatchesName(""OS/2"");",6,0,0,1,2,3,2,0,0,12,65,1,1.0,0,0
defect4j,lang,org/apache/commons/lang3/SystemUtils,15,1062,"    public static final boolean IS_OS_SOLARIS = getOSMatchesName(""Solaris"");",0,0,0,1,2,0,0,2,0,4,72,6,1.0,0,0
defect4j,lang,org/apache/commons/lang3/SystemUtils,15,1074,"    public static final boolean IS_OS_SUN_OS = getOSMatchesName(""SunOS"");",2,0,0,1,2,3,2,0,0,8,69,2,1.0,0,0
defect4j,lang,org/apache/commons/lang3/SystemUtils,15,1099,    public static final boolean IS_OS_WINDOWS = getOSMatchesName(OS_NAME_WINDOWS_PREFIX);,2,0,0,1,2,3,4,0,0,9,85,2,1.0,0,0
defect4j,lang,org/apache/commons/lang3/SystemUtils,15,1135,"    public static final boolean IS_OS_WINDOWS_2008 = getOSMatches(OS_NAME_WINDOWS_PREFIX + "" Server 2008"", ""6.1"");",2,0,0,1,2,0,6,2,0,10,110,6,1.0,0,0
defect4j,lang,org/apache/commons/lang3/SystemUtils,15,1147,"    public static final boolean IS_OS_WINDOWS_95 = getOSMatches(OS_NAME_WINDOWS_PREFIX + "" 9"", ""4.0"");",2,1,1,1,2,0,0,2,0,10,98,1,1.0,0,0
defect4j,lang,org/apache/commons/lang3/SystemUtils,15,1160,"    public static final boolean IS_OS_WINDOWS_98 = getOSMatches(OS_NAME_WINDOWS_PREFIX + "" 9"", ""4.1"");",2,0,0,1,2,0,0,0,0,2,98,7,1.0,0,0
defect4j,lang,org/apache/commons/lang3/SystemUtils,15,1173,"    public static final boolean IS_OS_WINDOWS_ME = getOSMatches(OS_NAME_WINDOWS_PREFIX, ""4.9"");",4,0,0,1,2,3,12,2,0,23,91,1,1.0,0,0
defect4j,lang,org/apache/commons/lang3/SystemUtils,15,1199,"    public static final boolean IS_OS_WINDOWS_XP = getOSMatches(OS_NAME_WINDOWS_PREFIX, ""5.1"");",2,0,0,1,2,3,4,0,0,10,91,2,1.0,0,0
defect4j,lang,org/apache/commons/lang3/SystemUtils,15,1212,"    public static final boolean IS_OS_WINDOWS_VISTA = getOSMatches(OS_NAME_WINDOWS_PREFIX, ""6.0"");",2,0,0,1,2,0,0,0,0,2,94,7,1.0,0,0
defect4j,lang,org/apache/commons/lang3/SystemUtils,15,1286,"        return isOSNameMatch(OS_NAME, osNamePrefix);",4,1,0,1,2,4,8,0,0,18,44,1,1.0,0,0
defect4j,lang,org/apache/commons/lang3/SystemUtils,15,1387,        if (version == null) {,2,1,0,1,3,0,0,0,0,3,22,4,1.0,0,0
defect4j,lang,org/apache/commons/lang3/SystemUtils,15,1406,        if (osName == null || osVersion == null) {,4,3,0,1,3,0,0,0,0,7,42,4,1.0,0,0
defect4j,lang,org/apache/commons/lang3/SystemUtils,15,1409,        return osName.startsWith(osNamePrefix) && osVersion.startsWith(osVersionPrefix);,0,1,0,2,4,1,12,0,0,13,80,4,1.0,0,0
defect4j,lang,org/apache/commons/lang3/SystemUtils,15,1423,        if (osName == null) {,2,1,0,1,3,0,0,0,0,3,21,4,1.0,0,0
defect4j,lang,org/apache/commons/lang3/JavaVersion,15,89,"    JavaVersion(final float value, final String name) {",6,0,0,1,3,2,0,2,0,10,51,2,1.0,0,0
defect4j,lang,org/apache/commons/lang3/JavaVersion,15,90,        this.value = value;,4,3,1,0,0,0,0,0,0,18,19,0,1.0,0,0
defect4j,lang,org/apache/commons/lang3/JavaVersion,15,91,        this.name = name;,4,0,0,0,0,0,0,0,0,5,17,4,1.0,0,0
defect4j,lang,org/apache/commons/lang3/JavaVersion,15,92,    },0,0,0,0,1,0,4,0,0,5,1,4,1.0,0,0
defect4j,lang,org/apache/commons/lang3/JavaVersion,15,32,"    JAVA_0_9(1.5f, ""0.9""),",2,1,0,1,2,0,0,0,0,3,22,4,1.0,0,0
defect4j,lang,org/apache/commons/lang3/JavaVersion,15,37,"    JAVA_1_1(1.1f, ""1.1""),",4,2,0,1,2,0,6,0,0,12,22,5,1.0,0,0
defect4j,lang,org/apache/commons/lang3/JavaVersion,15,42,"    JAVA_1_2(1.2f, ""1.2""),",2,0,0,1,2,0,0,0,0,3,22,2,1.0,0,0
defect4j,lang,org/apache/commons/lang3/JavaVersion,15,47,"    JAVA_1_3(1.3f, ""1.3""),",2,0,0,1,2,0,0,0,0,3,22,2,1.0,0,0
defect4j,lang,org/apache/commons/lang3/JavaVersion,15,52,"    JAVA_1_4(1.4f, ""1.4""),",2,0,0,1,2,0,0,0,0,3,22,2,1.0,0,0
defect4j,lang,org/apache/commons/lang3/JavaVersion,15,57,"    JAVA_1_5(1.5f, ""1.5""),",2,0,0,1,2,0,0,0,0,3,22,2,1.0,0,0
defect4j,lang,org/apache/commons/lang3/JavaVersion,15,62,"    JAVA_1_6(1.6f, ""1.6""),",2,0,0,1,2,3,2,2,0,10,22,2,1.0,0,0
defect4j,lang,org/apache/commons/lang3/JavaVersion,15,67,"    JAVA_1_7(1.7f, ""1.7""),",2,0,0,1,2,0,0,0,0,3,22,2,1.0,0,0
defect4j,lang,org/apache/commons/lang3/JavaVersion,15,105,        return this.value >= requiredVersion.value;,6,2,0,0,0,1,0,0,0,8,43,4,1.0,0,0
defect4j,lang,org/apache/commons/lang3/JavaVersion,15,132,"        if (""0.9"".equals(nom)) {",2,0,0,2,5,0,6,2,0,11,24,0,1.0,0,0
defect4j,lang,org/apache/commons/lang3/JavaVersion,15,134,"        } else if (""1.1"".equals(nom)) {",0,0,0,2,6,0,4,0,0,5,31,6,1.0,0,0
defect4j,lang,org/apache/commons/lang3/JavaVersion,15,140,"        } else if (""1.4"".equals(nom)) {",4,0,0,2,6,6,22,4,0,37,31,1,1.0,0,0
defect4j,lang,org/apache/commons/lang3/JavaVersion,15,142,"        } else if (""1.5"".equals(nom)) {",0,0,0,2,6,0,4,0,0,5,31,10,1.0,0,0
defect4j,lang,org/apache/commons/lang3/JavaVersion,15,146,"        } else if (""1.7"".equals(nom)) {",2,0,0,2,6,3,6,2,0,15,31,0,1.0,0,0
defect4j,lang,org/apache/commons/lang3/JavaVersion,15,147,            return JAVA_1_7;,2,0,0,0,0,1,0,0,0,2,16,13,1.0,0,0
defect4j,lang,org/apache/commons/lang3/StringEscapeUtils,15,52,    public static final CharSequenceTranslator ESCAPE_JAVA = ,12,2,0,0,0,6,12,6,0,41,56,1,1.0,0,0
defect4j,lang,org/apache/commons/lang3/StringEscapeUtils,15,72,    public static final CharSequenceTranslator ESCAPE_ECMASCRIPT = ,2,1,0,0,0,0,0,0,0,3,62,6,1.0,0,0
defect4j,lang,org/apache/commons/lang3/StringEscapeUtils,15,109,    public static final CharSequenceTranslator ESCAPE_HTML3 = ,2,0,0,0,0,3,0,2,0,7,57,2,1.0,0,0
defect4j,lang,org/apache/commons/lang3/StringEscapeUtils,15,124,    public static final CharSequenceTranslator ESCAPE_HTML4 = ,6,1,0,0,0,3,6,6,0,23,57,1,1.0,0,0
defect4j,lang,org/apache/commons/lang3/StringEscapeUtils,15,140,    public static final CharSequenceTranslator ESCAPE_CSV = new CsvEscaper();,4,0,0,1,2,3,0,4,0,11,73,1,1.0,0,0
defect4j,lang,org/apache/commons/lang3/StringEscapeUtils,15,183,    public static final CharSequenceTranslator UNESCAPE_JAVA = ,4,0,0,0,0,3,0,2,0,9,58,1,1.0,0,0
defect4j,lang,org/apache/commons/lang3/StringEscapeUtils,15,250,    public static final CharSequenceTranslator UNESCAPE_XML = ,8,7,0,0,0,0,4,0,0,19,57,4,1.0,0,0
defect4j,lang,org/apache/commons/lang3/StringEscapeUtils,15,433,        return ESCAPE_HTML4.translate(input);,2,0,0,1,2,1,0,2,0,4,37,4,1.0,0,0
defect4j,lang,org/apache/commons/lang3/text/translate/CharSequenceTranslator,15,58,            StringWriter writer = new StringWriter(input.length() * 2);,2,1,0,2,4,0,0,0,0,3,59,4,1.0,0,0
defect4j,lang,org/apache/commons/lang3/text/translate/CharSequenceTranslator,15,82,        int pos = 0;,8,0,0,0,0,0,0,2,0,10,12,1,1.0,0,0
defect4j,lang,org/apache/commons/lang3/text/translate/CharSequenceTranslator,15,84,        while (pos < len) {,0,0,0,1,3,0,0,2,0,3,19,7,1.0,0,0
defect4j,lang,org/apache/commons/lang3/text/translate/CharSequenceTranslator,15,85,"            int consumed = translate(input, pos, out);",4,2,0,1,2,0,14,0,0,22,42,1,1.0,0,0
defect4j,lang,org/apache/commons/lang3/text/translate/CharSequenceTranslator,15,89,                pos+= c.length;,8,0,0,0,0,0,0,0,0,9,15,3,1.0,0,0
defect4j,lang,org/apache/commons/lang3/text/translate/CharSequenceTranslator,15,95,"                pos += Character.charCount(Character.codePointAt(input, pos));",0,0,0,2,4,0,14,0,0,14,62,5,1.0,0,0
defect4j,lang,org/apache/commons/lang3/text/translate/CharSequenceTranslator,15,97,        },2,0,0,0,1,0,0,0,0,2,1,4,1.0,0,0
defect4j,lang,org/apache/commons/lang3/text/translate/CharSequenceTranslator,15,108,        CharSequenceTranslator[] newArray = new CharSequenceTranslator[translators.length + 1];,0,0,0,2,4,0,0,0,0,1,87,10,1.0,0,0
defect4j,lang,org/apache/commons/lang3/text/translate/CharSequenceTranslator,15,110,"        System.arraycopy(translators, 0, newArray, 1, translators.length);",0,0,0,1,2,0,8,0,0,8,66,5,1.0,0,0
defect4j,lang,org/apache/commons/lang3/text/translate/CharSequenceTranslator,15,111,        return new AggregateTranslator(newArray);,6,0,0,1,2,1,8,0,0,15,41,3,1.0,0,0
defect4j,lang,org/apache/commons/lang3/text/translate/AggregateTranslator,15,40,    public AggregateTranslator(CharSequenceTranslator... translators) {,2,0,0,1,3,0,6,4,0,12,67,4,1.0,0,0
defect4j,lang,org/apache/commons/lang3/text/translate/AggregateTranslator,15,41,        this.translators = ArrayUtils.clone(translators);,2,1,0,1,2,0,0,0,0,3,49,5,1.0,0,0
defect4j,lang,org/apache/commons/lang3/text/translate/AggregateTranslator,15,42,    },2,1,0,0,1,0,4,0,0,7,1,3,1.0,0,0
defect4j,lang,org/apache/commons/lang3/text/translate/AggregateTranslator,15,51,        for (CharSequenceTranslator translator : translators) {,14,2,0,1,3,0,0,0,0,17,55,3,1.0,0,0
defect4j,lang,org/apache/commons/lang3/text/translate/AggregateTranslator,15,54,                return consumed;,8,1,0,0,0,1,0,0,0,9,16,3,1.0,0,0
defect4j,lang,org/apache/commons/lang3/StringEscapeUtils,15,145,    static class CsvEscaper extends CharSequenceTranslator {,2,0,0,0,1,3,12,0,0,17,56,1,1.0,0,0
defect4j,lang,org/apache/commons/lang3/StringEscapeUtils,15,150,        private static final char[] CSV_SEARCH_CHARS = ,2,0,0,1,2,3,0,0,0,5,46,3,1.0,0,0
defect4j,lang,org/apache/commons/lang3/StringEscapeUtils,15,268,    static class CsvUnescaper extends CharSequenceTranslator {,4,0,0,0,1,0,0,2,0,6,58,7,1.0,0,0
defect4j,lang,org/apache/commons/lang3/StringEscapeUtils,15,272,        private static final String CSV_QUOTE_STR = String.valueOf(CSV_QUOTE);,4,0,0,1,2,3,6,2,0,15,70,1,1.0,0,0
defect4j,lang,org/apache/commons/lang3/ClassUtils,15,53,    public static final String PACKAGE_SEPARATOR = String.valueOf(PACKAGE_SEPARATOR_CHAR);,4,1,0,1,2,0,8,0,0,13,86,6,1.0,0,0
defect4j,lang,org/apache/commons/lang3/ClassUtils,15,68,"    private static final Map<Class<?>, Class<?>> primitiveWrapperMap = new HashMap<Class<?>, Class<?>>();",2,0,0,1,2,3,0,12,0,17,101,2,1.0,0,0
defect4j,lang,org/apache/commons/lang3/ClassUtils,15,70,"         primitiveWrapperMap.put(Boolean.TYPE, Boolean.class);",4,3,0,1,2,0,2,0,0,9,53,4,1.0,0,0
defect4j,lang,org/apache/commons/lang3/ClassUtils,15,71,"         primitiveWrapperMap.put(Byte.TYPE, Byte.class);",4,0,0,1,2,0,4,2,0,10,47,5,1.0,0,0
defect4j,lang,org/apache/commons/lang3/ClassUtils,15,73,"         primitiveWrapperMap.put(Short.TYPE, Short.class);",4,0,0,1,2,0,4,2,0,10,49,5,1.0,0,0
defect4j,lang,org/apache/commons/lang3/ClassUtils,15,75,"         primitiveWrapperMap.put(Long.TYPE, Long.class);",4,0,0,1,2,0,4,2,0,10,47,5,1.0,0,0
defect4j,lang,org/apache/commons/lang3/ClassUtils,15,76,"         primitiveWrapperMap.put(Double.TYPE, Double.class);",1,0,0,1,2,0,0,2,0,3,51,5,1.0,0,0
defect4j,lang,org/apache/commons/lang3/ClassUtils,15,86,        for (Class<?> primitiveClass : primitiveWrapperMap.keySet()) {,4,1,0,2,5,0,4,2,0,11,62,1,1.0,0,0
defect4j,lang,org/apache/commons/lang3/ClassUtils,15,88,            if (!primitiveClass.equals(wrapperClass)) {,12,2,0,2,5,0,6,0,0,22,43,1,1.0,0,0
defect4j,lang,org/apache/commons/lang3/ClassUtils,15,89,"                wrapperPrimitiveMap.put(wrapperClass, primitiveClass);",2,0,0,1,2,0,14,0,0,16,54,1,1.0,0,0
defect4j,lang,org/apache/commons/lang3/ClassUtils,15,97,"    private static final Map<String, String> abbreviationMap = new HashMap<String, String>();",2,0,0,1,2,3,0,12,0,17,89,2,1.0,0,0
defect4j,lang,org/apache/commons/lang3/ClassUtils,15,102,"    private static final Map<String, String> reverseAbbreviationMap = new HashMap<String, String>();",4,0,1,1,2,3,4,12,0,27,96,1,1.0,0,0
defect4j,lang,org/apache/commons/lang3/ClassUtils,15,121,"        addAbbreviation(""float"", ""F"");",0,0,0,1,2,0,4,0,0,5,30,13,1.0,0,0
defect4j,lang,org/apache/commons/lang3/ClassUtils,15,122,"        addAbbreviation(""long"", ""J"");",2,0,0,1,2,0,10,4,0,18,29,1,1.0,0,0
defect4j,lang,org/apache/commons/lang3/ClassUtils,15,123,"        addAbbreviation(""short"", ""S"");",0,0,0,1,2,0,2,0,0,4,30,5,1.0,0,0
defect4j,lang,org/apache/commons/lang3/ClassUtils,15,127,    },2,0,1,0,1,0,0,2,0,7,1,3,1.0,0,0
defect4j,lang,org/apache/commons/lang3/ClassUtils,15,589,"        return isAssignable(cls, toClass, SystemUtils.isJavaVersionAtLeast(JavaVersion.JAVA_1_5));",4,0,0,2,4,1,10,0,0,14,90,5,1.0,0,0
defect4j,lang,org/apache/commons/lang3/ClassUtils,15,624,        if (cls == null) {,2,1,0,1,3,0,0,0,0,3,18,4,1.0,0,0
defect4j,lang,org/apache/commons/lang3/ClassUtils,15,628,        if (autoboxing) {,2,0,0,1,3,0,0,0,0,2,17,4,1.0,0,0
defect4j,lang,org/apache/commons/lang3/ClassUtils,15,629,            if (cls.isPrimitive() && !toClass.isPrimitive()) {,20,10,0,3,7,0,14,0,0,45,50,3,1.0,0,0
defect4j,lang,org/apache/commons/lang3/ClassUtils,15,631,                if (cls == null) {,2,1,0,1,3,0,0,0,0,3,18,8,1.0,0,0
defect4j,lang,org/apache/commons/lang3/ClassUtils,15,642,        if (cls.equals(toClass)) {,4,1,0,2,5,0,6,0,0,11,26,4,1.0,0,0
defect4j,lang,org/apache/commons/lang3/ClassUtils,15,645,        if (cls.isPrimitive()) {,6,3,0,2,5,0,4,0,0,13,24,4,1.0,0,0
defect4j,lang,org/apache/commons/lang3/ClassUtils,15,689,        return toClass.isAssignableFrom(cls);,6,1,0,1,2,1,8,4,0,19,37,3,1.0,0,0
defect4j,lang,org/apache/commons/lang3/ClassUtils,15,705,        Class<?> convertedClass = cls;,4,0,0,0,0,0,0,2,0,6,30,4,1.0,0,0
defect4j,lang,org/apache/commons/lang3/ClassUtils,15,706,        if (cls != null && cls.isPrimitive()) {,2,2,0,2,5,0,4,0,0,8,39,4,1.0,0,0
defect4j,lang,org/apache/commons/lang3/ClassUtils,15,707,            convertedClass = primitiveWrapperMap.get(cls);,6,1,0,1,2,0,10,0,0,19,46,6,1.0,0,0
defect4j,lang,org/apache/commons/lang3/ClassUtils,15,709,        return convertedClass;,2,0,0,0,0,1,0,0,0,2,22,4,1.0,0,0
defect4j,lang,org/apache/commons/lang3/ArrayUtils,15,49,    public static final Object[] EMPTY_OBJECT_ARRAY = new Object[0];,2,0,0,2,4,3,0,4,0,9,64,2,1.0,0,0
defect4j,lang,org/apache/commons/lang3/ArrayUtils,15,53,    public static final Class<?>[] EMPTY_CLASS_ARRAY = new Class[0];,2,0,0,2,4,3,0,4,0,9,64,2,1.0,0,0
defect4j,lang,org/apache/commons/lang3/ArrayUtils,15,57,    public static final String[] EMPTY_STRING_ARRAY = new String[0];,2,0,0,2,4,3,0,4,0,9,64,2,1.0,0,0
defect4j,lang,org/apache/commons/lang3/ArrayUtils,15,65,    public static final Long[] EMPTY_LONG_OBJECT_ARRAY = new Long[0];,6,3,0,2,4,3,0,4,0,18,65,1,1.0,0,0
defect4j,lang,org/apache/commons/lang3/ArrayUtils,15,69,    public static final int[] EMPTY_INT_ARRAY = new int[0];,4,0,0,2,4,4,0,0,0,8,55,1,1.0,0,0
defect4j,lang,org/apache/commons/lang3/ArrayUtils,15,89,    public static final Byte[] EMPTY_BYTE_OBJECT_ARRAY = new Byte[0];,2,0,0,2,4,3,0,4,0,9,65,2,1.0,0,0
defect4j,lang,org/apache/commons/lang3/ArrayUtils,15,93,    public static final double[] EMPTY_DOUBLE_ARRAY = new double[0];,2,0,0,2,4,3,0,0,0,5,64,2,1.0,0,0
defect4j,lang,org/apache/commons/lang3/ArrayUtils,15,105,    public static final Float[] EMPTY_FLOAT_OBJECT_ARRAY = new Float[0];,12,6,0,2,4,0,4,2,0,25,68,3,1.0,0,0
defect4j,lang,org/apache/commons/lang3/ArrayUtils,15,109,    public static final boolean[] EMPTY_BOOLEAN_ARRAY = new boolean[0];,2,0,0,2,4,3,0,0,0,5,67,2,1.0,0,0
defect4j,lang,org/apache/commons/lang3/ArrayUtils,15,320,        if (array == null) {,2,0,0,1,3,0,0,0,0,2,20,6,1.0,0,0
defect4j,lang,org/apache/commons/lang3/reflect/TypeUtils,15,65,"        return isAssignable(type, toType, null);",2,0,0,1,2,2,0,0,0,4,40,2,1.0,0,0
defect4j,lang,org/apache/commons/lang3/reflect/TypeUtils,15,79,        if (toType == null || toType instanceof Class<?>) {,6,2,1,1,3,0,0,2,0,13,51,4,1.0,0,0
defect4j,lang,org/apache/commons/lang3/reflect/TypeUtils,15,80,"            return isAssignable(type, (Class<?>) toType);",2,0,0,2,4,1,4,2,0,8,45,7,1.0,0,0
defect4j,lang,org/apache/commons/lang3/reflect/TypeUtils,15,88,"            return isAssignable(type, (GenericArrayType) toType, typeVarAssigns);",2,0,0,2,4,1,16,2,0,22,69,3,1.0,0,0
defect4j,lang,org/apache/commons/lang3/reflect/TypeUtils,15,113,        if (type == null) {,2,1,0,1,3,0,10,0,0,13,19,1,1.0,0,0
defect4j,lang,org/apache/commons/lang3/reflect/TypeUtils,15,115,            return toClass == null || !toClass.isPrimitive();,2,2,0,1,2,1,4,0,0,9,49,6,1.0,0,0
defect4j,lang,org/apache/commons/lang3/reflect/TypeUtils,15,120,        if (toClass == null) {,4,1,0,1,3,0,0,2,0,8,22,1,1.0,0,0
defect4j,lang,org/apache/commons/lang3/reflect/TypeUtils,15,126,            return true;,2,0,0,0,0,1,4,2,0,9,12,3,1.0,0,0
defect4j,lang,org/apache/commons/lang3/reflect/TypeUtils,15,131,"            return ClassUtils.isAssignable((Class<?>) type, toClass);",2,0,0,2,4,1,6,2,0,10,57,7,1.0,0,0
defect4j,lang,org/apache/commons/lang3/reflect/TypeUtils,15,134,        if (type instanceof ParameterizedType) {,2,0,0,1,3,0,0,2,0,4,40,5,1.0,0,0
defect4j,lang,org/apache/commons/lang3/reflect/TypeUtils,15,136,"            return isAssignable(getRawType((ParameterizedType) type), toClass);",2,0,0,3,6,1,6,2,0,10,67,7,1.0,0,0
defect4j,lang,org/apache/commons/lang3/reflect/TypeUtils,15,140,        if (type instanceof TypeVariable<?>) {,4,0,0,1,3,0,4,4,0,12,38,4,1.0,0,0
defect4j,lang,org/apache/commons/lang3/reflect/TypeUtils,15,154,        if (type instanceof GenericArrayType) {,6,0,0,1,3,0,0,0,0,7,39,6,1.0,0,0
defect4j,lang,org/apache/commons/lang3/reflect/TypeUtils,15,155,            return toClass.equals(Object.class),0,0,0,1,2,1,4,2,0,6,35,8,1.0,0,0
defect4j,lang,org/apache/commons/lang3/reflect/TypeUtils,15,193,            return true;,2,1,0,0,0,1,0,0,0,4,12,1,1.0,0,0
defect4j,lang,org/apache/commons/lang3/reflect/TypeUtils,15,262,        if (type == null) {,2,1,0,1,3,0,0,0,0,3,19,4,1.0,0,0
defect4j,lang,org/apache/commons/lang3/reflect/TypeUtils,15,268,        if (toGenericArrayType == null) {,0,0,0,1,3,0,10,0,0,10,33,5,1.0,0,0
defect4j,lang,org/apache/commons/lang3/reflect/TypeUtils,15,279,        if (type instanceof Class<?>) {,8,1,0,1,3,0,0,4,0,13,31,4,1.0,0,0
defect4j,lang,org/apache/commons/lang3/reflect/TypeUtils,15,280,            Class<?> cls = (Class<?>) type;,0,1,0,1,2,0,10,0,0,11,31,4,1.0,0,0
defect4j,lang,org/apache/commons/lang3/reflect/TypeUtils,15,283,            return cls.isArray(),2,0,0,1,2,3,4,6,0,14,20,1,1.0,0,0
defect4j,lang,org/apache/commons/lang3/reflect/TypeUtils,15,287,        if (type instanceof GenericArrayType) {,2,0,0,1,3,0,0,2,0,4,39,5,1.0,0,0
defect4j,lang,org/apache/commons/lang3/reflect/TypeUtils,15,289,"            return isAssignable(((GenericArrayType) type).getGenericComponentType(),",2,0,0,3,7,1,4,2,0,8,72,7,1.0,0,0
defect4j,lang,org/apache/commons/lang3/reflect/TypeUtils,15,357,            WildcardType wildcardType = (WildcardType) type;,4,0,0,1,2,0,0,4,0,8,48,6,1.0,0,0
defect4j,lang,org/apache/commons/lang3/reflect/TypeUtils,15,359,            Type[] lowerBounds = getImplicitLowerBounds(wildcardType);,2,0,0,2,4,0,4,2,0,8,58,6,1.0,0,0
defect4j,lang,org/apache/commons/lang3/reflect/TypeUtils,15,361,            for (Type toBound : toUpperBounds) {,4,0,0,1,3,0,0,2,0,6,36,6,1.0,0,0
defect4j,lang,org/apache/commons/lang3/reflect/TypeUtils,15,364,"                toBound = substituteTypeVariables(toBound, typeVarAssigns);",2,0,0,1,2,0,0,0,0,4,59,3,1.0,0,0
defect4j,lang,org/apache/commons/lang3/reflect/TypeUtils,15,369,                for (Type bound : upperBounds) {,10,0,0,1,3,0,0,2,0,13,32,3,1.0,0,0
defect4j,lang,org/apache/commons/lang3/reflect/TypeUtils,15,370,"                    if (!isAssignable(bound, toBound, typeVarAssigns)) {",0,0,0,2,5,0,8,0,0,9,52,10,1.0,0,0
defect4j,lang,org/apache/commons/lang3/reflect/TypeUtils,15,376,            for (Type toBound : toLowerBounds) {,4,0,0,1,3,0,0,2,0,6,36,6,1.0,0,0
defect4j,lang,org/apache/commons/lang3/reflect/TypeUtils,15,379,"                toBound = substituteTypeVariables(toBound, typeVarAssigns);",2,0,0,1,2,0,6,0,0,9,59,8,1.0,0,0
defect4j,lang,org/apache/commons/lang3/reflect/TypeUtils,15,384,                for (Type bound : lowerBounds) {,4,0,0,1,3,0,0,2,0,6,32,8,1.0,0,0
defect4j,lang,org/apache/commons/lang3/reflect/TypeUtils,15,399,                return false;,2,0,0,0,0,1,0,0,0,3,13,3,1.0,0,0
defect4j,lang,org/apache/commons/lang3/reflect/TypeUtils,15,607,        Type ownerType = parameterizedType.getOwnerType();,2,0,0,1,2,0,12,2,0,17,50,3,1.0,0,0
defect4j,lang,org/apache/commons/lang3/reflect/TypeUtils,15,610,        if (ownerType instanceof ParameterizedType) {,4,2,0,1,3,0,0,0,0,7,45,4,1.0,0,0
defect4j,lang,org/apache/commons/lang3/reflect/TypeUtils,15,622,        Type[] typeArgs = parameterizedType.getActualTypeArguments();,0,0,0,2,4,0,1,0,0,1,61,6,1.0,0,0
defect4j,lang,org/apache/commons/lang3/reflect/TypeUtils,15,624,        TypeVariable<?>[] typeParams = cls.getTypeParameters();,2,0,0,2,4,0,4,2,0,8,55,4,1.0,0,0
defect4j,lang,org/apache/commons/lang3/reflect/TypeUtils,15,627,        for (int i = 0; i < typeParams.length; i++) {,10,1,0,1,3,0,0,0,0,12,45,4,1.0,0,0
defect4j,lang,org/apache/commons/lang3/reflect/TypeUtils,15,628,            Type typeArg = typeArgs[i];,6,0,1,1,2,0,0,6,0,16,27,3,1.0,0,0
defect4j,lang,org/apache/commons/lang3/reflect/TypeUtils,15,629,"            typeVarAssigns.put(typeParams[i], typeVarAssigns.containsKey(typeArg) ? typeVarAssigns",4,1,1,2,5,0,26,0,0,35,86,3,1.0,0,0
defect4j,lang,org/apache/commons/lang3/reflect/TypeUtils,15,635,            return typeVarAssigns;,2,0,0,0,0,1,0,0,0,2,22,6,1.0,0,0
defect4j,lang,org/apache/commons/lang3/reflect/TypeUtils,15,806,            for (Type midType : interfaceTypes) {,4,0,0,1,3,0,0,2,0,6,37,6,1.0,0,0
defect4j,lang,org/apache/commons/lang3/reflect/TypeUtils,15,807,                Class<?> midClass = null;,4,1,0,0,0,0,0,2,0,7,25,4,1.0,0,0
defect4j,lang,org/apache/commons/lang3/reflect/TypeUtils,15,809,                if (midType instanceof ParameterizedType) {,2,0,0,1,3,0,0,2,0,4,43,9,1.0,0,0
defect4j,lang,org/apache/commons/lang3/reflect/TypeUtils,15,810,                    midClass = getRawType((ParameterizedType) midType);,8,1,0,2,4,0,2,2,0,14,51,4,1.0,0,0
defect4j,lang,org/apache/commons/lang3/reflect/TypeUtils,15,827,            if (genericInterface != null) {,2,1,0,1,3,0,0,0,0,3,31,6,1.0,0,0
defect4j,lang,org/apache/commons/lang3/reflect/TypeUtils,15,828,                return genericInterface;,2,0,0,0,0,1,0,0,0,2,24,8,1.0,0,0
defect4j,lang,org/apache/commons/lang3/reflect/TypeUtils,15,993,        if (!(rawType instanceof Class<?>)) {,4,0,0,2,5,0,6,4,0,15,37,3,1.0,0,0
defect4j,lang,org/apache/commons/lang3/text/translate/LookupTranslator,15,42,        int _shortest = Integer.MAX_VALUE;,6,0,0,0,0,0,0,0,0,6,34,5,1.0,0,0
defect4j,lang,org/apache/commons/lang3/text/translate/LookupTranslator,15,43,        int _longest = 0;,6,1,0,0,0,0,0,4,0,11,17,3,1.0,0,0
defect4j,lang,org/apache/commons/lang3/text/translate/LookupTranslator,15,44,        if (lookup != null) {,2,1,0,1,3,0,0,0,0,3,21,4,1.0,0,0
defect4j,lang,org/apache/commons/lang3/text/translate/LookupTranslator,15,45,            for (CharSequence[] seq : lookup) {,4,0,0,2,5,0,0,2,0,6,35,6,1.0,0,0
defect4j,lang,org/apache/commons/lang3/text/translate/LookupTranslator,15,46,"                this.lookupMap.put(seq[0], seq[1]);",2,0,1,3,6,0,2,0,0,8,35,9,1.0,0,0
defect4j,lang,org/apache/commons/lang3/text/translate/LookupTranslator,15,49,                    _shortest = sz;,4,0,0,0,0,0,0,0,0,5,15,10,1.0,0,0
defect4j,lang,org/apache/commons/lang3/text/translate/LookupTranslator,15,51,                if (sz > _longest) {,4,1,0,1,3,0,0,0,0,5,20,8,1.0,0,0
defect4j,lang,org/apache/commons/lang3/text/translate/LookupTranslator,15,52,                    _longest = sz;,4,0,0,0,0,0,0,0,0,5,14,10,1.0,0,0
defect4j,lang,org/apache/commons/lang3/text/translate/LookupTranslator,15,56,        shortest = _shortest;,4,0,0,0,0,0,0,0,0,5,21,4,1.0,0,0
defect4j,lang,org/apache/commons/lang3/text/translate/LookupTranslator,15,57,        longest = _longest;,6,0,0,0,0,0,8,4,0,19,19,3,1.0,0,0
defect4j,lang,org/apache/commons/lang3/text/translate/LookupTranslator,15,65,        int max = longest;,4,0,0,0,0,0,0,0,0,4,18,5,1.0,0,0
defect4j,lang,org/apache/commons/lang3/text/translate/LookupTranslator,15,66,        if (index + longest > input.length()) {,4,2,0,2,5,0,4,0,0,10,39,4,1.0,0,0
defect4j,lang,org/apache/commons/lang3/text/translate/LookupTranslator,15,70,        for (int i = max; i >= shortest; i--) {,12,1,0,1,3,0,0,0,0,14,39,3,1.0,0,0
defect4j,lang,org/apache/commons/lang3/text/translate/LookupTranslator,15,71,"            CharSequence subSeq = input.subSequence(index, index + i);",6,1,0,1,2,0,10,2,0,20,58,3,1.0,0,0
defect4j,lang,org/apache/commons/lang3/text/translate/LookupTranslator,15,73,            if (result != null) {,2,1,0,1,3,0,0,0,0,3,21,6,1.0,0,0
defect4j,lang,org/apache/commons/lang3/text/translate/LookupTranslator,15,74,                out.write(result.toString());,0,0,0,2,4,0,8,0,0,8,29,9,1.0,0,0
defect4j,lang,org/apache/commons/lang3/text/translate/LookupTranslator,15,75,                return i;,4,1,0,0,0,1,0,0,0,5,9,3,1.0,0,0
defect4j,lang,org/apache/commons/lang3/text/translate/CodePointTranslator,15,29,public abstract class CodePointTranslator extends CharSequenceTranslator {,2,0,0,0,1,2,0,2,0,6,74,1,1.0,0,0
defect4j,lang,org/apache/commons/lang3/text/translate/NumericEntityUnescaper,15,56,    public NumericEntityUnescaper(OPTION... options) {,6,2,0,1,3,1,6,2,0,17,50,2,1.0,0,0
defect4j,lang,org/apache/commons/lang3/text/translate/NumericEntityUnescaper,15,35,"    public static enum OPTION { semiColonRequired, semiColonOptional, errorIfNoSemiColon }",8,0,0,1,2,2,0,0,0,10,86,2,1.0,0,0
defect4j,lang,org/apache/commons/lang3/text/translate/UnicodeEscaper,15,51,"    private UnicodeEscaper(int below, int above, boolean between) {",8,0,0,1,3,1,0,0,0,9,63,2,1.0,0,0
defect4j,lang,org/apache/commons/lang3/text/translate/UnicodeEscaper,15,52,        this.below = below;,4,0,0,0,0,0,0,0,0,5,19,4,1.0,0,0
defect4j,lang,org/apache/commons/lang3/text/translate/UnicodeEscaper,15,53,        this.above = above;,4,0,0,0,0,0,0,0,0,5,19,4,1.0,0,0
defect4j,lang,org/apache/commons/lang3/text/translate/UnicodeEscaper,15,54,        this.between = between;,4,0,0,0,0,0,0,0,0,5,23,4,1.0,0,0
defect4j,lang,org/apache/commons/lang3/text/translate/OctalUnescaper,15,34,public class OctalUnescaper extends CharSequenceTranslator {,6,1,0,0,1,1,6,2,0,17,60,1,1.0,0,0
defect4j,lang,org/apache/commons/lang3/text/translate/OctalUnescaper,15,36,    private static int OCTAL_MAX = 377;,2,0,0,0,0,2,0,0,0,4,35,2,1.0,0,0
defect4j,lang,org/apache/commons/lang3/text/translate/EntityArrays,15,139,    private static final String[][] ISO8859_1_UNESCAPE = invert(ISO8859_1_ESCAPE);,2,0,0,3,6,3,4,2,0,11,78,2,1.0,0,0
defect4j,lang,org/apache/commons/lang3/text/translate/EntityArrays,15,148,    private static final String[][] HTML40_EXTENDED_ESCAPE = {,0,0,0,2,5,0,0,2,0,3,58,7,1.0,0,0
defect4j,lang,org/apache/commons/lang3/text/translate/EntityArrays,15,359,    private static final String[][] BASIC_ESCAPE = {,2,0,0,2,5,3,0,2,0,7,48,2,1.0,0,0
defect4j,lang,org/apache/commons/lang3/text/translate/EntityArrays,15,371,    private static final String[][] BASIC_UNESCAPE = invert(BASIC_ESCAPE);,2,0,0,3,6,3,12,2,0,20,70,1,1.0,0,0
defect4j,lang,org/apache/commons/lang3/text/translate/EntityArrays,15,378,    private static final String[][] APOS_ESCAPE = {,2,0,0,2,5,3,0,2,0,7,47,2,1.0,0,0
defect4j,lang,org/apache/commons/lang3/text/translate/EntityArrays,15,387,    private static final String[][] APOS_UNESCAPE = invert(APOS_ESCAPE);,2,0,0,3,6,3,4,2,0,11,68,2,1.0,0,0
defect4j,lang,org/apache/commons/lang3/text/translate/EntityArrays,15,34,    public static String[][] ISO8859_1_ESCAPE() { return ISO8859_1_ESCAPE.clone(); },2,0,0,5,10,3,4,2,0,10,80,2,1.0,0,0
defect4j,lang,org/apache/commons/lang3/text/translate/EntityArrays,15,138,    public static String[][] ISO8859_1_UNESCAPE() { return ISO8859_1_UNESCAPE.clone(); },2,0,0,5,10,3,4,2,0,10,84,2,1.0,0,0
defect4j,lang,org/apache/commons/lang3/text/translate/EntityArrays,15,147,    public static String[][] HTML40_EXTENDED_ESCAPE() { return HTML40_EXTENDED_ESCAPE.clone(); },2,1,1,5,10,1,0,0,0,7,92,8,1.0,0,0
defect4j,lang,org/apache/commons/lang3/text/translate/EntityArrays,15,349,    public static String[][] HTML40_EXTENDED_UNESCAPE() { return HTML40_EXTENDED_UNESCAPE.clone(); },4,0,0,5,10,3,4,2,0,13,96,2,1.0,0,0
defect4j,lang,org/apache/commons/lang3/text/translate/EntityArrays,15,358,    public static String[][] BASIC_ESCAPE() { return BASIC_ESCAPE.clone(); },2,0,0,5,10,3,4,2,0,10,72,2,1.0,0,0
defect4j,lang,org/apache/commons/lang3/text/translate/EntityArrays,15,377,    public static String[][] APOS_ESCAPE() { return APOS_ESCAPE.clone(); },2,0,0,5,10,3,4,2,0,10,70,2,1.0,0,0
defect4j,lang,org/apache/commons/lang3/text/translate/EntityArrays,15,386,    public static String[][] APOS_UNESCAPE() { return APOS_UNESCAPE.clone(); },2,0,0,5,10,3,4,2,0,10,74,2,1.0,0,0
defect4j,lang,org/apache/commons/lang3/text/translate/EntityArrays,15,408,    public static String[][] JAVA_CTRL_CHARS_UNESCAPE() { return JAVA_CTRL_CHARS_UNESCAPE.clone(); },2,0,0,5,10,3,4,2,0,10,96,2,1.0,0,0
defect4j,lang,org/apache/commons/lang3/text/translate/EntityArrays,15,417,        String[][] newarray = new String[array.length][2];,6,0,0,4,8,0,0,4,0,10,50,4,1.0,0,0
defect4j,lang,org/apache/commons/lang3/text/translate/EntityArrays,15,418,        for(int i = 0; i<array.length; i++) {,10,1,0,1,3,0,0,0,0,12,37,4,1.0,0,0
defect4j,lang,org/apache/commons/lang3/text/translate/UnicodeUnescaper,15,30,public class UnicodeUnescaper extends CharSequenceTranslator {,6,1,0,0,1,0,4,0,0,12,62,7,1.0,0,0
defect4j,lang,org/apache/commons/lang3/math/NumberUtils,16,470,            if (expPos > -1) {,8,2,0,1,3,0,0,0,0,13,18,1,1.0,0,0
defect4j,lang,org/apache/commons/lang3/math/NumberUtils,16,476,                dec = str.substring(decPos + 1);,4,1,0,1,2,0,4,0,0,10,32,8,1.0,0,0
defect4j,lang,org/apache/commons/lang3/math/NumberUtils,16,478,"            mant = str.substring(0, decPos);",2,0,0,1,2,0,6,0,0,9,32,6,1.0,0,0
defect4j,lang,org/apache/commons/lang3/math/NumberUtils,16,481,                if (expPos > str.length()) {,2,1,0,2,5,0,4,0,0,7,28,8,1.0,0,0
defect4j,lang,org/apache/commons/lang3/math/NumberUtils,16,517,                        Float f = NumberUtils.createFloat(numeric);,2,0,0,1,2,0,6,2,0,10,43,9,1.0,0,0
defect4j,lang,org/apache/commons/lang3/math/NumberUtils,16,518,                        if (!(f.isInfinite() || (f.floatValue() == 0.0F && !allZeros))) {,2,3,0,5,11,0,8,0,0,15,65,9,1.0,0,0
defect4j,lang,org/apache/commons/lang3/math/NumberUtils,16,531,                        Double d = NumberUtils.createDouble(numeric);,2,0,0,1,2,0,6,2,0,10,45,9,1.0,0,0
defect4j,lang,org/apache/commons/lang3/math/NumberUtils,16,532,                        if (!(d.isInfinite() || (d.floatValue() == 0.0D && !allZeros))) {,2,3,0,5,11,0,8,0,0,15,65,9,1.0,0,0
defect4j,lang,org/apache/commons/lang3/math/NumberUtils,16,533,                            return d;,2,0,0,0,0,1,0,0,0,2,9,11,1.0,0,0
defect4j,lang,org/apache/commons/lang3/math/NumberUtils,16,551,            if (expPos > -1 && expPos < str.length() - 1) {,8,4,0,2,5,0,4,0,0,17,47,1,1.0,0,0
defect4j,lang,org/apache/commons/lang3/math/NumberUtils,16,554,                exp = null;,4,1,0,0,0,0,0,0,0,6,11,3,1.0,0,0
defect4j,lang,org/apache/commons/lang3/math/NumberUtils,16,556,            if (dec == null && exp == null) {,4,3,0,1,3,0,0,0,0,7,33,6,1.0,0,0
defect4j,lang,org/apache/commons/lang3/math/NumberUtils,16,559,                    return createInteger(str);,0,0,0,1,2,1,4,0,0,4,26,11,1.0,0,0
defect4j,lang,org/apache/commons/lang3/math/NumberUtils,16,575,                    if (!(f.isInfinite() || (f.floatValue() == 0.0F && !allZeros))) {,2,3,0,5,11,0,8,0,0,15,65,10,1.0,0,0
defect4j,lang,org/apache/commons/lang3/math/NumberUtils,16,576,                        return f;,2,0,0,0,0,1,0,0,0,2,9,12,1.0,0,0
defect4j,lang,org/apache/commons/lang3/math/NumberUtils,16,448,        if (StringUtils.isBlank(str)) {,2,0,0,2,5,3,6,4,0,16,31,1,0.5,0,0
defect4j,lang,org/apache/commons/lang3/math/NumberUtils,16,451,"        if (str.startsWith(""--"")) {",0,0,0,2,5,0,4,0,0,5,27,5,0.5,0,0
defect4j,lang,org/apache/commons/lang3/math/NumberUtils,16,461,        char lastChar = str.charAt(str.length() - 1);,4,1,0,2,4,0,8,2,0,16,45,3,0.5,0,0
defect4j,lang,org/apache/commons/lang3/math/NumberUtils,16,465,        int decPos = str.indexOf('.');,2,0,0,1,2,0,4,0,0,7,30,5,0.5,0,0
defect4j,lang,org/apache/commons/lang3/math/NumberUtils,16,466,        int expPos = str.indexOf('e') + str.indexOf('E') + 1;,2,1,0,2,4,0,8,0,0,13,53,5,0.5,0,0
defect4j,lang,org/apache/commons/lang3/math/NumberUtils,16,468,        if (decPos > -1) {,4,1,0,1,3,0,4,0,0,10,18,1,0.5,0,0
defect4j,lang,org/apache/commons/lang3/math/NumberUtils,16,486,                mant = str;,4,0,0,0,0,0,0,0,0,5,11,8,0.5,0,0
defect4j,lang,org/apache/commons/lang3/math/NumberUtils,16,491,            if (expPos > -1 && expPos < str.length() - 1) {,4,4,0,2,5,0,4,0,0,13,47,6,0.5,0,0
defect4j,lang,org/apache/commons/lang3/math/NumberUtils,16,494,                exp = null;,2,0,0,0,0,0,0,0,0,3,11,8,0.5,0,0
defect4j,lang,org/apache/commons/lang3/math/NumberUtils,16,497,"            String numeric = str.substring(0, str.length() - 1);",4,0,0,2,4,0,0,0,0,5,52,5,0.5,0,0
defect4j,lang,org/apache/commons/lang3/math/NumberUtils,16,498,            boolean allZeros = isAllZeros(mant) && isAllZeros(exp);,2,1,0,2,4,0,8,0,0,11,55,7,0.5,0,0
defect4j,lang,org/apache/commons/lang3/math/NumberUtils,16,499,            switch (lastChar) {,2,0,0,1,3,3,16,4,0,25,19,1,0.5,0,0
defect4j,lang,org/apache/commons/lang3/math/NumberUtils,16,502,                    if (dec == null,2,1,0,0,1,0,0,0,0,3,15,9,0.5,0,0
defect4j,lang,org/apache/commons/lang3/math/NumberUtils,16,506,                            return createLong(numeric);,0,0,0,1,2,1,4,0,0,4,27,12,0.5,0,0
defect4j,lang,org/apache/commons/lang3/math/NumberUtils,16,605,        if (str == null) {,2,0,0,1,3,3,0,4,0,9,18,2,0.5,0,0
defect4j,lang,org/apache/commons/lang3/math/NumberUtils,16,608,        for (int i = str.length() - 1; i >= 0; i--) {,6,2,0,2,5,0,4,0,0,13,45,4,0.5,0,0
defect4j,lang,org/apache/commons/lang3/math/NumberUtils,16,609,            if (str.charAt(i) != '0') {,0,1,0,2,5,0,6,0,0,8,27,6,0.5,0,0
defect4j,lang,org/apache/commons/lang3/math/NumberUtils,16,610,                return false;,2,0,0,0,0,1,0,8,0,11,13,3,0.5,0,0
defect4j,lang,org/apache/commons/lang3/math/NumberUtils,16,627,        if (str == null) {,8,1,0,1,3,0,4,0,0,14,18,3,0.5,0,0
defect4j,lang,org/apache/commons/lang3/math/NumberUtils,16,660,        if (str == null) {,2,1,0,1,3,0,8,0,0,11,18,4,0.5,0,0
defect4j,lang,org/apache/commons/lang3/math/NumberUtils,16,664,        return Integer.decode(str);,0,0,0,1,2,1,6,2,0,10,27,3,0.5,0,0
defect4j,lang,org/apache/commons/lang3/math/NumberUtils,16,677,        if (str == null) {,2,1,0,1,3,0,0,0,0,3,18,4,0.33333,0,0
defect4j,lang,org/apache/commons/lang3/math/NumberUtils,16,1290,        for (int i = 0; i < str.length(); i++) {,8,1,0,2,5,3,6,0,0,20,40,1,0.33333,0,0
defect4j,lang,org/apache/commons/lang3/math/NumberUtils,16,1295,        return true;,2,0,0,0,0,1,4,2,0,9,12,3,0.33333,0,0
defect4j,lang,org/apache/commons/lang3/StringUtils,16,183,        return cs == null || cs.length() == 0;,4,3,1,1,2,4,8,4,0,31,38,1,0.33333,0,0
defect4j,lang,org/apache/commons/lang3/StringUtils,16,223,        if (cs == null || (strLen = cs.length()) == 0) {,6,3,0,3,7,0,10,4,0,24,48,3,0.33333,0,0
defect4j,lang,org/apache/commons/lang3/text/translate/AggregateTranslator,17,57,        return 0;,2,1,0,0,0,1,0,0,0,3,9,4,0.07692,0,0
defect4j,lang,org/apache/commons/lang3/text/translate/AggregateTranslator,17,51,        for (CharSequenceTranslator translator : translators) {,4,0,0,1,3,0,0,2,0,6,55,4,0.06667,0,0
defect4j,lang,org/apache/commons/lang3/text/translate/AggregateTranslator,17,52,"            int consumed = translator.translate(input, index, out);",2,0,0,1,2,0,10,0,0,12,55,7,0.06667,0,0
defect4j,lang,org/apache/commons/lang3/time/FastDateFormat,18,409,"        TimeZoneDisplayKey key = new TimeZoneDisplayKey(tz, daylight, style, locale);",10,0,0,1,2,0,0,4,0,14,77,4,1.0,0,0
defect4j,lang,org/apache/commons/lang3/time/FastDateFormat,18,410,        String value = cTimeZoneDisplayCache.get(key);,2,1,0,1,2,0,0,0,0,3,46,4,1.0,0,0
defect4j,lang,org/apache/commons/lang3/time/FastDateFormat,18,411,        if (value == null) {,2,1,0,1,3,0,0,0,0,3,20,4,1.0,0,0
defect4j,lang,org/apache/commons/lang3/time/FastDateFormat,18,413,"            value = tz.getDisplayName(daylight, style, locale);",4,0,0,1,2,0,10,0,0,15,51,3,1.0,0,0
defect4j,lang,org/apache/commons/lang3/time/FastDateFormat,18,414,"            String prior = cTimeZoneDisplayCache.putIfAbsent(key, value);",2,0,0,1,2,0,8,2,0,12,61,6,1.0,0,0
defect4j,lang,org/apache/commons/lang3/time/FastDateFormat,18,419,        return value;,6,0,0,0,0,1,0,0,0,7,13,3,1.0,0,0
defect4j,lang,org/apache/commons/lang3/time/FastDateFormat,18,558,"                    rule = new TimeZoneNameRule(mTimeZone, mLocale, TimeZone.SHORT);",10,0,0,1,2,0,0,2,0,13,64,9,1.0,0,0
defect4j,lang,org/apache/commons/lang3/time/FastDateFormat,18,560,                break;,4,3,0,0,0,0,0,0,0,7,6,4,1.0,0,0
defect4j,lang,org/apache/commons/lang3/time/FastDateFormat,18,1240,"            appendTo(buffer, calendar.get(Calendar.YEAR) % 100);",4,1,0,2,4,0,8,0,0,13,52,6,1.0,0,0
defect4j,lang,org/apache/commons/lang3/time/FastDateFormat,18,1247,            buffer.append((char)(value / 10 + '0'));,4,2,0,3,6,0,4,0,0,11,40,1,1.0,0,0
defect4j,lang,org/apache/commons/lang3/time/FastDateFormat,18,1484,"                           boolean daylight, int style, Locale locale) {",2,1,0,0,2,0,0,0,0,3,45,4,1.0,0,0
defect4j,lang,org/apache/commons/lang3/time/FastDateFormat,18,1485,            mTimeZone = timeZone;,2,0,0,0,0,3,0,2,0,7,21,2,1.0,0,0
defect4j,lang,org/apache/commons/lang3/time/FastDateFormat,18,1487,                style |= 0x80000000;,0,0,0,0,0,0,4,0,0,5,20,5,1.0,0,0
defect4j,lang,org/apache/commons/lang3/time/FastDateFormat,18,1489,            mStyle = style;,4,0,0,0,0,0,0,0,0,5,15,5,1.0,0,0
defect4j,lang,org/apache/commons/lang3/time/FastDateFormat,18,1490,            mLocale = locale;,2,0,0,0,0,3,0,4,0,9,17,2,1.0,0,0
defect4j,lang,org/apache/commons/lang3/time/FastDateFormat,18,1498,            return (mStyle * 31 + mLocale.hashCode() ) * 31 + mTimeZone.hashCode();,4,5,0,3,6,1,8,0,0,17,71,1,1.0,0,0
defect4j,lang,org/apache/commons/lang3/time/FastDateFormat,18,1387,"        TimeZoneNameRule(TimeZone timeZone, Locale locale, int style) {",8,0,0,1,3,0,0,4,0,12,63,3,1.0,0,0
defect4j,lang,org/apache/commons/lang3/time/FastDateFormat,18,1390,"            mStandard = getTimeZoneDisplay(timeZone, false, style, locale);",4,1,0,1,2,0,12,4,0,23,63,1,1.0,0,0
defect4j,lang,org/apache/commons/lang3/time/FastDateFormat,18,1391,"            mDaylight = getTimeZoneDisplay(timeZone, true, style, locale);",4,0,0,1,2,0,0,0,0,5,62,6,1.0,0,0
defect4j,lang,org/apache/commons/lang3/time/FastDateFormat,18,1392,        },2,0,0,0,1,0,0,0,0,2,1,6,1.0,0,0
defect4j,lang,org/apache/commons/lang3/time/FastDateFormat,18,1398,"            return Math.max(mStandard.length(), mDaylight.length());",0,0,0,3,6,1,12,0,0,12,56,6,1.0,0,0
defect4j,lang,org/apache/commons/lang3/time/FastDateFormat,18,498,                    rule = TwoDigitYearField.INSTANCE;,2,0,0,0,0,3,0,0,0,5,34,3,0.5,0,0
defect4j,lang,org/apache/commons/lang3/time/FastDateFormat,18,500,                break;,2,0,0,0,0,3,2,2,0,10,6,2,0.5,0,0
defect4j,lang,org/apache/commons/lang3/time/FastDateFormat,18,546,"                rule = new TextField(Calendar.AM_PM, AmPmStrings);",8,0,0,1,2,0,0,2,0,11,50,7,0.5,0,0
defect4j,lang,org/apache/commons/lang3/time/FastDateFormat,18,1023,            buffer.append(mValues[calendar.get(mField)]);,2,0,0,3,6,0,0,0,0,3,45,12,0.5,0,0
defect4j,lang,org/apache/commons/lang3/time/FastDateFormat,18,1062,            } else if (value < 100) {,4,1,0,1,4,0,0,4,0,9,25,1,0.5,0,0
defect4j,lang,org/apache/commons/lang3/time/FastDateFormat,18,1220,        static final TwoDigitYearField INSTANCE = new TwoDigitYearField();,2,0,0,1,2,2,0,4,0,8,66,3,0.5,0,0
defect4j,lang,org/apache/commons/lang3/time/FastDateFormat,18,1153,                for (int i = mSize; --i >= 2; ) {,8,1,0,1,3,3,2,2,0,18,33,1,0.33333,0,0
defect4j,lang,org/apache/commons/lang3/time/FastDateFormat,18,1154,                    buffer.append('0');,0,0,0,1,2,0,4,0,0,5,19,10,0.33333,0,0
defect4j,lang,org/apache/commons/lang3/time/FastDateFormat,18,1156,                buffer.append((char)(value / 10 + '0'));,2,1,0,3,6,0,0,0,0,3,40,6,0.33333,0,0
defect4j,lang,org/apache/commons/lang3/time/FastDateFormat,18,1157,                buffer.append((char)(value % 10 + '0'));,4,2,0,3,6,3,4,4,0,18,40,1,0.33333,0,0
defect4j,lang,org/apache/commons/lang3/time/FastDateFormat,18,1053,"            appendTo(buffer, calendar.get(mField));",0,0,0,2,4,0,10,0,0,10,39,6,0.33333,0,0
defect4j,lang,org/apache/commons/lang3/time/FastDateFormat,18,1060,            if (value < 10) {,0,0,0,1,3,0,6,0,0,6,17,7,0.33333,0,0
defect4j,lang,org/apache/commons/lang3/time/FastDateFormat,18,1068,        },8,2,0,0,1,0,4,0,0,15,1,3,0.33333,0,0
defect4j,lang,org/apache/commons/lang3/time/FastDateFormat,18,1096,"            appendTo(buffer, calendar.get(Calendar.MONTH) + 1);",6,2,0,2,4,0,8,0,0,16,51,1,0.33333,0,0
defect4j,lang,org/apache/commons/lang3/time/FastDateFormat,18,1097,        },2,0,0,0,1,3,4,2,0,12,1,2,0.33333,0,0
defect4j,lang,org/apache/commons/lang3/time/FastDateFormat,18,1104,                buffer.append((char)(value + '0'));,8,5,0,3,6,3,8,4,0,30,35,1,0.33333,0,0
defect4j,lang,org/apache/commons/lang3/text/translate/NumericEntityUnescaper,19,41,            int start = index + 2;,4,1,0,0,0,0,0,0,0,5,22,7,1.0,0,0
defect4j,lang,org/apache/commons/lang3/text/translate/NumericEntityUnescaper,19,42,            boolean isHex = false;,2,0,0,0,0,0,0,0,0,3,22,7,1.0,0,0
defect4j,lang,org/apache/commons/lang3/text/translate/NumericEntityUnescaper,19,44,            char firstChar = input.charAt(start);,2,0,0,1,2,0,6,0,0,8,37,7,1.0,0,0
defect4j,lang,org/apache/commons/lang3/text/translate/NumericEntityUnescaper,19,46,                start++;,2,0,0,0,0,0,0,0,0,3,8,8,0.5,0,0
defect4j,lang,org/apache/commons/lang3/text/translate/NumericEntityUnescaper,19,47,                isHex = true;,2,0,0,0,0,0,0,0,0,4,13,8,0.5,0,0
defect4j,lang,org/apache/commons/lang3/StringUtils,20,3257,            return null;,2,0,0,0,0,4,4,2,0,12,12,2,1.0,0,0
defect4j,lang,org/apache/commons/lang3/StringUtils,20,3256,        if (array == null) {,2,0,0,1,3,0,16,0,0,19,20,1,0.5,0,0
defect4j,lang,org/apache/commons/lang3/StringUtils,20,3260,"        return join(array, separator, 0, array.length);",4,0,0,1,2,1,6,0,0,10,47,5,0.5,0,0
defect4j,lang,org/apache/commons/lang3/StringUtils,20,3290,        if (array == null) {,2,1,0,1,3,0,0,0,0,3,20,4,0.5,0,0
defect4j,lang,org/apache/commons/lang3/StringUtils,20,3293,        int noOfItems = (endIndex - startIndex);,6,1,0,1,2,0,0,0,0,7,40,5,0.5,0,0
defect4j,lang,org/apache/commons/lang3/StringUtils,20,3294,        if (noOfItems <= 0) {,2,1,0,1,3,0,0,0,0,3,21,4,0.5,0,0
defect4j,lang,org/apache/commons/lang3/StringUtils,20,3301,            if (i > startIndex) {,6,2,0,1,3,0,0,0,0,8,21,3,0.5,0,0
defect4j,lang,org/apache/commons/lang3/StringUtils,20,3302,                buf.append(separator);,2,0,0,1,2,3,6,4,0,15,22,1,0.5,0,0
defect4j,lang,org/apache/commons/lang3/StringUtils,20,3304,            if (array[i] != null) {,0,1,1,2,5,0,0,0,0,5,23,6,0.5,0,0
defect4j,lang,org/apache/commons/lang3/StringUtils,20,3308,        return buf.toString();,0,0,1,1,2,1,0,0,0,9,22,6,0.5,0,0
defect4j,lang,org/apache/commons/lang3/StringUtils,20,3336,            return null;,2,0,0,0,0,1,6,0,0,8,12,7,0.33333,0,0
defect4j,lang,org/apache/commons/lang3/time/DateUtils,21,1832,            super();,2,0,0,1,2,3,6,4,0,15,8,1,0.0,0,0
defect4j,lang,org/apache/commons/lang3/time/DateUtils,21,1833,            this.endFinal = endFinal;,4,0,0,0,0,0,0,0,0,5,25,5,0.0,0,0
defect4j,lang,org/apache/commons/lang3/time/DateUtils,21,1834,            spot = startFinal;,4,0,0,0,0,0,0,0,0,5,18,5,0.0,0,0
defect4j,lang,org/apache/commons/lang3/time/DateUtils,21,1835,"            spot.add(Calendar.DATE, -1);",4,0,0,1,2,0,4,0,0,9,28,6,0.0,0,0
defect4j,lang,org/apache/commons/lang3/time/DateUtils,21,1836,        },2,1,0,0,1,0,0,0,0,3,1,4,0.0,0,0
defect4j,lang,org/apache/commons/lang3/time/DateUtils,21,1844,            return spot.before(endFinal);,0,0,0,1,2,1,6,0,0,6,29,6,0.0,0,0
defect4j,lang,org/apache/commons/lang3/time/DateUtils,21,1854,                throw new NoSuchElementException();,4,0,0,1,2,0,0,2,0,7,35,4,0.0,0,0
defect4j,lang,org/apache/commons/lang3/time/DateUtils,21,1856,"            spot.add(Calendar.DATE, 1);",0,0,0,1,2,0,6,0,0,6,27,13,0.0,0,0
defect4j,lang,org/apache/commons/lang3/time/DateUtils,21,1857,            return (Calendar) spot.clone();,0,0,0,2,4,1,4,2,0,6,31,6,0.0,0,0
defect4j,lang,org/apache/commons/lang3/time/DateUtils,21,176,        if (date1 == null || date2 == null) {,2,0,0,1,3,0,6,0,0,8,37,7,0.0,0,0
defect4j,lang,org/apache/commons/lang3/time/DateUtils,21,179,        Calendar cal1 = Calendar.getInstance();,2,0,0,1,2,0,4,2,0,8,39,4,0.0,0,0
defect4j,lang,org/apache/commons/lang3/time/DateUtils,21,180,        cal1.setTime(date1);,0,0,0,1,2,0,6,0,0,6,20,5,0.0,0,0
defect4j,lang,org/apache/commons/lang3/time/DateUtils,21,181,        Calendar cal2 = Calendar.getInstance();,12,1,0,1,2,0,12,2,0,27,39,4,0.0,0,0
defect4j,lang,org/apache/commons/lang3/time/DateUtils,21,200,        if (cal1 == null || cal2 == null) {,4,3,0,1,3,0,0,0,0,7,35,4,0.0,0,0
defect4j,lang,org/apache/commons/lang3/time/DateUtils,21,201,"            throw new IllegalArgumentException(""The date must not be null"");",10,1,0,1,2,0,0,2,0,16,64,3,0.0,0,0
defect4j,lang,org/apache/commons/lang3/time/DateUtils,21,203,        return (cal1.get(Calendar.ERA) == cal2.get(Calendar.ERA) &&,8,3,0,2,5,1,8,0,0,19,59,5,0.0,0,0
defect4j,lang,org/apache/commons/lang3/time/DateUtils,21,221,        if (date1 == null || date2 == null) {,8,3,0,1,3,0,0,0,0,12,37,3,0.0,0,0
defect4j,lang,org/apache/commons/lang3/time/DateUtils,21,239,        if (cal1 == null || cal2 == null) {,4,3,0,1,3,0,0,0,0,7,35,4,0.0,0,0
defect4j,lang,org/apache/commons/lang3/time/DateUtils,21,240,"            throw new IllegalArgumentException(""The date must not be null"");",2,0,0,1,2,0,8,2,0,16,64,1,0.0,0,0
defect4j,lang,org/apache/commons/lang3/time/DateUtils,21,259,        if (cal1 == null || cal2 == null) {,4,3,0,1,3,0,0,0,0,7,35,4,0.0,0,0
defect4j,lang,org/apache/commons/lang3/time/DateUtils,21,262,        return (cal1.get(Calendar.MILLISECOND) == cal2.get(Calendar.MILLISECOND) &&,10,9,0,2,5,1,8,0,0,27,75,3,0.0,0,0
defect4j,lang,org/apache/commons/lang3/time/DateUtils,21,328,        if (str == null || parsePatterns == null) {,4,3,0,1,3,0,0,0,0,7,43,4,0.0,0,0
defect4j,lang,org/apache/commons/lang3/time/DateUtils,21,332,        SimpleDateFormat parser = new SimpleDateFormat();,2,0,0,1,2,0,0,4,0,6,49,4,0.0,0,0
defect4j,lang,org/apache/commons/lang3/time/DateUtils,21,337,            String pattern = parsePatterns[i];,2,0,1,1,2,0,0,2,0,8,34,6,0.0,0,0
defect4j,lang,org/apache/commons/lang3/time/DateUtils,21,340,"            if (parsePatterns[i].endsWith(""ZZ"")) {",0,0,1,3,7,0,2,0,0,7,38,7,0.0,0,0
defect4j,lang,org/apache/commons/lang3/time/DateUtils,21,344,            parser.applyPattern(pattern);,0,0,0,1,2,0,6,0,0,6,29,7,0.0,0,0
defect4j,lang,org/apache/commons/lang3/time/DateUtils,21,347,            String str2 = str;,4,0,0,0,0,0,0,2,0,6,18,6,0.0,0,0
defect4j,lang,org/apache/commons/lang3/time/DateUtils,21,349,"            if (parsePatterns[i].endsWith(""ZZ"")) {",2,0,0,3,7,1,0,2,0,5,38,2,0.0,0,0
defect4j,lang,org/apache/commons/lang3/time/DateUtils,21,350,"                str2 = str.replaceAll(""([-+][0-9][0-9]):([0-9][0-9])$"", ""$1$2""); ",0,0,0,8,16,0,0,0,0,24,64,4,0.0,0,0
defect4j,lang,org/apache/commons/lang3/time/DateUtils,21,353,"            Date date = parser.parse(str2, pos);",2,0,0,1,2,0,8,2,0,12,36,6,0.0,0,0
defect4j,lang,org/apache/commons/lang3/time/DateUtils,21,354,            if (date != null && pos.getIndex() == str2.length()) {,12,4,0,3,7,0,18,4,0,45,54,3,0.0,0,0
defect4j,lang,org/apache/commons/lang3/time/DateUtils,21,355,                return date;,2,0,0,0,0,1,0,0,0,2,12,8,0.0,0,0
defect4j,lang,org/apache/commons/lang3/time/DateUtils,21,358,"        throw new ParseException(""Unable to parse the date: "" + str, -1);",4,1,0,1,2,0,0,2,0,9,65,3,0.0,0,0
defect4j,lang,org/apache/commons/lang3/time/DateUtils,21,372,"        return add(date, Calendar.YEAR, amount);",4,0,0,1,2,1,12,0,0,16,40,5,0.0,0,0
defect4j,lang,org/apache/commons/lang3/time/DateUtils,21,400,"        return add(date, Calendar.WEEK_OF_YEAR, amount);",4,0,0,1,2,1,6,0,0,10,48,5,0.0,0,0
defect4j,lang,org/apache/commons/lang3/time/DateUtils,21,428,"        return add(date, Calendar.HOUR_OF_DAY, amount);",2,1,0,1,2,1,0,0,0,3,47,4,0.0,0,0
defect4j,lang,org/apache/commons/lang3/time/DateUtils,21,456,"        return add(date, Calendar.SECOND, amount);",4,0,0,1,2,1,0,0,0,5,42,4,0.0,0,0
defect4j,lang,org/apache/commons/lang3/time/DateUtils,21,470,"        return add(date, Calendar.MILLISECOND, amount);",4,0,0,1,2,1,6,0,0,10,47,5,0.0,0,0
defect4j,lang,org/apache/commons/lang3/time/DateUtils,21,486,"            throw new IllegalArgumentException(""The date must not be null"");",4,0,0,1,2,6,6,4,0,22,64,2,0.0,0,0
defect4j,lang,org/apache/commons/lang3/time/DateUtils,21,488,        Calendar c = Calendar.getInstance();,2,0,0,1,2,0,0,0,0,2,36,4,0.0,0,0
defect4j,lang,org/apache/commons/lang3/time/DateUtils,21,506,"        return set(date, Calendar.YEAR, amount);",4,0,0,1,2,1,6,0,0,10,40,5,0.0,0,0
defect4j,lang,org/apache/commons/lang3/time/DateUtils,21,521,"        return set(date, Calendar.MONTH, amount);",4,0,0,1,2,2,4,4,0,13,41,3,0.0,0,0
defect4j,lang,org/apache/commons/lang3/time/DateUtils,21,536,"        return set(date, Calendar.DAY_OF_MONTH, amount);",2,0,0,1,2,1,0,0,0,2,48,8,0.0,0,0
defect4j,lang,org/apache/commons/lang3/time/DateUtils,21,597,"        return set(date, Calendar.MILLISECOND, amount);",6,0,0,1,2,2,6,2,0,15,47,3,0.0,0,0
defect4j,lang,org/apache/commons/lang3/time/DateUtils,21,614,        if (date == null) {,6,1,0,1,3,0,14,0,0,22,19,3,0.0,0,0
defect4j,lang,org/apache/commons/lang3/time/DateUtils,21,637,        return c;,8,0,0,0,0,4,4,4,0,20,9,1,0.0,0,0
defect4j,lang,org/apache/commons/lang3/time/DateUtils,21,670,        if (date == null) {,2,1,0,1,3,0,0,0,0,3,19,4,0.0,0,0
defect4j,lang,org/apache/commons/lang3/time/DateUtils,21,671,"            throw new IllegalArgumentException(""The date must not be null"");",4,0,1,1,2,0,0,0,0,9,64,8,0.0,0,0
defect4j,lang,org/apache/commons/lang3/time/DateUtils,21,673,        Calendar gval = Calendar.getInstance();,2,0,0,1,2,0,4,2,0,8,39,4,0.0,0,0
defect4j,lang,org/apache/commons/lang3/time/DateUtils,21,711,        Calendar rounded = (Calendar) date.clone();,2,0,0,2,4,0,4,4,0,10,43,4,0.0,0,0
defect4j,lang,org/apache/commons/lang3/time/DateUtils,21,747,        if (date == null) {,2,1,0,1,3,0,10,0,0,13,19,3,0.0,0,0
defect4j,lang,org/apache/commons/lang3/time/DateUtils,21,750,        if (date instanceof Date) {,4,0,0,1,3,0,0,4,0,8,27,3,0.0,0,0
defect4j,lang,org/apache/commons/lang3/time/DateUtils,21,751,"            return round((Date) date, field);",4,0,0,2,4,1,0,0,0,4,33,3,0.0,0,0
defect4j,lang,org/apache/commons/lang3/time/DateUtils,21,752,        } else if (date instanceof Calendar) {,2,0,0,1,4,0,0,2,0,4,38,6,0.0,0,0
defect4j,lang,org/apache/commons/lang3/time/DateUtils,21,753,"            return round((Calendar) date, field).getTime();",2,0,0,3,6,1,6,2,0,10,47,8,0.0,0,0
defect4j,lang,org/apache/commons/lang3/time/DateUtils,21,755,"            throw new ClassCastException(""Could not round "" + date);",2,1,0,1,2,0,0,2,0,6,56,8,0.0,0,0
defect4j,lang,org/apache/commons/lang3/time/DateUtils,21,777,        if (date == null) {,2,1,0,1,3,0,0,0,0,3,19,4,0.0,0,0
defect4j,lang,org/apache/commons/lang3/time/DateUtils,21,780,        Calendar gval = Calendar.getInstance();,2,0,0,1,2,0,4,2,0,8,39,4,0.0,0,0
defect4j,lang,org/apache/commons/lang3/time/DateUtils,21,782,"        modify(gval, field, MODIFY_TRUNCATE);",2,0,0,1,2,0,12,2,0,16,37,3,0.0,0,0
defect4j,lang,org/apache/commons/lang3/time/DateUtils,21,808,        return truncated;,8,1,0,0,0,1,4,0,0,13,17,3,0.0,0,0
defect4j,lang,org/apache/commons/lang3/time/DateUtils,21,832,        if (date == null) {,2,1,0,1,3,0,0,0,0,3,19,4,0.0,0,0
defect4j,lang,org/apache/commons/lang3/time/DateUtils,21,835,        if (date instanceof Date) {,2,0,0,1,3,0,0,2,0,4,27,5,0.0,0,0
defect4j,lang,org/apache/commons/lang3/time/DateUtils,21,837,        } else if (date instanceof Calendar) {,2,0,0,1,4,3,2,2,0,10,38,2,0.0,0,0
defect4j,lang,org/apache/commons/lang3/time/DateUtils,21,838,"            return truncate((Calendar) date, field).getTime();",6,1,0,3,6,1,4,0,0,12,50,4,0.0,0,0
defect4j,lang,org/apache/commons/lang3/time/DateUtils,21,866,        Calendar gval = Calendar.getInstance();,2,0,0,1,2,0,4,2,0,8,39,4,0.0,0,0
defect4j,lang,org/apache/commons/lang3/time/DateUtils,21,868,"        modify(gval, field, MODIFY_CEILING);",2,0,0,1,2,0,0,4,0,8,36,3,0.0,0,0
defect4j,lang,org/apache/commons/lang3/time/DateUtils,21,869,        return gval.getTime();,2,3,0,1,2,1,8,0,0,15,22,9,0.0,0,0
defect4j,lang,org/apache/commons/lang3/time/DateUtils,21,890,        if (date == null) {,4,1,0,1,3,0,4,0,0,9,19,3,0.0,0,0
defect4j,lang,org/apache/commons/lang3/time/DateUtils,21,891,"            throw new IllegalArgumentException(""The date must not be null"");",2,0,0,1,2,0,0,0,0,2,64,6,0.0,0,0
defect4j,lang,org/apache/commons/lang3/time/DateUtils,21,895,        return ceiled;,0,0,0,0,0,1,12,0,0,12,14,5,0.0,0,0
defect4j,lang,org/apache/commons/lang3/time/DateUtils,21,926,"            return ceiling((Calendar) date, field).getTime();",4,0,0,3,6,1,6,4,0,14,49,4,0.0,0,0
defect4j,lang,org/apache/commons/lang3/time/DateUtils,21,943,"            throw new ArithmeticException(""Calendar value too large for accurate calculations"");",2,1,0,1,2,0,0,2,0,6,84,4,0.0,0,0
defect4j,lang,org/apache/commons/lang3/time/DateUtils,21,947,            return;,2,0,1,0,0,1,0,0,0,4,7,5,0.0,0,0
defect4j,lang,org/apache/commons/lang3/time/DateUtils,21,958,        boolean done = false;,14,4,0,0,0,0,0,0,0,19,21,3,0.0,0,0
defect4j,lang,org/apache/commons/lang3/time/DateUtils,21,961,        int millisecs = val.get(Calendar.MILLISECOND);,6,0,0,1,2,0,4,0,0,10,46,5,0.0,0,0
defect4j,lang,org/apache/commons/lang3/time/DateUtils,21,963,            time = time - millisecs;,0,0,0,0,0,0,6,0,0,6,24,9,0.0,0,0
defect4j,lang,org/apache/commons/lang3/time/DateUtils,21,966,            done = true;,4,0,0,0,0,0,0,2,0,6,12,7,0.0,0,0
defect4j,lang,org/apache/commons/lang3/time/DateUtils,21,970,        int seconds = val.get(Calendar.SECOND);,6,0,0,1,2,0,4,0,0,10,39,5,0.0,0,0
defect4j,lang,org/apache/commons/lang3/time/DateUtils,21,979,        int minutes = val.get(Calendar.MINUTE);,4,0,0,1,2,0,0,4,0,8,39,9,0.0,0,0
defect4j,lang,org/apache/commons/lang3/time/DateUtils,21,985,        if (date.getTime() != time) {,2,0,0,2,5,0,4,0,0,7,29,4,0.0,0,0
defect4j,lang,org/apache/commons/lang3/time/DateUtils,21,986,            date.setTime(time);,0,0,0,1,2,0,0,0,0,1,19,6,0.0,0,0
defect4j,lang,org/apache/commons/lang3/time/DateUtils,21,987,            val.setTime(date);,10,1,0,1,2,0,0,0,0,12,18,6,0.0,0,0
defect4j,lang,org/apache/commons/lang3/time/DateUtils,21,991,        boolean roundUp = false;,4,3,0,0,0,0,0,0,0,7,24,4,0.0,0,0
defect4j,lang,org/apache/commons/lang3/time/DateUtils,21,992,        for (int i = 0; i < fields.length; i++) {,2,0,0,1,3,3,2,2,0,10,41,2,0.0,0,0
defect4j,lang,org/apache/commons/lang3/time/DateUtils,21,993,            for (int j = 0; j < fields[i].length; j++) {,4,3,0,2,5,0,0,0,0,7,44,4,0.0,0,0
defect4j,lang,org/apache/commons/lang3/time/DateUtils,21,996,                    if (modType == MODIFY_CEILING || (modType == MODIFY_ROUND && roundUp)) {,10,4,0,2,5,0,0,0,0,14,72,10,0.0,0,0
defect4j,lang,org/apache/commons/lang3/time/DateUtils,21,997,                        if (field == DateUtils.SEMI_MONTH) {,10,2,1,1,3,0,2,0,0,18,36,1,0.0,0,0
defect4j,lang,org/apache/commons/lang3/time/DateUtils,21,1001,                            if (val.get(Calendar.DATE) == 1) {,4,1,0,2,5,0,14,0,0,19,34,3,0.0,0,0
defect4j,lang,org/apache/commons/lang3/time/DateUtils,21,1002,"                                val.add(Calendar.DATE, 15);",12,1,0,1,2,0,4,0,0,18,27,4,0.0,0,0
defect4j,lang,org/apache/commons/lang3/time/DateUtils,21,1004,"                                val.add(Calendar.DATE, -15);",4,0,0,1,2,0,4,0,0,9,28,17,0.0,0,0
defect4j,lang,org/apache/commons/lang3/time/DateUtils,21,1008,                        } else if (field == Calendar.AM_PM) {,2,0,0,1,4,3,2,2,0,11,37,1,0.0,0,0
defect4j,lang,org/apache/commons/lang3/time/DateUtils,21,1016,"                                val.add(Calendar.DATE, 1);",2,0,0,1,2,0,6,4,0,12,26,4,0.0,0,0
defect4j,lang,org/apache/commons/lang3/time/DateUtils,21,1029,            int offset = 0;,2,0,0,0,0,0,0,0,0,2,15,7,0.0,0,0
defect4j,lang,org/apache/commons/lang3/time/DateUtils,21,1030,            boolean offsetSet = false;,2,0,0,0,0,0,0,0,0,3,26,7,0.0,0,0
defect4j,lang,org/apache/commons/lang3/time/DateUtils,21,1038,                        offset = val.get(Calendar.DATE) - 1;,6,1,0,1,2,0,4,0,0,12,36,9,0.0,0,0
defect4j,lang,org/apache/commons/lang3/time/DateUtils,21,1041,                        if (offset >= 15) {,14,6,0,1,3,0,4,0,0,24,19,3,0.0,0,0
defect4j,lang,org/apache/commons/lang3/time/DateUtils,21,1042,                            offset -= 15;,8,3,0,0,0,0,0,0,0,12,13,3,0.0,0,0
defect4j,lang,org/apache/commons/lang3/time/DateUtils,21,1046,                        offsetSet = true;,6,3,0,0,0,0,0,0,0,11,17,3,0.0,0,0
defect4j,lang,org/apache/commons/lang3/time/DateUtils,21,1050,                    if (fields[i][0] == Calendar.HOUR_OF_DAY) {,4,1,1,3,7,0,0,0,0,9,43,7,0.0,0,0
defect4j,lang,org/apache/commons/lang3/time/DateUtils,21,1053,                        offset = val.get(Calendar.HOUR_OF_DAY);,6,0,0,1,2,0,4,0,0,11,39,9,0.0,0,0
defect4j,lang,org/apache/commons/lang3/time/DateUtils,21,1054,                        if (offset >= 12) {,2,1,0,1,3,0,0,0,0,3,19,9,0.0,0,0
defect4j,lang,org/apache/commons/lang3/time/DateUtils,21,1057,                        roundUp = offset >= 6;,2,1,0,0,0,0,0,0,0,3,22,6,0.0,0,0
defect4j,lang,org/apache/commons/lang3/time/DateUtils,21,1062,            if (!offsetSet) {,2,0,0,1,3,0,0,0,0,3,17,6,0.0,0,0
defect4j,lang,org/apache/commons/lang3/time/DateUtils,21,1063,                int min = val.getActualMinimum(fields[i][0]);,6,1,1,3,6,0,8,0,0,19,45,3,0.0,0,0
defect4j,lang,org/apache/commons/lang3/time/DateUtils,21,1066,                offset = val.get(fields[i][0]) - min;,2,1,0,3,6,0,0,0,0,3,37,4,0.0,0,0
defect4j,lang,org/apache/commons/lang3/time/DateUtils,21,1068,                roundUp = offset > ((max - min) / 2);,2,0,0,2,4,0,0,0,0,2,37,4,0.0,0,0
defect4j,lang,org/apache/commons/lang3/time/DateUtils,21,1072,"                val.set(fields[i][0], val.get(fields[i][0]) - offset);",2,0,0,6,12,0,0,0,0,2,54,7,0.0,0,0
defect4j,lang,org/apache/commons/lang3/time/DateUtils,21,1075,"        throw new IllegalArgumentException(""The field "" + field + "" is not supported"");",2,1,0,1,2,0,0,2,0,7,79,5,0.0,0,0
defect4j,lang,org/apache/commons/lang3/time/DateUtils,21,1105,        if (focus == null) {,2,1,0,1,3,0,0,0,0,3,20,4,0.0,0,0
defect4j,lang,org/apache/commons/lang3/time/DateUtils,21,1138,        if (focus == null) {,2,1,0,1,3,0,0,0,0,3,20,4,0.0,0,0
defect4j,lang,org/apache/commons/lang3/time/DateUtils,21,1143,        int startCutoff = Calendar.SUNDAY;,10,1,0,0,0,0,0,0,0,13,34,1,0.0,0,0
defect4j,lang,org/apache/commons/lang3/time/DateUtils,21,1145,        switch (rangeStyle) {,2,1,0,1,3,0,4,0,0,7,21,3,0.0,0,0
defect4j,lang,org/apache/commons/lang3/time/DateUtils,21,1149,"                start = truncate(focus, Calendar.MONTH);",6,0,0,1,2,0,4,0,0,11,40,5,0.0,0,0
defect4j,lang,org/apache/commons/lang3/time/DateUtils,21,1152,"                end.add(Calendar.MONTH, 1);",10,1,0,1,2,1,8,0,0,20,27,3,0.0,0,0
defect4j,lang,org/apache/commons/lang3/time/DateUtils,21,1153,"                end.add(Calendar.DATE, -1);",4,0,0,1,2,0,4,0,0,9,27,6,0.0,0,0
defect4j,lang,org/apache/commons/lang3/time/DateUtils,21,1155,                if (rangeStyle == RANGE_MONTH_MONDAY) {,4,1,0,1,3,0,0,0,0,5,39,5,0.0,0,0
defect4j,lang,org/apache/commons/lang3/time/DateUtils,21,1157,                    endCutoff = Calendar.SUNDAY;,6,0,0,0,0,0,0,0,0,7,28,7,0.0,0,0
defect4j,lang,org/apache/commons/lang3/time/DateUtils,21,1172,                        startCutoff = Calendar.MONDAY;,6,0,0,0,0,0,0,0,0,7,30,6,0.0,0,0
defect4j,lang,org/apache/commons/lang3/time/DateUtils,21,1173,                        endCutoff = Calendar.SUNDAY;,6,0,0,0,0,0,0,0,0,7,28,6,0.0,0,0
defect4j,lang,org/apache/commons/lang3/time/DateUtils,21,1176,                        startCutoff = focus.get(Calendar.DAY_OF_WEEK);,6,0,0,1,2,0,4,0,0,11,46,6,0.0,0,0
defect4j,lang,org/apache/commons/lang3/time/DateUtils,21,1177,                        endCutoff = startCutoff - 1;,4,1,0,0,0,0,0,0,0,6,28,6,0.0,0,0
defect4j,lang,org/apache/commons/lang3/time/DateUtils,21,1178,                        break;,2,0,0,0,0,0,0,0,0,2,6,5,0.0,0,0
defect4j,lang,org/apache/commons/lang3/time/DateUtils,21,1180,                        startCutoff = focus.get(Calendar.DAY_OF_WEEK) - 3;,2,0,1,1,2,0,0,0,0,7,50,8,0.0,0,0
defect4j,lang,org/apache/commons/lang3/time/DateUtils,21,1181,                        endCutoff = focus.get(Calendar.DAY_OF_WEEK) + 3;,2,0,0,1,2,2,0,4,0,8,48,3,0.0,0,0
defect4j,lang,org/apache/commons/lang3/time/DateUtils,21,1184,                break;,4,3,0,0,0,0,0,0,0,7,6,4,0.0,0,0
defect4j,lang,org/apache/commons/lang3/time/DateUtils,21,1186,"                throw new IllegalArgumentException(""The range style "" + rangeStyle + "" is not valid."");",2,1,0,1,2,0,6,2,0,13,87,3,0.0,0,0
defect4j,lang,org/apache/commons/lang3/time/DateUtils,21,1188,        if (startCutoff < Calendar.SUNDAY) {,6,1,0,1,3,0,0,0,0,7,36,4,0.0,0,0
defect4j,lang,org/apache/commons/lang3/time/DateUtils,21,1194,        if (endCutoff < Calendar.SUNDAY) {,6,1,0,1,3,0,0,0,0,7,34,4,0.0,0,0
defect4j,lang,org/apache/commons/lang3/time/DateUtils,21,1195,            endCutoff += 7;,2,0,0,0,0,0,0,0,0,3,15,6,0.0,0,0
defect4j,lang,org/apache/commons/lang3/time/DateUtils,21,1198,            endCutoff -= 7;,2,0,0,0,0,0,0,0,0,4,15,5,0.0,0,0
defect4j,lang,org/apache/commons/lang3/time/DateUtils,21,1200,        while (start.get(Calendar.DAY_OF_WEEK) != startCutoff) {,6,1,0,2,5,0,4,0,0,11,56,4,0.0,0,0
defect4j,lang,org/apache/commons/lang3/time/DateUtils,21,1201,"            start.add(Calendar.DATE, -1);",4,0,0,1,2,0,4,0,0,9,29,7,0.0,0,0
defect4j,lang,org/apache/commons/lang3/time/DateUtils,21,1203,        while (end.get(Calendar.DAY_OF_WEEK) != endCutoff) {,6,1,0,2,5,0,10,0,0,17,52,3,0.0,0,0
defect4j,lang,org/apache/commons/lang3/time/DateUtils,21,1204,"            end.add(Calendar.DATE, 1);",6,0,0,1,2,0,4,0,0,10,26,3,0.0,0,0
defect4j,lang,org/apache/commons/lang3/time/DateUtils,21,1206,"        return new DateIterator(start, end);",2,1,0,1,2,1,0,0,0,3,36,5,0.0,0,0
defect4j,lang,org/apache/commons/lang3/time/DateUtils,21,1229,        if (focus == null) {,2,1,0,1,3,0,0,0,0,3,20,4,0.0,0,0
defect4j,lang,org/apache/commons/lang3/time/DateUtils,21,1230,"            throw new IllegalArgumentException(""The date must not be null"");",0,0,0,1,2,0,0,2,0,5,64,5,0.0,0,0
defect4j,lang,org/apache/commons/lang3/time/DateUtils,21,1232,        if (focus instanceof Date) {,2,0,0,1,3,0,0,2,0,4,28,5,0.0,0,0
defect4j,lang,org/apache/commons/lang3/time/DateUtils,21,1233,"            return iterator((Date) focus, rangeStyle);",8,0,0,2,4,1,4,2,0,14,42,3,0.0,0,0
defect4j,lang,org/apache/commons/lang3/time/DateUtils,21,1234,        } else if (focus instanceof Calendar) {,2,0,0,1,4,0,6,2,0,10,39,3,0.0,0,0
defect4j,lang,org/apache/commons/lang3/time/DateUtils,21,1235,"            return iterator((Calendar) focus, rangeStyle);",4,0,0,2,4,1,12,2,0,19,46,4,0.0,0,0
defect4j,lang,org/apache/commons/lang3/time/DateUtils,21,1237,"            throw new ClassCastException(""Could not iterate based on "" + focus);",2,1,0,1,2,0,0,2,0,6,68,8,0.0,0,0
defect4j,lang,org/apache/commons/lang3/time/DateUtils,21,1275,"        return getFragment(date, fragment, Calendar.MILLISECOND);    ",4,0,0,1,2,1,6,0,0,10,57,5,0.0,0,0
defect4j,lang,org/apache/commons/lang3/time/DateUtils,21,1315,"        return getFragment(date, fragment, Calendar.SECOND);",4,0,0,1,2,1,6,0,0,10,52,5,0.0,0,0
defect4j,lang,org/apache/commons/lang3/time/DateUtils,21,1435,"        return getFragment(date, fragment, Calendar.DAY_OF_YEAR);",4,0,0,1,2,1,6,0,0,10,57,5,0.0,0,0
defect4j,lang,org/apache/commons/lang3/time/DateUtils,21,1475,"    return getFragment(calendar, fragment, Calendar.MILLISECOND);",6,0,0,1,2,1,6,0,0,12,61,3,0.0,0,0
defect4j,lang,org/apache/commons/lang3/time/DateUtils,21,1514,"        return getFragment(calendar, fragment, Calendar.SECOND);",10,0,0,1,2,1,6,0,0,17,56,3,0.0,0,0
defect4j,lang,org/apache/commons/lang3/time/DateUtils,21,1554,"        return getFragment(calendar, fragment, Calendar.MINUTE);",4,0,0,1,2,1,6,0,0,10,56,5,0.0,0,0
defect4j,lang,org/apache/commons/lang3/time/DateUtils,21,1594,"        return getFragment(calendar, fragment, Calendar.HOUR_OF_DAY);",4,0,0,1,2,1,6,0,0,10,61,5,0.0,0,0
defect4j,lang,org/apache/commons/lang3/time/DateUtils,21,1636,"        return getFragment(calendar, fragment, Calendar.DAY_OF_YEAR);",6,0,0,1,2,1,6,2,0,14,61,3,0.0,0,0
defect4j,lang,org/apache/commons/lang3/time/DateUtils,21,1651,        if(date == null) {,2,1,0,1,3,0,0,2,0,6,18,4,0.0,0,0
defect4j,lang,org/apache/commons/lang3/time/DateUtils,21,1654,        Calendar calendar = Calendar.getInstance();,2,0,0,1,2,0,4,2,0,8,43,4,0.0,0,0
defect4j,lang,org/apache/commons/lang3/time/DateUtils,21,1671,        if(calendar == null) {,2,1,0,1,3,0,0,0,0,3,22,4,0.0,0,0
defect4j,lang,org/apache/commons/lang3/time/DateUtils,21,1674,        long millisPerUnit = getMillisPerUnit(unit);,4,1,0,1,2,0,4,0,0,9,44,3,0.0,0,0
defect4j,lang,org/apache/commons/lang3/time/DateUtils,21,1675,        long result = 0;,2,0,0,0,0,0,0,0,0,2,16,5,0.0,0,0
defect4j,lang,org/apache/commons/lang3/time/DateUtils,21,1678,        switch (fragment) {,8,1,0,1,3,0,0,0,0,9,19,3,0.0,0,0
defect4j,lang,org/apache/commons/lang3/time/DateUtils,21,1680,                result += (calendar.get(Calendar.DAY_OF_YEAR) * MILLIS_PER_DAY) / millisPerUnit;,10,2,0,2,4,0,4,0,0,17,80,5,0.0,0,0
defect4j,lang,org/apache/commons/lang3/time/DateUtils,21,1683,                result += (calendar.get(Calendar.DAY_OF_MONTH) * MILLIS_PER_DAY) / millisPerUnit;,10,2,0,2,4,0,4,0,0,17,81,5,0.0,0,0
defect4j,lang,org/apache/commons/lang3/time/DateUtils,21,1687,        switch (fragment) {,2,0,0,1,3,0,0,0,0,2,19,4,0.0,0,0
defect4j,lang,org/apache/commons/lang3/time/DateUtils,21,1695,                result += (calendar.get(Calendar.HOUR_OF_DAY) * MILLIS_PER_HOUR) / millisPerUnit;,10,2,0,2,4,0,4,0,0,17,81,5,0.0,0,0
defect4j,lang,org/apache/commons/lang3/time/DateUtils,21,1698,                result += (calendar.get(Calendar.MINUTE) * MILLIS_PER_MINUTE) / millisPerUnit;,18,3,0,2,4,0,8,2,0,32,78,3,0.0,0,0
defect4j,lang,org/apache/commons/lang3/time/DateUtils,21,1707,"                default: throw new IllegalArgumentException(""The fragment "" + fragment + "" is not supported"");",2,1,0,1,2,0,4,0,0,7,94,4,0.0,0,0
defect4j,lang,org/apache/commons/lang3/time/DateUtils,21,1709,        return result;,2,0,0,0,0,1,0,0,0,2,14,4,0.0,0,0
defect4j,lang,org/apache/commons/lang3/time/DateUtils,21,1726,"        return truncatedCompareTo(cal1, cal2, field) == 0;",0,1,0,1,2,1,8,0,0,9,50,4,0.0,0,0
defect4j,lang,org/apache/commons/lang3/time/DateUtils,21,1743,"        return truncatedCompareTo(date1, date2, field) == 0;",4,2,0,1,2,1,10,0,0,17,52,1,0.0,0,0
defect4j,lang,org/apache/commons/lang3/time/DateUtils,21,1761,"        Calendar truncatedCal1 = truncate(cal1, field);",2,0,0,1,2,0,6,2,0,10,47,4,0.0,0,0
defect4j,lang,org/apache/commons/lang3/time/DateUtils,21,1762,"        Calendar truncatedCal2 = truncate(cal2, field);",10,0,0,1,2,0,12,4,0,28,47,3,0.0,0,0
defect4j,lang,org/apache/commons/lang3/time/DateUtils,21,1782,"        Date truncatedDate2 = truncate(date2, field);",2,0,0,1,2,0,6,2,0,10,45,4,0.0,0,0
defect4j,lang,org/apache/commons/lang3/time/DateUtils,21,1795,        long result = Long.MAX_VALUE;,6,0,0,0,0,0,0,0,0,6,29,5,0.0,0,0
defect4j,lang,org/apache/commons/lang3/time/DateUtils,21,1796,        switch (unit) {,8,1,0,1,3,0,0,0,0,9,15,3,0.0,0,0
defect4j,lang,org/apache/commons/lang3/time/DateUtils,21,1799,                result = MILLIS_PER_DAY;,4,0,0,0,0,0,2,0,0,8,24,1,0.0,0,0
defect4j,lang,org/apache/commons/lang3/time/DateUtils,21,1802,                result = MILLIS_PER_HOUR;,4,0,0,0,0,0,0,0,0,5,25,5,0.0,0,0
defect4j,lang,org/apache/commons/lang3/time/DateUtils,21,1808,                result = MILLIS_PER_SECOND;,10,0,0,0,0,2,0,0,0,13,27,1,0.0,0,0
defect4j,lang,org/apache/commons/lang3/time/DateUtils,21,1811,                result = 1;,2,0,0,0,0,0,0,0,0,3,11,5,0.0,0,0
defect4j,lang,org/apache/commons/lang3/time/DateUtils,21,1813,"            default: throw new IllegalArgumentException(""The unit "" + unit + "" cannot be represented is milleseconds"");",2,1,0,1,2,0,0,2,0,7,107,6,0.0,0,0
defect4j,lang,org/apache/commons/lang3/time/DateUtils,21,1815,        return result;,4,0,0,0,0,1,6,2,0,12,14,1,0.0,0,0
defect4j,lang,org/apache/commons/lang3/math/Fraction,22,223,            numerator/=2; denominator/=2;,6,0,0,0,0,3,4,0,0,18,29,1,1.0,0,0
defect4j,lang,org/apache/commons/lang3/math/Fraction,22,226,            if (numerator==Integer.MIN_VALUE ||,6,2,0,0,1,0,6,0,0,14,35,3,1.0,0,0
defect4j,lang,org/apache/commons/lang3/math/Fraction,22,228,"                throw new ArithmeticException(""overflow: can't negate"");",0,0,0,1,2,0,0,2,0,3,56,9,1.0,0,0
defect4j,lang,org/apache/commons/lang3/math/Fraction,22,230,            numerator = -numerator;,6,1,0,0,0,0,8,0,0,17,23,3,1.0,0,0
defect4j,lang,org/apache/commons/lang3/math/Fraction,22,231,            denominator = -denominator;,4,0,0,0,0,0,0,0,0,6,27,6,1.0,0,0
defect4j,lang,org/apache/commons/lang3/math/Fraction,22,475,        if (numerator == 0) {,2,1,0,1,3,0,0,0,0,3,21,4,1.0,0,0
defect4j,lang,org/apache/commons/lang3/math/Fraction,22,476,            return equals(ZERO) ? this : ZERO;,2,0,0,1,2,1,4,0,0,6,34,7,1.0,0,0
defect4j,lang,org/apache/commons/lang3/math/Fraction,22,478,"        int gcd = greatestCommonDivisor(Math.abs(numerator), denominator);",2,0,0,2,4,0,10,0,0,12,66,5,1.0,0,0
defect4j,lang,org/apache/commons/lang3/math/Fraction,22,591,        if (u>0) { u=-u; } // make u negative,8,2,0,2,4,0,0,0,0,12,37,4,0.57143,1,1
defect4j,lang,org/apache/commons/lang3/math/Fraction,22,592,        if (v>0) { v=-v; } // make v negative,6,1,0,2,4,0,0,0,0,9,37,4,0.57143,0,0
defect4j,lang,org/apache/commons/lang3/math/Fraction,22,594,        int k=0;,2,0,0,0,0,0,0,0,0,2,8,5,0.57143,0,0
defect4j,lang,org/apache/commons/lang3/math/Fraction,22,595,        while ((u&1)==0 && (v&1)==0 && k<31) { // while u and v are both even...,6,7,0,3,7,0,0,0,0,13,72,4,0.57143,0,0
defect4j,lang,org/apache/commons/lang3/math/Fraction,22,603,        int t = ((u&1)==1) ? v : -(u/2)/*B3*/;,8,3,0,3,6,0,0,0,0,12,38,5,0.57143,0,0
defect4j,lang,org/apache/commons/lang3/math/Fraction,22,609,            while ((t&1)==0) { // while t is even..,2,2,0,2,5,0,0,0,0,4,39,6,0.57143,0,0
defect4j,lang,org/apache/commons/lang3/math/Fraction,22,613,            if (t>0) {,6,1,0,1,3,0,0,0,0,8,10,3,0.57143,0,0
defect4j,lang,org/apache/commons/lang3/math/Fraction,22,616,                v = t;,4,0,0,0,0,0,0,0,0,5,6,8,0.57143,0,0
defect4j,lang,org/apache/commons/lang3/math/Fraction,22,619,            t = (v - u)/2;,2,1,0,1,2,0,0,0,0,3,14,6,0.57143,0,0
defect4j,lang,org/apache/commons/lang3/math/Fraction,22,622,        } while (t!=0);,2,1,0,1,3,0,0,0,0,3,15,4,0.57143,0,0
defect4j,lang,org/apache/commons/lang3/math/Fraction,22,623,        return -u*(1<<k); // gcd is u*2^k,6,2,0,1,2,4,0,2,0,14,33,1,0.57143,0,0
defect4j,lang,org/apache/commons/lang3/math/Fraction,22,584,        if (Math.abs(u) <= 1 || Math.abs(v) <= 1) {,0,3,0,3,7,0,12,0,0,15,43,4,0.5,1,0
defect4j,lang,org/apache/commons/lang3/text/StrMatcher,23,37,"    private static final StrMatcher COMMA_MATCHER = new CharMatcher(',');",2,0,0,1,2,3,0,4,0,10,69,2,0.25,0,0
defect4j,lang,org/apache/commons/lang3/text/StrMatcher,23,41,    private static final StrMatcher TAB_MATCHER = new CharMatcher('\t');,2,0,0,1,2,3,0,4,0,10,68,2,0.25,0,0
defect4j,lang,org/apache/commons/lang3/text/StrMatcher,23,45,    private static final StrMatcher SPACE_MATCHER = new CharMatcher(' ');,4,0,0,1,2,3,0,4,0,14,69,1,0.25,0,0
defect4j,lang,org/apache/commons/lang3/text/StrMatcher,23,50,"    private static final StrMatcher SPLIT_MATCHER = new CharSetMatcher("" \t\n\r\f"".toCharArray());",2,0,0,2,4,3,2,4,0,12,94,2,0.25,0,0
defect4j,lang,org/apache/commons/lang3/text/StrMatcher,23,54,    private static final StrMatcher TRIM_MATCHER = new TrimMatcher();,2,0,0,1,2,3,0,4,0,9,65,2,0.25,0,0
defect4j,lang,org/apache/commons/lang3/text/StrMatcher,23,58,    private static final StrMatcher SINGLE_QUOTE_MATCHER = new CharMatcher('\'');,2,0,0,1,2,3,0,4,0,10,77,2,0.25,0,0
defect4j,lang,org/apache/commons/lang3/text/StrMatcher,23,62,"    private static final StrMatcher DOUBLE_QUOTE_MATCHER = new CharMatcher('""');",2,0,0,1,2,3,0,4,0,10,76,2,0.25,0,0
defect4j,lang,org/apache/commons/lang3/text/StrMatcher,23,66,"    private static final StrMatcher QUOTE_MATCHER = new CharSetMatcher(""'\"""".toCharArray());",2,0,0,2,4,3,2,4,0,12,88,2,0.25,0,0
defect4j,lang,org/apache/commons/lang3/text/StrMatcher,23,285,            this.chars = chars.clone();,4,1,0,1,2,0,4,2,0,13,27,1,0.25,0,0
defect4j,lang,org/apache/commons/lang3/text/StrMatcher,23,300,"            return Arrays.binarySearch(chars, buffer[pos]) >= 0 ? 1 : 0;",0,1,1,2,4,1,6,0,0,11,60,6,0.25,0,0
defect4j,lang,org/apache/commons/lang3/text/ExtendedMessageFormat,23,151,        ArrayList<Format> foundFormats = new ArrayList<Format>();,2,0,0,1,2,0,0,8,0,10,57,4,0.25,0,0
defect4j,lang,org/apache/commons/lang3/text/ExtendedMessageFormat,23,152,        ArrayList<String> foundDescriptions = new ArrayList<String>();,2,0,0,1,2,0,0,8,0,10,62,4,0.25,0,0
defect4j,lang,org/apache/commons/lang3/text/ExtendedMessageFormat,23,153,        StringBuilder stripCustom = new StringBuilder(pattern.length());,4,0,0,2,4,3,6,6,0,20,64,1,0.25,0,0
defect4j,lang,org/apache/commons/lang3/text/ExtendedMessageFormat,23,156,        char[] c = pattern.toCharArray();,2,0,0,2,4,0,4,0,0,6,33,5,0.25,0,0
defect4j,lang,org/apache/commons/lang3/text/ExtendedMessageFormat,23,157,        int fmtCount = 0;,2,0,0,0,0,0,0,0,0,2,17,5,0.25,0,0
defect4j,lang,org/apache/commons/lang3/text/ExtendedMessageFormat,23,164,                fmtCount++;,2,0,0,0,0,0,0,0,0,3,11,7,0.25,0,0
defect4j,lang,org/apache/commons/lang3/text/ExtendedMessageFormat,23,165,"                seekNonWs(pattern, pos);",6,0,0,1,2,0,6,0,0,15,24,5,0.25,0,0
defect4j,lang,org/apache/commons/lang3/text/ExtendedMessageFormat,23,166,                int start = pos.getIndex();,2,0,0,1,2,0,4,0,0,6,27,8,0.25,0,0
defect4j,lang,org/apache/commons/lang3/text/ExtendedMessageFormat,23,168,                stripCustom.append(START_FE).append(index);,0,0,0,2,4,0,10,0,0,10,43,8,0.25,0,0
defect4j,lang,org/apache/commons/lang3/text/ExtendedMessageFormat,23,169,"                seekNonWs(pattern, pos);",0,0,0,1,2,0,6,0,0,6,24,8,0.25,0,0
defect4j,lang,org/apache/commons/lang3/text/ExtendedMessageFormat,23,170,                Format format = null;,2,0,0,0,0,0,2,2,0,8,21,1,0.25,0,0
defect4j,lang,org/apache/commons/lang3/text/ExtendedMessageFormat,23,171,                String formatDescription = null;,2,0,0,0,0,0,0,2,0,4,32,7,0.25,0,0
defect4j,lang,org/apache/commons/lang3/text/ExtendedMessageFormat,23,172,                if (c[pos.getIndex()] == START_FMT) {,2,1,1,3,7,0,4,0,0,9,37,7,0.25,0,0
defect4j,lang,org/apache/commons/lang3/text/ExtendedMessageFormat,23,176,                    if (format == null) {,2,1,0,1,3,0,0,0,0,3,21,9,0.25,0,0
defect4j,lang,org/apache/commons/lang3/text/ExtendedMessageFormat,23,180,                foundFormats.add(format);,2,0,0,1,2,0,6,2,0,10,25,3,0.25,0,0
defect4j,lang,org/apache/commons/lang3/text/ExtendedMessageFormat,23,181,                foundDescriptions.add(format == null ? null : formatDescription);,4,1,0,1,2,0,4,0,0,9,65,8,0.25,0,0
defect4j,lang,org/apache/commons/lang3/text/ExtendedMessageFormat,23,182,                Validate.isTrue(foundFormats.size() == fmtCount);,2,1,0,2,4,0,8,0,0,11,49,8,0.25,0,0
defect4j,lang,org/apache/commons/lang3/text/ExtendedMessageFormat,23,183,                Validate.isTrue(foundDescriptions.size() == fmtCount);,2,1,0,2,4,0,8,0,0,11,54,8,0.25,0,0
defect4j,lang,org/apache/commons/lang3/text/ExtendedMessageFormat,23,184,                if (c[pos.getIndex()] != END_FE) {,6,1,1,3,7,6,12,4,0,32,34,1,0.25,0,0
defect4j,lang,org/apache/commons/lang3/text/ExtendedMessageFormat,23,191,                next(pos);,2,0,1,1,2,3,12,0,0,26,10,1,0.25,0,0
defect4j,lang,org/apache/commons/lang3/text/ExtendedMessageFormat,23,195,"        toPattern = insertFormats(super.toPattern(), foundDescriptions);",8,0,0,2,4,0,4,0,0,14,64,4,0.25,0,0
defect4j,lang,org/apache/commons/lang3/text/ExtendedMessageFormat,23,196,        if (containsElements(foundFormats)) {,2,0,0,2,5,3,0,12,0,17,37,2,0.25,0,0
defect4j,lang,org/apache/commons/lang3/text/ExtendedMessageFormat,23,197,            Format[] origFormats = getFormats();,2,0,0,2,4,0,2,2,0,6,36,6,0.25,0,0
defect4j,lang,org/apache/commons/lang3/text/ExtendedMessageFormat,23,200,            int i = 0;,2,0,0,0,0,0,0,0,0,2,10,7,0.25,0,0
defect4j,lang,org/apache/commons/lang3/text/ExtendedMessageFormat,23,201,            for (Iterator<Format> it = foundFormats.iterator(); it.hasNext(); i++) {,4,0,0,3,7,3,16,2,0,25,72,1,0.25,0,0
defect4j,lang,org/apache/commons/lang3/text/ExtendedMessageFormat,23,202,                Format f = it.next();,2,1,0,1,2,0,0,0,0,3,21,4,0.25,0,0
defect4j,lang,org/apache/commons/lang3/text/ExtendedMessageFormat,23,203,                if (f != null) {,2,1,0,1,3,0,0,0,0,3,16,8,0.25,0,0
defect4j,lang,org/apache/commons/lang3/text/ExtendedMessageFormat,23,207,            super.setFormats(origFormats);,4,0,0,1,2,0,0,0,0,4,30,7,0.25,0,0
defect4j,lang,org/apache/commons/lang3/text/ExtendedMessageFormat,23,277,        if (registry != null) {,2,0,0,1,3,0,0,0,0,3,23,8,0.25,1,1
defect4j,lang,org/apache/commons/lang3/text/ExtendedMessageFormat,23,278,            String name = desc;,4,0,0,0,0,0,0,2,0,6,19,6,0.25,1,1
defect4j,lang,org/apache/commons/lang3/text/ExtendedMessageFormat,23,280,            int i = desc.indexOf(START_FMT);,6,0,0,1,2,0,6,2,0,14,32,3,0.25,0,0
defect4j,lang,org/apache/commons/lang3/text/ExtendedMessageFormat,23,285,            FormatFactory factory = registry.get(name);,6,1,0,1,2,0,12,4,0,24,43,4,0.25,0,0
defect4j,lang,org/apache/commons/lang3/text/ExtendedMessageFormat,23,287,"                return factory.getFormat(name, args, getLocale());",0,0,0,2,4,1,10,0,0,10,50,9,0.25,0,0
defect4j,lang,org/apache/commons/lang3/text/ExtendedMessageFormat,23,302,"        seekNonWs(pattern, pos);",6,1,0,1,2,3,10,0,0,22,24,1,0.25,0,0
defect4j,lang,org/apache/commons/lang3/text/ExtendedMessageFormat,23,304,        boolean error = false;,12,1,0,0,0,0,0,0,0,15,22,3,0.25,0,0
defect4j,lang,org/apache/commons/lang3/text/ExtendedMessageFormat,23,306,            char c = pattern.charAt(pos.getIndex());,2,0,0,2,4,0,8,0,0,10,40,7,0.25,0,0
defect4j,lang,org/apache/commons/lang3/text/ExtendedMessageFormat,23,315,            if ((c == START_FMT || c == END_FE) && result.length() > 0) {,8,5,0,3,7,0,4,0,0,17,61,6,0.25,0,0
defect4j,lang,org/apache/commons/lang3/text/ExtendedMessageFormat,23,323,            error = !Character.isDigit(c);,6,2,0,1,2,0,20,0,0,31,30,1,0.25,0,0
defect4j,lang,org/apache/commons/lang3/text/ExtendedMessageFormat,23,324,            result.append(c);,4,2,0,1,2,0,10,0,0,16,17,6,0.25,0,0
defect4j,lang,org/apache/commons/lang3/text/ExtendedMessageFormat,23,344,"        seekNonWs(pattern, pos);",4,1,0,1,2,3,2,0,0,12,24,2,0.25,0,0
defect4j,lang,org/apache/commons/lang3/text/ExtendedMessageFormat,23,345,        int text = pos.getIndex();,2,0,0,1,2,0,4,0,0,6,26,5,0.25,0,0
defect4j,lang,org/apache/commons/lang3/text/ExtendedMessageFormat,23,348,            switch (pattern.charAt(pos.getIndex())) {,0,0,0,3,7,0,8,0,0,8,41,7,0.25,0,0
defect4j,lang,org/apache/commons/lang3/text/ExtendedMessageFormat,23,378,        StringBuilder sb = new StringBuilder(pattern.length() * 2);,4,2,0,2,4,0,12,4,0,23,59,3,0.25,0,0
defect4j,lang,org/apache/commons/lang3/text/ExtendedMessageFormat,23,379,        ParsePosition pos = new ParsePosition(0);,2,0,0,1,2,0,0,4,0,6,41,4,0.25,0,0
defect4j,lang,org/apache/commons/lang3/text/ExtendedMessageFormat,23,380,        int fe = -1;,2,0,0,0,0,0,0,0,0,3,12,5,0.25,0,0
defect4j,lang,org/apache/commons/lang3/text/ExtendedMessageFormat,23,381,        int depth = 0;,2,0,0,0,0,0,0,2,0,4,14,5,0.25,0,0
defect4j,lang,org/apache/commons/lang3/text/ExtendedMessageFormat,23,382,        while (pos.getIndex() < pattern.length()) {,0,1,0,3,7,0,16,0,0,17,43,3,0.25,0,0
defect4j,lang,org/apache/commons/lang3/text/ExtendedMessageFormat,23,383,            char c = pattern.charAt(pos.getIndex());,8,1,0,2,4,0,16,2,0,29,40,3,0.25,0,0
defect4j,lang,org/apache/commons/lang3/text/ExtendedMessageFormat,23,384,            switch (c) {,2,0,0,1,3,0,0,0,0,2,12,6,0.25,0,0
defect4j,lang,org/apache/commons/lang3/text/ExtendedMessageFormat,23,389,                depth++;,2,0,0,0,0,0,0,0,0,3,8,7,0.25,0,0
defect4j,lang,org/apache/commons/lang3/text/ExtendedMessageFormat,23,391,                    fe++;,2,0,0,0,0,0,0,0,0,3,5,9,0.25,0,0
defect4j,lang,org/apache/commons/lang3/text/ExtendedMessageFormat,23,392,                    sb.append(START_FE).append(,0,0,0,1,3,0,8,0,0,8,27,10,0.25,0,0
defect4j,lang,org/apache/commons/lang3/text/ExtendedMessageFormat,23,395,                    if (customPattern != null) {,4,1,0,1,3,0,0,0,0,6,28,0,0.25,0,0
defect4j,lang,org/apache/commons/lang3/text/ExtendedMessageFormat,23,396,                        sb.append(START_FMT).append(customPattern);,10,1,0,2,4,0,4,0,0,16,43,3,0.25,0,0
defect4j,lang,org/apache/commons/lang3/text/ExtendedMessageFormat,23,401,                depth--;,2,0,0,0,0,0,0,0,0,3,8,7,0.25,0,0
defect4j,lang,org/apache/commons/lang3/text/ExtendedMessageFormat,23,405,                next(pos);,2,0,0,1,2,0,0,0,0,2,10,6,0.25,0,0
defect4j,lang,org/apache/commons/lang3/text/ExtendedMessageFormat,23,418,        int len = 0;,4,0,0,0,0,3,6,4,0,17,12,1,0.25,0,0
defect4j,lang,org/apache/commons/lang3/text/ExtendedMessageFormat,23,421,"            len = StrMatcher.splitMatcher().isMatch(buffer, pos.getIndex());",6,0,0,3,6,0,4,0,0,11,64,7,0.25,0,0
defect4j,lang,org/apache/commons/lang3/text/ExtendedMessageFormat,23,422,            pos.setIndex(pos.getIndex() + len);,6,1,0,2,4,0,16,2,0,25,35,1,0.25,0,0
defect4j,lang,org/apache/commons/lang3/text/ExtendedMessageFormat,23,423,        } while (len > 0 && pos.getIndex() < pattern.length());,12,4,0,3,7,0,8,0,0,25,55,3,0.25,0,0
defect4j,lang,org/apache/commons/lang3/text/ExtendedMessageFormat,23,424,    },2,0,0,0,1,2,0,4,0,8,1,2,0.25,0,0
defect4j,lang,org/apache/commons/lang3/text/ExtendedMessageFormat,23,434,        return pos;,4,0,0,0,0,1,0,2,0,6,11,3,0.25,0,0
defect4j,lang,org/apache/commons/lang3/Validate,23,179,    },2,0,0,0,1,0,0,0,0,2,1,4,0.25,0,0
defect4j,lang,org/apache/commons/lang3/text/ExtendedMessageFormat,23,125,        super(DUMMY_PATTERN);,2,0,0,1,2,0,0,0,0,2,21,4,0.14286,0,0
defect4j,lang,org/apache/commons/lang3/text/ExtendedMessageFormat,23,127,        this.registry = registry;,10,1,0,0,0,1,0,4,0,17,25,1,0.14286,0,0
defect4j,lang,org/apache/commons/lang3/text/ExtendedMessageFormat,23,128,        applyPattern(pattern);,2,0,0,1,2,3,2,2,0,10,22,2,0.14286,0,0
defect4j,lang,org/apache/commons/lang3/text/ExtendedMessageFormat,23,147,            super.applyPattern(pattern);,6,1,0,1,2,0,0,0,0,8,28,5,0.14286,0,0
defect4j,lang,org/apache/commons/lang3/text/ExtendedMessageFormat,23,148,            toPattern = super.toPattern();,4,0,0,1,2,0,4,0,0,10,30,3,0.14286,0,0
defect4j,lang,org/apache/commons/lang3/text/StrMatcher,23,351,            super();,2,0,0,1,2,0,4,0,0,6,8,5,0.0,0,0
defect4j,lang,org/apache/commons/lang3/text/StrMatcher,23,353,        },4,0,0,0,1,0,10,0,0,16,1,3,0.0,0,0
defect4j,lang,org/apache/commons/lang3/text/StrMatcher,23,366,            int len = chars.length;,6,0,0,0,0,0,0,0,0,6,23,6,0.0,0,0
defect4j,lang,org/apache/commons/lang3/text/StrMatcher,23,370,"            for (int i = 0; i < chars.length; i++, pos++) {",12,1,0,1,3,0,0,0,0,15,47,5,0.0,0,0
defect4j,lang,org/apache/commons/lang3/text/StrMatcher,23,80,        return COMMA_MATCHER;,2,0,0,0,0,1,0,0,0,2,21,4,0.0,0,0
defect4j,lang,org/apache/commons/lang3/text/StrMatcher,23,117,        return TRIM_MATCHER;,6,0,0,0,0,4,2,2,0,14,20,1,0.0,0,0
defect4j,lang,org/apache/commons/lang3/text/StrMatcher,23,144,        return QUOTE_MATCHER;,8,0,0,0,0,1,8,0,0,16,21,3,0.0,0,0
defect4j,lang,org/apache/commons/lang3/text/StrMatcher,23,174,            return NONE_MATCHER;,2,0,0,0,0,1,0,0,0,2,20,6,0.0,0,0
defect4j,lang,org/apache/commons/lang3/text/StrMatcher,23,176,        if (chars.length == 1) {,4,1,0,1,3,0,0,0,0,5,24,4,0.0,0,0
defect4j,lang,org/apache/commons/lang3/text/StrMatcher,23,177,            return new CharMatcher(chars[0]);,0,0,1,2,4,1,0,2,0,4,33,7,0.0,0,0
defect4j,lang,org/apache/commons/lang3/text/StrMatcher,23,179,        return new CharSetMatcher(chars);,2,0,0,1,2,1,0,2,0,4,33,5,0.0,0,0
defect4j,lang,org/apache/commons/lang3/text/StrMatcher,23,192,        if (chars.length() == 1) {,2,1,0,2,5,0,10,0,0,13,26,3,0.0,0,0
defect4j,lang,org/apache/commons/lang3/text/StrMatcher,23,193,            return new CharMatcher(chars.charAt(0));,0,0,0,2,4,1,4,2,0,6,40,7,0.0,0,0
defect4j,lang,org/apache/commons/lang3/text/StrMatcher,23,205,        if (str == null || str.length() == 0) {,2,3,0,2,5,0,4,0,0,9,39,4,0.0,0,0
defect4j,lang,org/apache/commons/lang3/text/StrMatcher,23,206,            return NONE_MATCHER;,4,0,0,0,0,1,0,0,0,5,20,4,0.0,0,0
defect4j,lang,org/apache/commons/lang3/text/StrMatcher,23,208,        return new StringMatcher(str);,2,0,0,1,2,1,0,2,0,4,30,5,0.0,0,0
defect4j,lang,org/apache/commons/lang3/text/StrMatcher,23,431,            return buffer[pos] <= 32 ? 1 : 0;,0,0,0,1,2,1,0,0,0,1,33,12,0.0,0,0
defect4j,lang,org/apache/commons/lang3/text/StrMatcher,23,403,            return 0;,2,1,0,0,0,1,0,0,0,3,9,4,0.0,0,0
defect4j,lang,org/apache/commons/lang3/text/StrMatcher,23,333,            return ch == buffer[pos] ? 1 : 0;,2,0,0,1,2,1,0,0,0,2,33,5,0.0,0,0
defect4j,lang,org/apache/commons/lang3/text/ExtendedMessageFormat,23,91,"        this(pattern, Locale.getDefault());",2,0,0,2,4,0,4,0,0,6,35,4,0.0,1,1
defect4j,lang,org/apache/commons/lang3/text/ExtendedMessageFormat,23,92,    },0,0,0,0,1,0,4,0,0,4,1,5,0.0,0,0
defect4j,lang,org/apache/commons/lang3/text/ExtendedMessageFormat,23,102,"        this(pattern, locale, null);",0,0,0,1,2,0,0,0,0,1,28,8,0.0,0,0
defect4j,lang,org/apache/commons/lang3/text/ExtendedMessageFormat,23,136,        return toPattern;,2,0,0,0,0,1,0,0,0,2,17,6,0.0,0,0
defect4j,lang,org/apache/commons/lang3/text/ExtendedMessageFormat,23,161,"                appendQuotedString(pattern, pos, stripCustom, true);",0,0,0,1,2,0,8,0,0,9,52,8,0.0,0,0
defect4j,lang,org/apache/commons/lang3/text/ExtendedMessageFormat,23,185,                    throw new IllegalArgumentException(,0,0,0,0,1,0,0,2,0,2,35,11,0.0,0,0
defect4j,lang,org/apache/commons/lang3/text/ExtendedMessageFormat,23,220,        throw new UnsupportedOperationException();,0,0,0,1,2,0,0,2,0,2,42,6,0.0,0,0
defect4j,lang,org/apache/commons/lang3/text/ExtendedMessageFormat,23,282,"                name = desc.substring(0, i).trim();",6,0,0,2,4,3,16,2,0,29,35,1,0.0,0,0
defect4j,lang,org/apache/commons/lang3/text/ExtendedMessageFormat,23,283,                args = desc.substring(i + 1).trim();,4,1,0,2,4,0,6,0,0,12,36,8,0.0,0,0
defect4j,lang,org/apache/commons/lang3/text/ExtendedMessageFormat,23,318,                } catch (NumberFormatException e) {,2,0,0,1,4,0,0,2,0,5,35,3,0.0,0,0
defect4j,lang,org/apache/commons/lang3/text/ExtendedMessageFormat,23,327,            throw new IllegalArgumentException(,0,0,0,0,1,0,0,2,0,2,35,8,0.0,0,0
defect4j,lang,org/apache/commons/lang3/text/ExtendedMessageFormat,23,331,        throw new IllegalArgumentException(,14,1,0,0,1,0,8,0,0,24,35,1,0.0,0,0
defect4j,lang,org/apache/commons/lang3/text/ExtendedMessageFormat,23,350,                depth++;,4,0,0,0,0,3,4,2,0,15,8,1,0.0,0,0
defect4j,lang,org/apache/commons/lang3/text/ExtendedMessageFormat,23,363,        throw new IllegalArgumentException(,0,0,0,0,1,0,8,2,0,10,35,3,0.0,0,0
defect4j,lang,org/apache/commons/lang3/text/ExtendedMessageFormat,23,376,            return pattern;,2,0,0,0,0,1,0,0,0,2,15,6,0.0,0,0
defect4j,lang,org/apache/commons/lang3/text/ExtendedMessageFormat,23,387,                break;,2,0,0,0,0,0,0,2,0,4,6,4,0.0,0,0
defect4j,lang,org/apache/commons/lang3/text/ExtendedMessageFormat,23,450,        char[] c = pattern.toCharArray();,2,0,0,2,4,0,4,0,0,6,33,5,0.0,0,0
defect4j,lang,org/apache/commons/lang3/text/ExtendedMessageFormat,23,451,        if (escapingOn && c[start] == QUOTE) {,4,1,0,2,5,0,8,0,0,13,38,3,0.0,0,0
defect4j,lang,org/apache/commons/lang3/text/ExtendedMessageFormat,23,452,            next(pos);,4,1,0,1,2,0,8,0,0,14,10,6,0.0,0,0
defect4j,lang,org/apache/commons/lang3/text/ExtendedMessageFormat,23,453,            return appendTo == null ? null : appendTo.append(QUOTE);,4,1,0,1,2,1,6,4,0,15,56,4,0.0,0,0
defect4j,lang,org/apache/commons/lang3/text/ExtendedMessageFormat,23,456,        for (int i = pos.getIndex(); i < pattern.length(); i++) {,6,1,0,3,7,0,8,0,0,16,57,4,0.0,0,0
defect4j,lang,org/apache/commons/lang3/text/ExtendedMessageFormat,23,457,            if (escapingOn && pattern.substring(i).startsWith(ESCAPED_QUOTE)) {,2,1,0,3,7,0,10,0,0,13,67,6,0.0,0,0
defect4j,lang,org/apache/commons/lang3/text/ExtendedMessageFormat,23,460,                pos.setIndex(i + ESCAPED_QUOTE.length());,2,1,0,2,4,0,8,0,0,11,41,9,0.0,0,0
defect4j,lang,org/apache/commons/lang3/text/ExtendedMessageFormat,23,467,"                return appendTo == null ? null : appendTo.append(c, lastHold,",2,1,0,0,1,1,8,0,0,11,61,8,0.0,0,0
defect4j,lang,org/apache/commons/lang3/text/ExtendedMessageFormat,23,470,                next(pos);,2,0,1,1,2,0,4,0,0,11,10,3,0.0,0,0
defect4j,lang,org/apache/commons/lang3/text/ExtendedMessageFormat,23,473,        throw new IllegalArgumentException(,0,0,0,0,1,0,0,2,0,2,35,6,0.0,0,0
defect4j,lang,org/apache/commons/lang3/text/ExtendedMessageFormat,23,486,"        appendQuotedString(pattern, pos, null, escapingOn);",2,1,0,1,2,0,8,0,0,12,51,3,0.0,0,0
defect4j,lang,org/apache/commons/lang3/Validate,23,102,        if (expression == false) {,2,1,0,1,3,0,0,0,0,4,26,4,0.0,0,0
defect4j,lang,org/apache/commons/lang3/Validate,23,127,        if (expression == false) {,2,1,0,1,3,0,0,0,0,4,26,4,0.0,0,0
defect4j,lang,org/apache/commons/lang3/Validate,23,128,"            throw new IllegalArgumentException(String.format(message, new Double(value)));",2,0,0,3,6,0,6,4,0,12,78,7,0.0,0,0
defect4j,lang,org/apache/commons/lang3/Validate,23,152,"            throw new IllegalArgumentException(String.format(message, values));",0,0,0,2,4,0,0,0,0,1,67,6,0.0,0,0
defect4j,lang,org/apache/commons/lang3/Validate,23,154,    },2,0,0,0,1,0,0,0,0,2,1,7,0.0,0,0
defect4j,lang,org/apache/commons/lang3/Validate,23,219,"            throw new NullPointerException(String.format(message, values));",2,0,0,2,4,1,4,0,0,7,63,4,0.0,0,0
defect4j,lang,org/apache/commons/lang3/Validate,23,221,        return object;,2,0,1,0,0,1,4,0,0,10,14,1,0.0,0,0
defect4j,lang,org/apache/commons/lang3/Validate,23,243,        if (array == null) {,2,1,0,1,3,0,0,0,0,3,20,4,0.0,0,0
defect4j,lang,org/apache/commons/lang3/Validate,23,244,"            throw new NullPointerException(String.format(message, values));",0,0,0,2,4,0,8,2,0,10,63,7,0.0,0,0
defect4j,lang,org/apache/commons/lang3/Validate,23,246,        if (array.length == 0) {,4,1,0,1,3,0,0,0,0,5,24,4,0.0,0,0
defect4j,lang,org/apache/commons/lang3/Validate,23,247,"            throw new IllegalArgumentException(String.format(message, values));",4,1,0,2,4,0,8,4,0,18,67,1,0.0,0,0
defect4j,lang,org/apache/commons/lang3/Validate,23,249,        return array;,2,0,0,0,0,1,0,0,0,2,13,4,0.0,0,0
defect4j,lang,org/apache/commons/lang3/Validate,23,292,"            throw new NullPointerException(String.format(message, values));",2,0,0,2,4,0,0,0,0,2,63,7,0.0,0,0
defect4j,lang,org/apache/commons/lang3/Validate,23,294,        if (collection.size() == 0) {,2,1,0,2,5,0,0,0,0,3,29,4,0.0,0,0
defect4j,lang,org/apache/commons/lang3/Validate,23,297,        return collection;,8,5,0,0,0,1,0,0,0,13,18,3,0.0,0,0
defect4j,lang,org/apache/commons/lang3/Validate,23,339,        if (map == null) {,2,1,0,1,3,0,0,0,0,3,18,4,0.0,0,0
defect4j,lang,org/apache/commons/lang3/Validate,23,340,"            throw new NullPointerException(String.format(message, values));",4,3,1,2,4,0,12,2,0,23,63,3,0.0,0,0
defect4j,lang,org/apache/commons/lang3/Validate,23,387,        if (chars == null) {,2,1,0,1,3,0,0,0,0,3,20,4,0.0,0,0
defect4j,lang,org/apache/commons/lang3/Validate,23,393,        return chars;,2,0,0,0,0,1,0,0,0,2,13,4,0.0,0,0
defect4j,lang,org/apache/commons/lang3/Validate,23,414,"        return notEmpty(chars, DEFAULT_NOT_EMPTY_CHAR_SEQUENCE_EX_MESSAGE);",2,1,0,1,2,1,6,0,0,9,67,3,0.0,0,0
defect4j,lang,org/apache/commons/lang3/Validate,23,437,        if (chars == null) {,2,1,0,1,3,0,0,0,0,3,20,4,0.0,0,0
defect4j,lang,org/apache/commons/lang3/Validate,23,438,"            throw new NullPointerException(String.format(message, values));",2,0,0,2,4,0,12,2,0,17,63,5,0.0,0,0
defect4j,lang,org/apache/commons/lang3/Validate,23,440,        if (StringUtils.isBlank(chars)) {,0,1,0,2,5,0,4,0,0,5,33,5,0.0,0,0
defect4j,lang,org/apache/commons/lang3/Validate,23,443,        return chars;,4,0,0,0,0,1,0,0,0,4,13,3,0.0,0,0
defect4j,lang,org/apache/commons/lang3/Validate,23,493,        for (int i = 0; i < array.length; i++) {,14,2,0,1,3,0,6,0,0,23,40,3,0.0,0,0
defect4j,lang,org/apache/commons/lang3/Validate,23,494,            if (array[i] == null) {,0,1,1,2,5,0,0,0,0,5,23,6,0.0,0,0
defect4j,lang,org/apache/commons/lang3/Validate,23,495,"                Object[] values2 = ArrayUtils.add(values, Integer.valueOf(i));",2,0,0,3,6,0,12,2,0,16,62,8,0.0,0,0
defect4j,lang,org/apache/commons/lang3/Validate,23,555,            if (it.next() == null) {,0,1,0,2,5,0,4,0,0,5,24,6,0.0,0,0
defect4j,lang,org/apache/commons/lang3/Validate,23,556,"                Object[] values2 = ArrayUtils.addAll(values, Integer.valueOf(i));",2,0,0,3,6,0,12,2,0,16,65,8,0.0,0,0
defect4j,lang,org/apache/commons/lang3/Validate,23,557,"                throw new IllegalArgumentException(String.format(message, values2));",0,0,0,2,4,0,8,2,0,10,68,9,0.0,0,0
defect4j,lang,org/apache/commons/lang3/Validate,23,611,        if (index < 0 || index >= array.length) {,8,3,0,1,3,0,0,0,0,11,41,4,0.0,0,0
defect4j,lang,org/apache/commons/lang3/Validate,23,614,        return array;,6,3,1,0,0,1,4,0,0,15,13,3,0.0,0,0
defect4j,lang,org/apache/commons/lang3/Validate,23,639,"        return validIndex(array, index, DEFAULT_VALID_INDEX_ARRAY_EX_MESSAGE, Integer.valueOf(index));",2,1,0,2,4,1,0,0,0,3,94,4,0.0,0,0
defect4j,lang,org/apache/commons/lang3/Validate,23,666,"            throw new IndexOutOfBoundsException(String.format(message, values));",4,1,0,2,4,0,8,2,0,15,68,3,0.0,0,0
defect4j,lang,org/apache/commons/lang3/Validate,23,668,        return collection;,2,0,0,0,0,1,0,0,0,2,18,4,0.0,0,0
defect4j,lang,org/apache/commons/lang3/Validate,23,720,        return chars;,2,0,0,0,0,1,0,0,0,2,13,4,0.0,0,0
defect4j,lang,org/apache/commons/lang3/Validate,23,767,        if (expression == false) {,4,1,0,1,3,0,4,0,0,11,26,4,0.0,0,0
defect4j,lang,org/apache/commons/lang3/Validate,23,768,            throw new IllegalStateException(DEFAULT_VALID_STATE_EX_MESSAGE);,2,0,0,1,2,0,0,2,0,4,64,7,0.0,0,0
defect4j,lang,org/apache/commons/lang3/Validate,23,787,        if (expression == false) {,2,1,0,1,3,0,0,0,0,4,26,4,0.0,0,0
defect4j,lang,org/apache/commons/lang3/Validate,23,811,    },2,1,0,0,1,0,4,0,0,7,1,5,0.0,0,0
defect4j,lang,org/apache/commons/lang3/Validate,23,830,"        if (Pattern.matches(pattern, input) == false)",0,1,0,2,4,0,8,0,0,10,45,4,0.0,0,0
defect4j,lang,org/apache/commons/lang3/Validate,23,850,        if (value.compareTo(start) < 0 || value.compareTo(end) > 0),0,3,0,3,6,0,12,0,0,15,59,4,0.0,0,0
defect4j,lang,org/apache/commons/lang3/Validate,23,852,"            throw new IllegalArgumentException(String.format(DEFAULT_INCLUSIVE_BETWEEN_EX_MESSAGE, value, start, end));",0,0,0,2,4,0,12,2,0,14,107,7,0.0,0,0
defect4j,lang,org/apache/commons/lang3/Validate,23,854,    },0,0,0,0,1,0,0,2,0,3,1,8,0.0,0,0
defect4j,lang,org/apache/commons/lang3/Validate,23,893,        if (value.compareTo(start) <= 0 || value.compareTo(end) >= 0),0,3,0,3,6,0,12,0,0,15,61,4,0.0,0,0
defect4j,lang,org/apache/commons/lang3/Validate,23,916,        if (value.compareTo(start) <= 0 || value.compareTo(end) >= 0),0,3,0,3,6,0,12,0,0,15,61,4,0.0,0,0
defect4j,lang,org/apache/commons/lang3/Validate,23,920,    },2,0,0,0,1,0,4,2,0,8,1,7,0.0,0,0
defect4j,lang,org/apache/commons/lang3/Validate,23,939,        if (type.isInstance(o) == false),2,0,0,2,4,0,0,0,0,3,32,8,0.0,0,0
defect4j,lang,org/apache/commons/lang3/Validate,23,941,"            throw new IllegalArgumentException(String.format(DEFAULT_IS_INSTANCE_OF_EX_MESSAGE, type.getName()));",0,0,0,3,6,0,10,2,0,12,101,7,0.0,0,0
defect4j,lang,org/apache/commons/lang3/Validate,23,961,        if (type.isInstance(o) == false),0,1,0,2,4,0,6,0,0,8,32,4,0.0,0,0
defect4j,lang,org/apache/commons/lang3/Validate,23,1009,        if (superType.isAssignableFrom(type) == false),10,7,0,2,4,0,12,2,0,32,46,3,0.0,0,0
defect4j,lang,org/apache/commons/lang3/Validate,23,1011,"            throw new IllegalArgumentException(String.format(message, values));",2,1,0,2,4,0,0,0,0,3,67,4,0.0,0,0
defect4j,lang,org/apache/commons/lang3/exception/CloneFailedException,23,40,        super(message);,2,0,0,1,2,0,0,0,0,2,15,4,0.0,0,0
defect4j,lang,org/apache/commons/lang3/exception/CloneFailedException,23,50,        super(cause);,10,0,0,1,2,0,0,2,0,12,13,3,0.0,0,0
defect4j,lang,org/apache/commons/lang3/ObjectUtils,23,75,    },2,0,0,0,1,0,0,8,0,10,1,4,0.0,0,0
defect4j,lang,org/apache/commons/lang3/ObjectUtils,23,63,    public static final Null NULL = new Null();,2,0,0,1,2,3,0,4,0,9,43,2,0.0,0,0
defect4j,lang,org/apache/commons/lang3/ObjectUtils,23,120,        if (values != null) {,2,1,0,1,3,0,0,0,0,3,21,4,0.0,0,0
defect4j,lang,org/apache/commons/lang3/ObjectUtils,23,122,                if (val != null) {,4,2,1,1,3,0,0,0,0,10,18,3,0.0,0,0
defect4j,lang,org/apache/commons/lang3/ObjectUtils,23,123,                    return val;,2,0,0,0,0,1,0,0,0,2,11,10,0.0,0,0
defect4j,lang,org/apache/commons/lang3/ObjectUtils,23,127,        return null;,4,2,0,0,0,1,0,0,0,6,12,1,0.0,0,0
defect4j,lang,org/apache/commons/lang3/ObjectUtils,23,152,        if (object1 == object2) {,4,1,0,1,3,0,0,0,0,5,25,4,0.0,0,0
defect4j,lang,org/apache/commons/lang3/ObjectUtils,23,153,            return true;,8,0,0,0,0,1,0,2,0,12,12,3,0.0,0,0
defect4j,lang,org/apache/commons/lang3/ObjectUtils,23,181,"        return ObjectUtils.equals(object1, object2) == false;",4,1,0,1,2,1,8,2,0,17,53,3,0.0,0,0
defect4j,lang,org/apache/commons/lang3/ObjectUtils,23,220,        if (object == null) {,2,1,0,1,3,0,0,0,0,3,21,4,0.0,0,0
defect4j,lang,org/apache/commons/lang3/ObjectUtils,23,223,        StringBuffer buffer = new StringBuffer();,2,0,0,1,2,0,0,4,0,6,41,4,0.0,0,0
defect4j,lang,org/apache/commons/lang3/ObjectUtils,23,244,        if (object == null) {,2,1,0,1,3,0,0,0,0,3,21,4,0.0,0,0
defect4j,lang,org/apache/commons/lang3/ObjectUtils,23,247,        buffer.append(object.getClass().getName()),0,0,0,3,6,0,10,0,0,10,42,7,0.0,0,0
defect4j,lang,org/apache/commons/lang3/ObjectUtils,23,272,"        return obj == null ? """" : obj.toString();",2,1,0,1,2,1,4,0,0,8,41,5,0.0,0,0
defect4j,lang,org/apache/commons/lang3/ObjectUtils,23,295,        return obj == null ? nullStr : obj.toString();,4,1,0,1,2,1,4,0,0,9,46,5,0.0,0,0
defect4j,lang,org/apache/commons/lang3/ObjectUtils,23,313,        T result = null;,2,0,0,0,0,0,0,2,0,4,16,4,0.0,0,0
defect4j,lang,org/apache/commons/lang3/ObjectUtils,23,314,        if (values != null) {,2,1,0,1,3,0,0,0,0,3,21,4,0.0,0,0
defect4j,lang,org/apache/commons/lang3/ObjectUtils,23,315,            for (T value : values) {,4,0,0,1,3,0,0,2,0,6,24,6,0.0,0,0
defect4j,lang,org/apache/commons/lang3/ObjectUtils,23,316,"                if (compare(value, result, true) < 0) {",0,1,0,2,5,0,6,0,0,8,39,8,0.0,0,0
defect4j,lang,org/apache/commons/lang3/ObjectUtils,23,317,                    result = value;,4,0,0,0,0,0,0,0,0,5,15,10,0.0,0,0
defect4j,lang,org/apache/commons/lang3/ObjectUtils,23,321,        return result;,4,1,0,0,0,1,0,0,0,5,14,3,0.0,0,0
defect4j,lang,org/apache/commons/lang3/ObjectUtils,23,337,        T result = null;,2,0,0,0,0,0,0,2,0,4,16,4,0.0,0,0
defect4j,lang,org/apache/commons/lang3/ObjectUtils,23,338,        if (values != null) {,2,1,0,1,3,0,0,0,0,3,21,4,0.0,0,0
defect4j,lang,org/apache/commons/lang3/ObjectUtils,23,340,"                if (compare(value, result, false) > 0) {",0,1,0,2,5,0,6,0,0,8,40,8,0.0,0,0
defect4j,lang,org/apache/commons/lang3/ObjectUtils,23,341,                    result = value;,4,0,0,0,0,0,0,0,0,5,15,10,0.0,0,0
defect4j,lang,org/apache/commons/lang3/ObjectUtils,23,345,        return result;,2,0,0,0,0,1,2,0,0,4,14,3,0.0,0,0
defect4j,lang,org/apache/commons/lang3/ObjectUtils,23,374,        if (c1 == c2) {,4,1,0,1,3,0,0,0,0,5,15,4,0.0,0,0
defect4j,lang,org/apache/commons/lang3/ObjectUtils,23,376,        } else if (c1 == null) {,2,1,0,1,4,0,0,0,0,3,24,5,0.0,0,0
defect4j,lang,org/apache/commons/lang3/ObjectUtils,23,377,            return (nullGreater ? 1 : -1);,2,0,0,1,2,1,0,0,0,3,30,9,0.0,0,0
defect4j,lang,org/apache/commons/lang3/ObjectUtils,23,378,        } else if (c2 == null) {,2,1,0,1,4,0,0,0,0,3,24,6,0.0,0,0
defect4j,lang,org/apache/commons/lang3/ObjectUtils,23,379,            return (nullGreater ? -1 : 1);,2,0,0,1,2,1,0,0,0,3,30,10,0.0,0,0
defect4j,lang,org/apache/commons/lang3/ObjectUtils,23,394,        if (o instanceof Cloneable) {,2,0,0,1,3,0,0,2,0,4,29,5,0.0,0,0
defect4j,lang,org/apache/commons/lang3/ObjectUtils,23,396,            if (o.getClass().isArray()) {,6,0,0,3,7,0,6,0,0,13,29,3,0.0,0,0
defect4j,lang,org/apache/commons/lang3/ObjectUtils,23,398,                if (!componentType.isPrimitive()) {,0,0,0,2,5,0,12,0,0,13,35,3,0.0,0,0
defect4j,lang,org/apache/commons/lang3/ObjectUtils,23,399,                    result = ((Object[])o).clone();,14,1,0,4,8,0,2,2,0,21,31,3,0.0,0,0
defect4j,lang,org/apache/commons/lang3/ObjectUtils,23,401,                    int length = Array.getLength(o);,6,2,0,1,2,0,14,0,0,22,32,1,0.0,0,0
defect4j,lang,org/apache/commons/lang3/ObjectUtils,23,403,                    while (length-- > 0) {,4,1,0,1,3,0,0,0,0,6,22,3,0.0,0,0
defect4j,lang,org/apache/commons/lang3/ObjectUtils,23,404,"                        Array.set(result, length, Array.get(o, length));",0,0,0,2,4,0,16,0,0,16,48,13,0.0,0,0
defect4j,lang,org/apache/commons/lang3/ObjectUtils,23,410,                    result = clone.invoke(o);,2,0,0,1,2,0,6,0,0,9,25,10,0.0,0,0
defect4j,lang,org/apache/commons/lang3/ObjectUtils,23,411,                } catch (final NoSuchMethodException e) {,2,0,0,1,4,1,0,2,0,5,41,10,0.0,0,0
defect4j,lang,org/apache/commons/lang3/ObjectUtils,23,412,"                    throw new CloneFailedException(""Cloneable type """,2,1,0,0,1,0,0,0,0,3,48,4,0.0,0,0
defect4j,lang,org/apache/commons/lang3/ObjectUtils,23,415,                } catch (final IllegalAccessException e) {,2,0,0,1,4,1,0,2,0,5,42,10,0.0,0,0
defect4j,lang,org/apache/commons/lang3/ObjectUtils,23,418,                } catch (final InvocationTargetException e) {,6,1,0,1,4,1,4,2,0,15,45,3,0.0,0,0
defect4j,lang,org/apache/commons/lang3/ObjectUtils,23,424,            final T checked = (T)result;,4,0,0,1,2,1,0,4,0,9,28,6,0.0,0,0
defect4j,lang,org/apache/commons/lang3/ObjectUtils,23,425,            return checked;,2,0,0,0,0,1,0,0,0,2,15,6,0.0,0,0
defect4j,lang,org/apache/commons/lang3/ObjectUtils,23,446,        final T clone = clone(o);,2,0,0,1,2,1,4,2,0,9,25,4,0.0,0,0
defect4j,lang,org/apache/commons/lang3/ObjectUtils,23,487,            return ObjectUtils.NULL;,4,0,0,0,0,1,0,0,0,4,24,6,0.0,0,0
defect4j,lang,org/apache/commons/lang3/math/NumberUtils,24,454,            return null;,2,0,0,0,0,3,4,2,0,10,12,2,1.0,0,0
defect4j,lang,org/apache/commons/lang3/math/NumberUtils,24,467,            return createInteger(str);,4,0,0,1,2,4,2,2,0,12,26,1,1.0,0,0
defect4j,lang,org/apache/commons/lang3/math/NumberUtils,24,479,                if (expPos < decPos || expPos > str.length()) {,14,3,0,2,5,0,8,0,0,25,47,3,1.0,0,0
defect4j,lang,org/apache/commons/lang3/math/NumberUtils,24,484,                dec = str.substring(decPos + 1);,6,1,1,1,2,0,4,0,0,14,32,3,1.0,0,0
defect4j,lang,org/apache/commons/lang3/math/NumberUtils,24,486,"            mant = str.substring(0, decPos);",2,0,0,1,2,0,6,0,0,9,32,6,1.0,0,0
defect4j,lang,org/apache/commons/lang3/math/NumberUtils,24,489,                if (expPos > str.length()) {,2,1,0,2,5,0,4,0,0,7,28,8,1.0,0,0
defect4j,lang,org/apache/commons/lang3/math/NumberUtils,24,500,"                exp = str.substring(expPos + 1, str.length() - 1);",12,3,0,2,4,0,8,0,0,25,50,3,1.0,0,0
defect4j,lang,org/apache/commons/lang3/math/NumberUtils,24,525,                        Float f = NumberUtils.createFloat(numeric);,2,0,0,1,2,0,6,2,0,10,43,9,1.0,0,0
defect4j,lang,org/apache/commons/lang3/math/NumberUtils,24,526,                        if (!(f.isInfinite() || (f.floatValue() == 0.0F && !allZeros))) {,2,3,0,5,11,0,16,0,0,23,65,3,1.0,0,0
defect4j,lang,org/apache/commons/lang3/math/NumberUtils,24,540,                        if (!(d.isInfinite() || (d.floatValue() == 0.0D && !allZeros))) {,2,3,0,5,11,0,8,0,0,15,65,9,1.0,0,0
defect4j,lang,org/apache/commons/lang3/math/NumberUtils,24,541,                            return d;,2,0,0,0,0,1,0,0,0,2,9,11,1.0,0,0
defect4j,lang,org/apache/commons/lang3/math/NumberUtils,24,547,                        return createBigDecimal(numeric);,0,0,0,1,2,1,4,0,0,4,33,10,1.0,0,0
defect4j,lang,org/apache/commons/lang3/math/NumberUtils,24,559,            if (expPos > -1 && expPos < str.length() - 1) {,6,5,0,2,5,0,8,0,0,20,47,4,1.0,0,0
defect4j,lang,org/apache/commons/lang3/math/NumberUtils,24,560,"                exp = str.substring(expPos + 1, str.length());",6,1,0,2,4,3,8,0,0,19,46,1,1.0,0,0
defect4j,lang,org/apache/commons/lang3/math/NumberUtils,24,562,                exp = null;,2,0,0,0,0,0,6,0,0,9,11,5,1.0,0,0
defect4j,lang,org/apache/commons/lang3/math/NumberUtils,24,564,            if (dec == null && exp == null) {,4,3,0,1,3,0,0,0,0,7,33,6,1.0,0,0
defect4j,lang,org/apache/commons/lang3/math/NumberUtils,24,567,                    return createInteger(str);,2,0,0,1,2,1,4,4,0,10,26,3,1.0,0,0
defect4j,lang,org/apache/commons/lang3/math/NumberUtils,24,568,                } catch (NumberFormatException nfe) {,2,0,0,1,4,0,0,2,0,4,37,10,1.0,0,0
defect4j,lang,org/apache/commons/lang3/math/NumberUtils,24,572,                    return createLong(str);,10,0,0,1,2,1,4,2,0,17,23,3,1.0,0,0
defect4j,lang,org/apache/commons/lang3/math/NumberUtils,24,573,                } catch (NumberFormatException nfe) {,2,0,0,1,4,0,0,2,0,4,37,10,1.0,0,0
defect4j,lang,org/apache/commons/lang3/math/NumberUtils,24,576,                return createBigInteger(str);,2,1,0,1,2,1,4,0,0,7,29,3,1.0,0,0
defect4j,lang,org/apache/commons/lang3/math/NumberUtils,24,580,                boolean allZeros = isAllZeros(mant) && isAllZeros(exp);,2,1,0,2,4,0,8,0,0,11,55,9,1.0,0,0
defect4j,lang,org/apache/commons/lang3/math/NumberUtils,24,582,                    Float f = createFloat(str);,6,2,0,1,2,0,4,0,0,13,27,4,1.0,0,0
defect4j,lang,org/apache/commons/lang3/math/NumberUtils,24,583,                    if (!(f.isInfinite() || (f.floatValue() == 0.0F && !allZeros))) {,2,3,0,5,11,0,8,0,0,15,65,10,1.0,0,0
defect4j,lang,org/apache/commons/lang3/math/NumberUtils,24,584,                        return f;,2,0,0,0,0,1,0,0,0,2,9,12,1.0,0,0
defect4j,lang,org/apache/commons/lang3/math/NumberUtils,24,590,                    Double d = createDouble(str);,6,0,0,1,2,1,4,4,0,15,29,3,1.0,0,0
defect4j,lang,org/apache/commons/lang3/math/NumberUtils,24,456,        if (StringUtils.isBlank(str)) {,2,1,0,2,5,0,6,0,0,9,31,4,0.5,0,0
defect4j,lang,org/apache/commons/lang3/math/NumberUtils,24,466,"        if (str.startsWith(""0x"") || str.startsWith(""-0x"")) {",0,1,0,3,7,0,8,0,0,11,52,4,0.5,0,0
defect4j,lang,org/apache/commons/lang3/math/NumberUtils,24,473,        int decPos = str.indexOf('.');,2,0,0,1,2,0,4,0,0,7,30,5,0.5,0,0
defect4j,lang,org/apache/commons/lang3/math/NumberUtils,24,474,        int expPos = str.indexOf('e') + str.indexOf('E') + 1;,2,1,0,2,4,0,8,0,0,13,53,5,0.5,0,0
defect4j,lang,org/apache/commons/lang3/math/NumberUtils,24,476,        if (decPos > -1) {,2,1,0,1,3,0,0,0,0,4,18,4,0.5,0,0
defect4j,lang,org/apache/commons/lang3/math/NumberUtils,24,488,            if (expPos > -1) {,2,1,0,1,3,0,0,0,0,4,18,6,0.5,0,0
defect4j,lang,org/apache/commons/lang3/math/NumberUtils,24,494,                mant = str;,6,1,0,0,0,0,0,0,0,8,11,1,0.5,0,0
defect4j,lang,org/apache/commons/lang3/math/NumberUtils,24,496,            dec = null;,2,0,0,0,0,0,0,0,0,3,11,6,0.5,0,0
defect4j,lang,org/apache/commons/lang3/math/NumberUtils,24,499,            if (expPos > -1 && expPos < str.length() - 1) {,6,5,0,2,5,0,4,0,0,16,47,4,0.5,0,0
defect4j,lang,org/apache/commons/lang3/math/NumberUtils,24,507,            switch (lastChar) {,2,0,0,1,3,0,0,0,0,2,19,6,0.5,0,0
defect4j,lang,org/apache/commons/lang3/math/NumberUtils,24,510,                    if (dec == null,2,1,0,0,1,0,0,0,0,3,15,9,0.5,0,0
defect4j,lang,org/apache/commons/lang3/math/NumberUtils,24,617,            if (str.charAt(i) != '0') {,2,0,0,2,5,0,4,0,0,7,27,9,0.5,0,0
defect4j,lang,org/apache/commons/lang3/math/NumberUtils,24,635,        if (str == null) {,2,1,0,1,3,0,0,0,0,3,18,4,0.5,0,0
defect4j,lang,org/apache/commons/lang3/math/NumberUtils,24,651,        if (str == null) {,2,1,0,1,3,0,0,0,0,3,18,4,0.5,0,0
defect4j,lang,org/apache/commons/lang3/math/NumberUtils,24,668,        if (str == null) {,8,1,0,1,3,3,6,4,0,22,18,1,0.5,0,0
defect4j,lang,org/apache/commons/lang3/math/NumberUtils,24,701,        if (str == null) {,2,1,0,1,3,0,0,0,0,3,18,4,0.5,0,0
defect4j,lang,org/apache/commons/lang3/math/NumberUtils,24,717,        if (str == null) {,2,1,0,1,3,0,0,0,0,3,18,4,0.5,0,0
defect4j,lang,org/apache/commons/lang3/math/NumberUtils,24,724,        return new BigDecimal(str);,2,0,0,1,2,1,0,2,0,4,27,5,0.5,0,0
defect4j,lang,org/apache/commons/lang3/math/NumberUtils,24,685,        if (str == null) {,2,1,0,1,3,0,0,0,0,3,18,4,0.33333,0,0
defect4j,lang,org/apache/commons/lang3/math/NumberUtils,24,1295,        if (StringUtils.isEmpty(str)) {,4,0,0,2,5,0,2,0,0,6,31,9,0.33333,0,0
defect4j,lang,org/apache/commons/lang3/math/NumberUtils,24,1298,        for (int i = 0; i < str.length(); i++) {,6,1,0,2,5,0,4,0,0,12,40,4,0.33333,0,0
defect4j,lang,org/apache/commons/lang3/StringUtils,24,242,        for (int i = 0; i < strLen; i++) {,4,1,0,1,3,0,0,0,0,5,34,4,0.33333,0,0
defect4j,lang,org/apache/commons/lang3/StringUtils,24,244,                return false;,0,4,0,0,0,1,12,0,0,18,13,6,0.33333,0,0
defect4j,lang,org/apache/commons/lang3/text/translate/EntityArrays,25,31,    private static final String[][] ISO8859_1_ESCAPE = {,2,0,0,2,5,3,0,2,0,7,52,2,0.04545,0,0
defect4j,lang,org/apache/commons/lang3/text/translate/EntityArrays,25,131,    private static final String[][] ISO8859_1_UNESCAPE = invert(ISO8859_1_ESCAPE);,2,0,0,3,6,3,4,2,0,11,78,2,0.04545,0,0
defect4j,lang,org/apache/commons/lang3/text/translate/EntityArrays,25,135,    private static final String[][] HTML40_EXTENDED_ESCAPE = {,2,1,0,2,5,0,0,0,0,3,58,4,0.04545,0,0
defect4j,lang,org/apache/commons/lang3/text/translate/EntityArrays,25,333,    private static final String[][] HTML40_EXTENDED_UNESCAPE = invert(HTML40_EXTENDED_ESCAPE);,6,1,0,3,6,3,10,4,0,25,90,1,0.04545,0,0
defect4j,lang,org/apache/commons/lang3/text/translate/EntityArrays,25,336,    private static final String[][] BASIC_ESCAPE = {,2,0,0,2,5,3,0,2,0,7,48,2,0.04545,0,0
defect4j,lang,org/apache/commons/lang3/text/translate/EntityArrays,25,344,    private static final String[][] BASIC_UNESCAPE = invert(BASIC_ESCAPE);,2,0,0,3,6,3,4,2,0,11,70,2,0.04545,0,0
defect4j,lang,org/apache/commons/lang3/text/translate/EntityArrays,25,347,    private static final String[][] APOS_ESCAPE = {,2,0,0,2,5,3,0,2,0,7,47,2,0.04545,0,0
defect4j,lang,org/apache/commons/lang3/text/translate/EntityArrays,25,352,    private static final String[][] APOS_UNESCAPE = invert(APOS_ESCAPE);,4,0,0,3,6,6,6,4,0,21,68,2,0.04545,0,0
defect4j,lang,org/apache/commons/lang3/text/translate/EntityArrays,25,355,    private static final String[][] JAVA_CTRL_CHARS_ESCAPE = {,2,0,0,2,5,3,0,2,0,7,58,2,0.04545,0,0
defect4j,lang,org/apache/commons/lang3/text/translate/EntityArrays,25,364,    private static final String[][] JAVA_CTRL_CHARS_UNESCAPE = invert(JAVA_CTRL_CHARS_ESCAPE);,2,0,0,3,6,3,4,2,0,11,90,2,0.04545,0,0
defect4j,lang,org/apache/commons/lang3/text/translate/EntityArrays,25,372,        String[][] newarray = new String[array.length][2];,8,0,0,4,8,0,0,4,0,12,50,3,0.04545,0,0
defect4j,lang,org/apache/commons/lang3/text/translate/EntityArrays,25,373,        for(int i = 0; i<array.length; i++) {,10,1,0,1,3,0,0,0,0,12,37,4,0.04545,0,0
defect4j,lang,org/apache/commons/lang3/text/translate/EntityArrays,25,28,public class EntityArrays {,2,0,0,0,1,1,0,0,0,3,27,1,0.0,0,0
defect4j,lang,org/apache/commons/lang3/text/translate/EntityArrays,25,134,    public static String[][] HTML40_EXTENDED_ESCAPE() { return HTML40_EXTENDED_ESCAPE.clone(); },4,0,0,5,10,3,10,2,0,19,92,2,0.0,0,0
defect4j,lang,org/apache/commons/lang3/text/translate/EntityArrays,25,332,    public static String[][] HTML40_EXTENDED_UNESCAPE() { return HTML40_EXTENDED_UNESCAPE.clone(); },4,1,0,5,10,1,6,0,0,11,96,9,0.0,0,0
defect4j,lang,org/apache/commons/lang3/text/translate/EntityArrays,25,335,    public static String[][] BASIC_ESCAPE() { return BASIC_ESCAPE.clone(); },2,0,0,5,10,3,4,2,0,10,72,2,0.0,0,0
defect4j,lang,org/apache/commons/lang3/text/translate/EntityArrays,25,343,    public static String[][] BASIC_UNESCAPE() { return BASIC_UNESCAPE.clone(); },2,0,0,5,10,3,4,2,0,10,76,2,0.0,0,0
defect4j,lang,org/apache/commons/lang3/text/translate/EntityArrays,25,346,    public static String[][] APOS_ESCAPE() { return APOS_ESCAPE.clone(); },2,0,0,5,10,3,4,2,0,10,70,2,0.0,0,0
defect4j,lang,org/apache/commons/lang3/text/translate/EntityArrays,25,351,    public static String[][] APOS_UNESCAPE() { return APOS_UNESCAPE.clone(); },2,0,0,5,10,3,4,2,0,10,74,2,0.0,0,0
defect4j,lang,org/apache/commons/lang3/text/translate/EntityArrays,25,354,    public static String[][] JAVA_CTRL_CHARS_ESCAPE() { return JAVA_CTRL_CHARS_ESCAPE.clone(); },4,0,0,5,10,3,8,4,0,18,92,1,0.0,0,0
defect4j,lang,org/apache/commons/lang3/text/translate/EntityArrays,25,363,    public static String[][] JAVA_CTRL_CHARS_UNESCAPE() { return JAVA_CTRL_CHARS_UNESCAPE.clone(); },2,0,0,5,10,3,4,2,0,10,96,2,0.0,0,0
defect4j,lang,org/apache/commons/lang3/time/FastDateFormat,26,1171,            buffer.append(mValues[calendar.get(mField)]);,0,0,1,3,6,0,10,0,0,12,45,6,1.0,0,0
defect4j,lang,org/apache/commons/lang3/time/FastDateFormat,26,1130,            buffer.append(mValue);,0,0,0,1,2,0,6,0,0,6,22,6,1.0,0,0
defect4j,lang,org/apache/commons/lang3/time/FastDateFormat,26,820,        Calendar c = new GregorianCalendar(mTimeZone);,4,0,0,1,2,0,0,4,0,8,46,4,0.03333,1,0
defect4j,lang,org/apache/commons/lang3/time/FastDateFormat,26,822,"        return applyRules(c, new StringBuffer(mMaxLengthEstimate)).toString();",2,0,0,3,6,1,6,2,0,10,70,5,0.03333,0,0
defect4j,lang,org/apache/commons/lang3/time/FastDateFormat,26,1115,        StringLiteral(String value) {,6,0,0,1,3,3,2,4,0,16,29,1,0.02857,0,0
defect4j,lang,org/apache/commons/lang3/time/FastDateFormat,26,1116,            mValue = value;,10,0,0,0,0,0,4,0,0,15,15,1,0.02857,0,0
defect4j,lang,org/apache/commons/lang3/time/FastDateFormat,26,1117,        },2,2,1,0,1,0,4,4,0,21,1,4,0.02857,0,0
defect4j,lang,org/apache/commons/lang3/time/FastDateFormat,26,1348,"            appendTo(buffer, calendar.get(mField));",2,0,0,2,4,0,14,0,0,16,39,1,0.02857,0,0
defect4j,lang,org/apache/commons/lang3/time/FastDateFormat,26,1349,        },0,0,0,0,1,0,6,0,0,7,1,4,0.02857,0,0
defect4j,lang,org/apache/commons/lang3/time/FastDateFormat,26,1356,                buffer.append((char)(value / 10 + '0'));,2,2,0,3,6,0,4,0,0,9,40,8,0.02857,0,0
defect4j,lang,org/apache/commons/lang3/time/FastDateFormat,26,645,"                rule = new TextField(Calendar.DAY_OF_WEEK, tokenLen < 4 ? shortWeekdays : weekdays);",2,0,0,1,2,0,4,0,0,6,84,5,0.02857,0,0
defect4j,lang,org/apache/commons/lang3/time/FastDateFormat,26,687,                    rule = new StringLiteral(sub);,4,0,0,1,2,0,0,2,0,7,30,9,0.02857,0,0
defect4j,lang,org/apache/commons/lang3/math/NumberUtils,27,478,            if (expPos > -1) {,2,1,0,1,3,0,0,0,0,4,18,6,1.0,0,0
defect4j,lang,org/apache/commons/lang3/math/NumberUtils,27,484,                dec = str.substring(decPos + 1);,4,1,0,1,2,0,4,0,0,10,32,8,1.0,0,0
defect4j,lang,org/apache/commons/lang3/math/NumberUtils,27,523,                        if (!(f.isInfinite() || (f.floatValue() == 0.0F && !allZeros))) {,2,3,0,5,11,0,8,0,0,15,65,9,1.0,0,0
defect4j,lang,org/apache/commons/lang3/math/NumberUtils,27,526,                            return f;,2,0,0,0,0,1,0,0,0,2,9,11,1.0,0,0
defect4j,lang,org/apache/commons/lang3/math/NumberUtils,27,536,                        Double d = NumberUtils.createDouble(numeric);,0,0,0,1,2,0,8,0,0,8,45,7,1.0,0,0
defect4j,lang,org/apache/commons/lang3/math/NumberUtils,27,537,                        if (!(d.isInfinite() || (d.floatValue() == 0.0D && !allZeros))) {,2,3,0,5,11,0,8,0,0,15,65,9,1.0,0,0
defect4j,lang,org/apache/commons/lang3/math/NumberUtils,27,538,                            return d;,2,0,0,0,0,1,0,0,0,2,9,11,1.0,0,0
defect4j,lang,org/apache/commons/lang3/math/NumberUtils,27,557,"                exp = str.substring(expPos + 1, str.length());",2,1,0,2,4,0,0,0,0,3,46,4,1.0,0,0
defect4j,lang,org/apache/commons/lang3/math/NumberUtils,27,559,                exp = null;,2,0,0,0,0,0,0,0,0,3,11,8,1.0,0,0
defect4j,lang,org/apache/commons/lang3/math/NumberUtils,27,561,            if (dec == null && exp == null) {,4,3,0,1,3,0,0,0,0,7,33,6,1.0,0,0
defect4j,lang,org/apache/commons/lang3/math/NumberUtils,27,565,                } catch (NumberFormatException nfe) {,4,0,0,1,4,0,4,2,0,12,37,3,1.0,0,0
defect4j,lang,org/apache/commons/lang3/math/NumberUtils,27,573,                return createBigInteger(str);,0,0,0,1,2,1,4,0,0,4,29,9,1.0,0,0
defect4j,lang,org/apache/commons/lang3/math/NumberUtils,27,577,                boolean allZeros = isAllZeros(mant) && isAllZeros(exp);,2,1,0,2,4,0,8,0,0,11,55,9,1.0,0,0
defect4j,lang,org/apache/commons/lang3/math/NumberUtils,27,579,                    Float f = createFloat(str);,2,0,0,1,2,0,4,2,0,8,27,10,1.0,0,0
defect4j,lang,org/apache/commons/lang3/math/NumberUtils,27,580,                    if (!(f.isInfinite() || (f.floatValue() == 0.0F && !allZeros))) {,4,3,0,5,11,2,8,4,0,23,65,1,1.0,0,0
defect4j,lang,org/apache/commons/lang3/math/NumberUtils,27,581,                        return f;,4,0,0,0,0,3,0,4,0,10,9,1,1.0,0,0
defect4j,lang,org/apache/commons/lang3/math/NumberUtils,27,587,                    Double d = createDouble(str);,8,0,0,1,2,0,0,4,0,12,29,4,1.0,0,0
defect4j,lang,org/apache/commons/lang3/math/NumberUtils,27,459,"        if (str.startsWith(""--"")) {",0,0,0,2,5,0,2,0,0,4,27,5,0.5,0,0
defect4j,lang,org/apache/commons/lang3/math/NumberUtils,27,466,"        if (str.startsWith(""0x"") || str.startsWith(""-0x"")) {",6,0,0,3,7,0,0,4,0,10,52,1,0.5,0,0
defect4j,lang,org/apache/commons/lang3/math/NumberUtils,27,469,        char lastChar = str.charAt(str.length() - 1);,2,1,0,2,4,0,8,0,0,11,45,5,0.5,0,0
defect4j,lang,org/apache/commons/lang3/math/NumberUtils,27,473,        int decPos = str.indexOf('.');,2,0,0,1,2,0,4,0,0,7,30,5,0.5,0,0
defect4j,lang,org/apache/commons/lang3/math/NumberUtils,27,476,        if (decPos > -1) {,2,0,0,1,3,0,0,2,0,4,18,8,0.5,0,0
defect4j,lang,org/apache/commons/lang3/math/NumberUtils,27,488,            if (expPos > -1) {,8,1,0,1,3,0,4,2,0,17,18,3,0.5,0,0
defect4j,lang,org/apache/commons/lang3/math/NumberUtils,27,491,                mant = str;,4,0,0,0,0,0,0,0,0,5,11,8,0.5,0,0
defect4j,lang,org/apache/commons/lang3/math/NumberUtils,27,493,            dec = null;,4,0,0,0,0,0,0,0,0,5,11,5,0.5,0,0
defect4j,lang,org/apache/commons/lang3/math/NumberUtils,27,499,                exp = null;,2,0,0,0,0,0,0,0,0,3,11,8,0.5,0,0
defect4j,lang,org/apache/commons/lang3/math/NumberUtils,27,502,"            String numeric = str.substring(0, str.length() - 1);",2,1,0,2,4,0,8,2,0,13,52,6,0.5,0,0
defect4j,lang,org/apache/commons/lang3/math/NumberUtils,27,503,            boolean allZeros = isAllZeros(mant) && isAllZeros(exp);,2,1,0,2,4,0,8,0,0,11,55,7,0.5,0,0
defect4j,lang,org/apache/commons/lang3/math/NumberUtils,27,504,            switch (lastChar) {,2,0,0,1,3,0,0,0,0,2,19,6,0.5,0,0
defect4j,lang,org/apache/commons/lang3/math/NumberUtils,27,507,                    if (dec == null,2,2,0,0,1,0,8,0,0,12,15,5,0.5,0,0
defect4j,lang,org/apache/commons/lang3/math/NumberUtils,27,613,        for (int i = str.length() - 1; i >= 0; i--) {,2,0,0,2,5,0,4,0,0,8,45,1,0.5,0,0
defect4j,lang,org/apache/commons/lang3/math/NumberUtils,27,614,            if (str.charAt(i) != '0') {,0,1,0,2,5,0,6,0,0,8,27,6,0.5,0,0
defect4j,lang,org/apache/commons/lang3/math/NumberUtils,27,632,        if (str == null) {,2,1,0,1,3,0,0,0,0,3,18,4,0.5,0,0
defect4j,lang,org/apache/commons/lang3/math/NumberUtils,27,635,        return Float.valueOf(str);,0,1,0,1,2,1,24,0,0,25,26,3,0.5,0,0
defect4j,lang,org/apache/commons/lang3/math/NumberUtils,27,648,        if (str == null) {,2,1,0,1,3,0,0,0,0,3,18,4,0.5,0,0
defect4j,lang,org/apache/commons/lang3/math/NumberUtils,27,651,        return Double.valueOf(str);,6,0,0,1,2,1,6,0,0,13,27,3,0.5,0,0
defect4j,lang,org/apache/commons/lang3/math/NumberUtils,27,665,        if (str == null) {,4,2,0,1,3,0,10,0,0,16,18,6,0.5,0,0
defect4j,lang,org/apache/commons/lang3/math/NumberUtils,27,669,        return Integer.decode(str);,8,3,0,1,2,1,0,0,0,12,27,4,0.5,0,0
defect4j,lang,org/apache/commons/lang3/math/NumberUtils,27,698,        if (str == null) {,2,1,0,1,3,0,0,0,0,3,18,4,0.5,0,0
defect4j,lang,org/apache/commons/lang3/math/NumberUtils,27,701,        return new BigInteger(str);,2,0,0,1,2,1,0,2,0,4,27,5,0.5,0,0
defect4j,lang,org/apache/commons/lang3/math/NumberUtils,27,718,        if (StringUtils.isBlank(str)) {,2,1,0,2,5,0,6,0,0,9,31,4,0.5,0,0
defect4j,lang,org/apache/commons/lang3/math/NumberUtils,27,721,        return new BigDecimal(str);,2,0,0,1,2,2,0,0,0,3,27,2,0.5,0,0
defect4j,lang,org/apache/commons/lang3/math/NumberUtils,27,682,        if (str == null) {,2,1,0,1,3,0,0,0,0,3,18,4,0.33333,0,0
defect4j,lang,org/apache/commons/lang3/math/NumberUtils,27,685,        return Long.valueOf(str);,2,1,0,1,2,1,6,0,0,9,25,3,0.33333,0,0
defect4j,lang,org/apache/commons/lang3/math/NumberUtils,27,1292,        if (StringUtils.isEmpty(str)) {,2,0,0,2,5,0,6,0,0,8,31,4,0.33333,0,0
defect4j,lang,org/apache/commons/lang3/math/NumberUtils,27,1295,        for (int i = 0; i < str.length(); i++) {,6,1,0,2,5,0,4,0,0,12,40,4,0.33333,0,0
defect4j,lang,org/apache/commons/lang3/math/NumberUtils,27,1300,        return true;,0,0,0,0,0,1,0,2,0,4,12,3,0.33333,0,0
defect4j,lang,org/apache/commons/lang3/StringUtils,27,237,            if ((Character.isWhitespace(cs.charAt(i)) == false)) {,2,1,0,4,9,0,8,2,0,14,54,3,0.33333,0,0
defect4j,lang,org/apache/commons/lang3/text/translate/NumericEntityUnescaper,28,57,"                    entityValue = Integer.parseInt(input.subSequence(start, end).toString(), 10);",2,0,0,3,6,0,14,0,0,17,77,10,0.5,0,0
defect4j,lang,org/apache/commons/lang3/text/translate/NumericEntityUnescaper,28,64,            return 2 + (end - start) + (isHex ? 1 : 0) + 1;,6,2,0,2,4,1,0,0,0,8,47,6,0.5,1,0
defect4j,lang,org/apache/commons/lang3/text/translate/NumericEntityUnescaper,28,38,            int start = index + 2;,4,1,0,0,0,0,0,0,0,5,22,7,0.33333,0,0
defect4j,lang,org/apache/commons/lang3/text/translate/NumericEntityUnescaper,28,39,            boolean isHex = false;,2,0,0,0,0,0,0,0,0,3,22,7,0.33333,0,0
defect4j,lang,org/apache/commons/lang3/text/translate/NumericEntityUnescaper,28,41,            char firstChar = input.charAt(start);,2,0,0,1,2,0,6,0,0,8,37,7,0.33333,0,0
defect4j,lang,org/apache/commons/lang3/text/translate/NumericEntityUnescaper,28,42,            if(firstChar == 'x' || firstChar == 'X') {,4,3,0,1,3,0,0,0,0,9,42,6,0.33333,0,0
defect4j,lang,org/apache/commons/lang3/text/translate/NumericEntityUnescaper,28,47,            int end = start;,4,0,0,0,0,0,0,0,0,4,16,7,0.33333,0,0
defect4j,lang,org/apache/commons/lang3/text/translate/NumericEntityUnescaper,28,48,            while(input.charAt(end) != ';') {,0,1,0,2,5,0,6,0,0,8,33,6,0.33333,0,0
defect4j,lang,org/apache/commons/lang3/text/translate/NumericEntityUnescaper,28,49,                end++;,2,0,0,0,0,0,0,0,0,3,6,8,0.33333,0,0
defect4j,lang,org/apache/commons/lang3/text/translate/NumericEntityUnescaper,28,54,                if(isHex) {,2,0,0,1,3,0,0,0,0,2,11,8,0.33333,0,0
defect4j,lang,org/apache/commons/lang3/text/translate/NumericEntityUnescaper,28,37,        if(input.charAt(index) == '&' && input.charAt(index + 1) == '#') {,2,4,0,3,7,0,10,0,0,18,66,4,0.125,0,0
defect4j,lang,org/apache/commons/lang3/SystemUtils,29,1717,            return ArrayUtils.EMPTY_INT_ARRAY;,4,0,0,0,0,1,0,0,0,4,34,7,1.0,0,0
defect4j,lang,org/apache/commons/lang3/ArrayUtils,29,72,    public static final Long[] EMPTY_LONG_OBJECT_ARRAY = new Long[0];,2,0,0,2,4,3,0,4,0,9,65,2,0.00485,0,0
defect4j,lang,org/apache/commons/lang3/ArrayUtils,29,76,    public static final int[] EMPTY_INT_ARRAY = new int[0];,2,0,0,2,4,3,0,0,0,5,55,2,0.00485,0,0
defect4j,lang,org/apache/commons/lang3/ArrayUtils,29,80,    public static final Integer[] EMPTY_INTEGER_OBJECT_ARRAY = new Integer[0];,4,0,0,2,4,5,0,4,0,13,74,1,0.00485,0,0
defect4j,lang,org/apache/commons/lang3/ArrayUtils,29,84,    public static final short[] EMPTY_SHORT_ARRAY = new short[0];,4,0,0,2,4,6,4,2,0,17,61,1,0.00485,0,0
defect4j,lang,org/apache/commons/lang3/ArrayUtils,29,92,    public static final byte[] EMPTY_BYTE_ARRAY = new byte[0];,2,0,0,2,4,3,0,0,0,5,58,2,0.00485,0,0
defect4j,lang,org/apache/commons/lang3/ArrayUtils,29,96,    public static final Byte[] EMPTY_BYTE_OBJECT_ARRAY = new Byte[0];,2,0,0,2,4,3,0,4,0,9,65,2,0.00485,0,0
defect4j,lang,org/apache/commons/lang3/ArrayUtils,29,100,    public static final double[] EMPTY_DOUBLE_ARRAY = new double[0];,22,7,0,2,4,6,8,4,0,51,64,1,0.00485,0,0
defect4j,lang,org/apache/commons/lang3/ArrayUtils,29,108,    public static final float[] EMPTY_FLOAT_ARRAY = new float[0];,2,0,0,2,4,3,0,0,0,5,61,2,0.00485,0,0
defect4j,lang,org/apache/commons/lang3/ArrayUtils,29,116,    public static final boolean[] EMPTY_BOOLEAN_ARRAY = new boolean[0];,2,0,0,2,4,3,0,0,0,5,67,2,0.00485,0,0
defect4j,lang,org/apache/commons/lang3/ArrayUtils,29,120,    public static final Boolean[] EMPTY_BOOLEAN_OBJECT_ARRAY = new Boolean[0];,8,3,0,2,4,3,16,6,0,37,74,1,0.00485,0,0
defect4j,lang,org/apache/commons/lang3/ArrayUtils,29,124,    public static final char[] EMPTY_CHAR_ARRAY = new char[0];,2,0,0,2,4,3,0,0,0,5,58,2,0.00485,0,0
defect4j,lang,org/apache/commons/lang3/ArrayUtils,29,128,    public static final Character[] EMPTY_CHARACTER_OBJECT_ARRAY = new Character[0];,2,0,0,2,4,3,4,4,0,15,80,1,0.00485,0,0
defect4j,lang,org/apache/commons/lang3/SystemUtils,29,104,"    public static final String AWT_TOOLKIT = getSystemProperty(""awt.toolkit"");",2,0,0,1,2,3,2,2,0,10,74,2,0.00412,0,0
defect4j,lang,org/apache/commons/lang3/SystemUtils,29,127,"    public static final String FILE_ENCODING = getSystemProperty(""file.encoding"");",2,0,0,1,2,3,0,4,0,9,78,2,0.00412,0,0
defect4j,lang,org/apache/commons/lang3/SystemUtils,29,146,"    public static final String FILE_SEPARATOR = getSystemProperty(""file.separator"");",4,0,0,1,2,3,6,4,0,18,80,1,0.00412,0,0
defect4j,lang,org/apache/commons/lang3/SystemUtils,29,165,"    public static final String JAVA_AWT_FONTS = getSystemProperty(""java.awt.fonts"");",6,0,0,1,2,3,2,2,0,15,80,1,0.00412,0,0
defect4j,lang,org/apache/commons/lang3/SystemUtils,29,184,"    public static final String JAVA_AWT_GRAPHICSENV = getSystemProperty(""java.awt.graphicsenv"");",4,1,0,1,2,3,2,2,0,13,92,1,0.00412,0,0
defect4j,lang,org/apache/commons/lang3/SystemUtils,29,206,"    public static final String JAVA_AWT_HEADLESS = getSystemProperty(""java.awt.headless"");",2,0,0,1,2,3,2,2,0,10,86,2,0.00412,0,0
defect4j,lang,org/apache/commons/lang3/SystemUtils,29,225,"    public static final String JAVA_AWT_PRINTERJOB = getSystemProperty(""java.awt.printerjob"");",2,0,0,1,2,3,2,2,0,10,90,2,0.00412,0,0
defect4j,lang,org/apache/commons/lang3/SystemUtils,29,244,"    public static final String JAVA_CLASS_PATH = getSystemProperty(""java.class.path"");",2,0,0,1,2,3,2,2,0,10,82,2,0.00412,0,0
defect4j,lang,org/apache/commons/lang3/SystemUtils,29,263,"    public static final String JAVA_CLASS_VERSION = getSystemProperty(""java.class.version"");",2,0,0,1,2,3,2,2,0,10,88,2,0.00412,0,0
defect4j,lang,org/apache/commons/lang3/SystemUtils,29,283,"    public static final String JAVA_COMPILER = getSystemProperty(""java.compiler"");",2,0,0,1,2,3,2,2,0,10,78,2,0.00412,0,0
defect4j,lang,org/apache/commons/lang3/SystemUtils,29,302,"    public static final String JAVA_ENDORSED_DIRS = getSystemProperty(""java.endorsed.dirs"");",2,0,0,1,2,3,2,2,0,10,88,2,0.00412,0,0
defect4j,lang,org/apache/commons/lang3/SystemUtils,29,321,"    public static final String JAVA_EXT_DIRS = getSystemProperty(""java.ext.dirs"");",4,0,0,1,2,6,2,2,0,15,78,2,0.00412,0,0
defect4j,lang,org/apache/commons/lang3/SystemUtils,29,340,    public static final String JAVA_HOME = getSystemProperty(JAVA_HOME_KEY);,4,0,0,1,2,3,8,4,0,19,72,1,0.00412,0,0
defect4j,lang,org/apache/commons/lang3/SystemUtils,29,359,    public static final String JAVA_IO_TMPDIR = getSystemProperty(JAVA_IO_TMPDIR_KEY);,2,0,0,1,2,3,4,2,0,11,82,2,0.00412,0,0
defect4j,lang,org/apache/commons/lang3/SystemUtils,29,378,"    public static final String JAVA_LIBRARY_PATH = getSystemProperty(""java.library.path"");",10,3,0,1,2,6,8,6,0,34,86,1,0.00412,0,0
defect4j,lang,org/apache/commons/lang3/SystemUtils,29,398,"    public static final String JAVA_RUNTIME_NAME = getSystemProperty(""java.runtime.name"");",2,0,0,1,2,0,0,0,0,2,86,4,0.00412,0,0
defect4j,lang,org/apache/commons/lang3/SystemUtils,29,437,"    public static final String JAVA_SPECIFICATION_NAME = getSystemProperty(""java.specification.name"");",2,0,0,1,2,3,2,2,0,10,98,2,0.00412,0,0
defect4j,lang,org/apache/commons/lang3/SystemUtils,29,456,"    public static final String JAVA_SPECIFICATION_VENDOR = getSystemProperty(""java.specification.vendor"");",2,0,0,1,2,3,2,2,0,10,102,2,0.00412,0,0
defect4j,lang,org/apache/commons/lang3/SystemUtils,29,475,"    public static final String JAVA_SPECIFICATION_VERSION = getSystemProperty(""java.specification.version"");",2,0,0,1,2,3,2,2,0,10,104,2,0.00412,0,0
defect4j,lang,org/apache/commons/lang3/SystemUtils,29,495,"    public static final String JAVA_UTIL_PREFS_PREFERENCES_FACTORY = getSystemProperty(""java.util.prefs.PreferencesFactory"");",10,1,0,1,2,3,2,2,0,20,121,1,0.00412,0,0
defect4j,lang,org/apache/commons/lang3/SystemUtils,29,514,"    public static final String JAVA_VENDOR = getSystemProperty(""java.vendor"");",2,0,0,1,2,3,2,2,0,10,74,2,0.00412,0,0
defect4j,lang,org/apache/commons/lang3/SystemUtils,29,533,"    public static final String JAVA_VENDOR_URL = getSystemProperty(""java.vendor.url"");",2,0,0,1,2,3,2,2,0,10,82,2,0.00412,0,0
defect4j,lang,org/apache/commons/lang3/SystemUtils,29,552,"    public static final String JAVA_VERSION = getSystemProperty(""java.version"");",4,0,0,1,2,3,2,4,0,14,76,1,0.00412,0,0
defect4j,lang,org/apache/commons/lang3/SystemUtils,29,572,"    public static final String JAVA_VM_INFO = getSystemProperty(""java.vm.info"");",2,0,0,1,2,3,2,2,0,10,76,2,0.00412,0,0
defect4j,lang,org/apache/commons/lang3/SystemUtils,29,591,"    public static final String JAVA_VM_NAME = getSystemProperty(""java.vm.name"");",2,0,0,1,2,3,2,2,0,10,76,2,0.00412,0,0
defect4j,lang,org/apache/commons/lang3/SystemUtils,29,610,"    public static final String JAVA_VM_SPECIFICATION_NAME = getSystemProperty(""java.vm.specification.name"");",2,0,0,1,2,3,2,2,0,10,104,2,0.00412,0,0
defect4j,lang,org/apache/commons/lang3/SystemUtils,29,629,"    public static final String JAVA_VM_SPECIFICATION_VENDOR = getSystemProperty(""java.vm.specification.vendor"");",2,0,0,1,2,3,2,2,0,10,108,2,0.00412,0,0
defect4j,lang,org/apache/commons/lang3/SystemUtils,29,648,"    public static final String JAVA_VM_SPECIFICATION_VERSION = getSystemProperty(""java.vm.specification.version"");",2,0,0,1,2,3,2,2,0,10,110,2,0.00412,0,0
defect4j,lang,org/apache/commons/lang3/SystemUtils,29,724,"    public static final String OS_ARCH = getSystemProperty(""os.arch"");",2,0,0,1,2,3,2,2,0,10,66,2,0.00412,0,0
defect4j,lang,org/apache/commons/lang3/SystemUtils,29,743,"    public static final String OS_NAME = getSystemProperty(""os.name"");",6,3,0,1,2,0,8,0,0,17,66,3,0.00412,0,0
defect4j,lang,org/apache/commons/lang3/SystemUtils,29,781,"    public static final String PATH_SEPARATOR = getSystemProperty(""path.separator"");",2,0,0,1,2,3,2,2,0,10,80,2,0.00412,0,0
defect4j,lang,org/apache/commons/lang3/SystemUtils,29,802,"    public static final String USER_COUNTRY = getSystemProperty(""user.country"") == null ? getSystemProperty(""user.region"")",0,0,0,2,4,0,6,0,0,6,118,5,0.00412,0,0
defect4j,lang,org/apache/commons/lang3/SystemUtils,29,880,"    public static final String USER_NAME = getSystemProperty(""user.name"");",2,0,0,1,2,3,2,2,0,10,70,2,0.00412,0,0
defect4j,lang,org/apache/commons/lang3/SystemUtils,29,899,"    public static final String USER_TIMEZONE = getSystemProperty(""user.timezone"");",2,0,0,1,2,3,2,2,0,10,78,2,0.00412,0,0
defect4j,lang,org/apache/commons/lang3/SystemUtils,29,917,    public static final String JAVA_VERSION_TRIMMED = getJavaVersionTrimmed();,2,0,0,1,2,3,2,2,0,9,74,2,0.00412,0,0
defect4j,lang,org/apache/commons/lang3/SystemUtils,29,964,    public static final int JAVA_VERSION_INT = getJavaVersionAsInt();,2,0,0,1,2,3,2,0,0,7,65,2,0.00412,0,0
defect4j,lang,org/apache/commons/lang3/SystemUtils,29,980,"    public static final boolean IS_JAVA_1_1 = getJavaVersionMatches(""1.1"");",2,0,0,1,2,3,2,0,0,8,71,2,0.00412,0,0
defect4j,lang,org/apache/commons/lang3/SystemUtils,29,991,"    public static final boolean IS_JAVA_1_2 = getJavaVersionMatches(""1.2"");",2,1,0,1,2,0,0,0,0,3,71,4,0.00412,0,0
defect4j,lang,org/apache/commons/lang3/SystemUtils,29,1013,"    public static final boolean IS_JAVA_1_4 = getJavaVersionMatches(""1.4"");",2,0,0,1,2,0,0,2,0,4,71,5,0.00412,0,0
defect4j,lang,org/apache/commons/lang3/SystemUtils,29,1024,"    public static final boolean IS_JAVA_1_5 = getJavaVersionMatches(""1.5"");",2,0,0,1,2,3,2,0,0,8,71,2,0.00412,0,0
defect4j,lang,org/apache/commons/lang3/SystemUtils,29,1035,"    public static final boolean IS_JAVA_1_6 = getJavaVersionMatches(""1.6"");",2,0,0,1,2,3,2,0,0,8,71,2,0.00412,0,0
defect4j,lang,org/apache/commons/lang3/SystemUtils,29,1069,"    public static final boolean IS_OS_AIX = getOSMatchesName(""AIX"");",2,0,0,1,2,3,2,0,0,8,64,2,0.00412,0,0
defect4j,lang,org/apache/commons/lang3/SystemUtils,29,1082,"    public static final boolean IS_OS_HP_UX = getOSMatchesName(""HP-UX"");",6,1,0,1,2,6,4,0,0,20,68,2,0.00412,0,0
defect4j,lang,org/apache/commons/lang3/SystemUtils,29,1095,"    public static final boolean IS_OS_IRIX = getOSMatchesName(""Irix"");",4,1,0,1,2,3,2,0,0,11,66,1,0.00412,0,0
defect4j,lang,org/apache/commons/lang3/SystemUtils,29,1134,"    public static final boolean IS_OS_MAC_OSX = getOSMatchesName(""Mac OS X"");",4,0,0,1,2,3,6,2,0,17,73,1,0.00412,0,0
defect4j,lang,org/apache/commons/lang3/SystemUtils,29,1147,"    public static final boolean IS_OS_OS2 = getOSMatchesName(""OS/2"");",6,0,0,1,2,3,2,0,0,13,65,1,0.00412,0,0
defect4j,lang,org/apache/commons/lang3/SystemUtils,29,1160,"    public static final boolean IS_OS_SOLARIS = getOSMatchesName(""Solaris"");",2,0,0,1,2,3,2,0,0,8,72,2,0.00412,0,0
defect4j,lang,org/apache/commons/lang3/SystemUtils,29,1186,    public static final boolean IS_OS_UNIX = IS_OS_AIX || IS_OS_HP_UX || IS_OS_IRIX || IS_OS_LINUX || IS_OS_MAC_OSX || IS_OS_SOLARIS,14,2,0,0,0,3,4,0,0,23,128,1,0.00412,0,0
defect4j,lang,org/apache/commons/lang3/SystemUtils,29,1200,    public static final boolean IS_OS_WINDOWS = getOSMatchesName(OS_NAME_WINDOWS_PREFIX);,6,0,0,1,2,3,0,4,0,13,85,2,0.00412,0,0
defect4j,lang,org/apache/commons/lang3/SystemUtils,29,1226,"    public static final boolean IS_OS_WINDOWS_95 = getOSMatches(OS_NAME_WINDOWS_PREFIX + "" 9"", ""4.0"");",2,0,0,1,2,0,4,4,0,10,98,4,0.00412,0,0
defect4j,lang,org/apache/commons/lang3/SystemUtils,29,1254,"    public static final boolean IS_OS_WINDOWS_ME = getOSMatches(OS_NAME_WINDOWS_PREFIX, ""4.9"");",4,0,0,1,2,3,4,0,0,12,91,1,0.00412,0,0
defect4j,lang,org/apache/commons/lang3/SystemUtils,29,1268,"    public static final boolean IS_OS_WINDOWS_NT = getOSMatchesName(OS_NAME_WINDOWS_PREFIX + "" NT"");",10,4,0,1,2,3,12,0,0,30,96,1,0.00412,0,0
defect4j,lang,org/apache/commons/lang3/SystemUtils,29,1282,"    public static final boolean IS_OS_WINDOWS_XP = getOSMatches(OS_NAME_WINDOWS_PREFIX, ""5.1"");",2,0,0,1,2,3,4,0,0,10,91,2,0.00412,0,0
defect4j,lang,org/apache/commons/lang3/SystemUtils,29,1296,"    public static final boolean IS_OS_WINDOWS_VISTA = getOSMatches(OS_NAME_WINDOWS_PREFIX, ""6.0"");",2,0,0,1,2,3,4,0,0,10,94,2,0.00412,0,0
defect4j,lang,org/apache/commons/lang3/SystemUtils,29,1364,"        return toVersionFloat(toJavaVersionIntArray(SystemUtils.JAVA_VERSION, JAVA_VERSION_TRIM_SIZE));",2,1,0,2,4,1,0,0,0,3,95,7,0.00412,0,0
defect4j,lang,org/apache/commons/lang3/SystemUtils,29,1388,"        return toVersionInt(toJavaVersionIntArray(SystemUtils.JAVA_VERSION, JAVA_VERSION_TRIM_SIZE));",4,0,0,2,4,1,6,0,0,10,93,5,0.00412,0,0
defect4j,lang,org/apache/commons/lang3/SystemUtils,29,1411,            for (int i = 0; i < JAVA_VERSION.length(); i++) {,6,1,0,2,5,0,8,0,0,16,49,3,0.00412,0,0
defect4j,lang,org/apache/commons/lang3/SystemUtils,29,1412,                char ch = JAVA_VERSION.charAt(i);,2,0,0,1,2,0,14,0,0,17,33,5,0.00412,0,0
defect4j,lang,org/apache/commons/lang3/SystemUtils,29,1574,        if (version == null) {,2,1,0,1,3,0,0,0,0,3,22,4,0.00412,0,0
defect4j,lang,org/apache/commons/lang3/SystemUtils,29,1597,        if (osName == null || osVersion == null) {,4,3,0,1,3,0,0,0,0,7,42,4,0.00412,0,0
defect4j,lang,org/apache/commons/lang3/SystemUtils,29,1600,        return osName.startsWith(osNamePrefix) && osVersion.startsWith(osVersionPrefix);,0,1,0,2,4,1,12,0,0,13,80,4,0.00412,0,0
defect4j,lang,org/apache/commons/lang3/SystemUtils,29,1616,        if (osName == null) {,2,0,0,1,3,0,0,0,0,2,21,4,0.00412,0,0
defect4j,lang,org/apache/commons/lang3/SystemUtils,29,1619,        return osName.startsWith(osNamePrefix);,2,0,0,1,2,4,6,2,0,15,39,0,0.00412,0,0
defect4j,lang,org/apache/commons/lang3/SystemUtils,29,1719,"        String[] strings = Pattern.compile(""[^\\d]"").split(version);",2,0,0,4,8,0,8,2,0,13,60,4,0.00412,0,0
defect4j,lang,org/apache/commons/lang3/SystemUtils,29,1723,            String s = strings[i];,0,0,0,1,2,0,4,0,0,5,22,8,0.00412,0,0
defect4j,lang,org/apache/commons/lang3/SystemUtils,29,1725,                ints[j++] = Integer.parseInt(s);,8,0,1,2,4,0,14,4,0,31,32,3,0.00412,0,0
defect4j,lang,org/apache/commons/lang3/SystemUtils,29,1752,        if (javaVersions == null || javaVersions.length == 0) {,2,0,0,1,3,0,0,2,0,4,55,6,0.00412,0,0
defect4j,lang,org/apache/commons/lang3/SystemUtils,29,1755,        if (javaVersions.length == 1) {,6,1,0,1,3,2,0,4,0,13,31,1,0.00412,0,0
defect4j,lang,org/apache/commons/lang3/SystemUtils,29,1758,        StringBuilder builder = new StringBuilder();,2,0,0,1,2,0,0,4,0,6,44,4,0.00412,0,0
defect4j,lang,org/apache/commons/lang3/SystemUtils,29,1759,        builder.append(javaVersions[0]);,0,0,1,2,4,0,4,0,0,6,32,5,0.00412,0,0
defect4j,lang,org/apache/commons/lang3/SystemUtils,29,1765,            return Float.parseFloat(builder.toString());,2,1,0,2,4,1,8,0,0,11,44,3,0.00412,0,0
defect4j,lang,org/apache/commons/lang3/SystemUtils,29,1792,        if (javaVersions == null) {,2,1,0,1,3,0,0,0,0,3,27,4,0.00412,0,0
defect4j,lang,org/apache/commons/lang3/SystemUtils,29,1795,        int intVersion = 0;,2,0,0,0,0,0,0,2,0,5,19,8,0.00412,0,0
defect4j,lang,org/apache/commons/lang3/SystemUtils,29,1796,        int len = javaVersions.length;,2,0,0,0,0,2,10,0,0,14,30,1,0.00412,0,0
defect4j,lang,org/apache/commons/lang3/SystemUtils,29,1797,        if (len >= 1) {,2,1,0,1,3,0,0,0,0,3,15,4,0.00412,0,0
defect4j,lang,org/apache/commons/lang3/SystemUtils,29,1798,            intVersion = javaVersions[0] * 100;,10,1,1,1,2,6,2,4,0,28,35,1,0.00412,0,0
defect4j,lang,org/apache/commons/lang3/SystemUtils,29,1800,        if (len >= 2) {,2,0,0,1,3,0,0,2,0,4,15,8,0.00412,0,0
defect4j,lang,org/apache/commons/lang3/SystemUtils,29,1806,        return intVersion;,2,0,0,0,0,1,0,0,0,2,18,4,0.00412,0,0
defect4j,lang,org/apache/commons/lang3/StringUtils,30,1674,        if (cs == null || searchChars == null) {,4,3,0,1,3,0,0,0,0,7,40,4,1.6,1,1
defect4j,lang,org/apache/commons/lang3/StringUtils,30,1677,        int csLen = cs.length();,2,1,0,1,2,0,0,0,0,3,24,5,1.6,1,1
defect4j,lang,org/apache/commons/lang3/StringUtils,30,1678,        int searchLen = searchChars.length;,6,0,0,0,0,0,0,0,0,6,35,5,1.6,1,1
defect4j,lang,org/apache/commons/lang3/StringUtils,30,1681,            for (int j = 0; j < searchLen; j++) {,8,1,0,1,3,0,0,0,0,10,37,6,1.6,1,1
defect4j,lang,org/apache/commons/lang3/StringUtils,30,1682,                if (searchChars[j] == ch) {,2,1,1,2,5,0,0,0,0,7,27,8,1.6,1,1
defect4j,lang,org/apache/commons/lang3/StringUtils,30,1685,                        return false;,4,0,0,0,0,1,10,0,0,15,13,3,1.6,1,1
defect4j,lang,org/apache/commons/lang3/ArrayUtils,30,3279,        if (array == null || array.length == 0) {,6,3,0,1,3,0,0,0,0,9,41,4,1.25,0,0
defect4j,lang,org/apache/commons/lang3/StringUtils,30,1715,        if (cs == null || invalidChars == null) {,2,0,0,1,3,0,0,0,0,2,41,4,0.44444,1,1
defect4j,lang,org/apache/commons/lang3/StringUtils,31,1441,		if (isEmpty(cs) || ArrayUtils.isEmpty(searchChars)) {,0,1,0,3,7,0,14,0,0,17,53,3,1.0,0,0
defect4j,lang,org/apache/commons/lang3/StringUtils,31,1447,			char ch = cs.charAt(i);,2,0,0,1,2,0,6,0,0,8,23,7,1.0,0,0
defect4j,lang,org/apache/commons/lang3/StringUtils,31,1449,				if (searchChars[j] == ch) {,2,1,1,2,5,0,0,0,0,7,27,8,1.0,0,0
defect4j,lang,org/apache/commons/lang3/StringUtils,31,1452,						return true;,0,0,0,0,0,1,0,0,0,1,12,10,1.0,1,1
defect4j,lang,org/apache/commons/lang3/StringUtils,31,1490,"        return containsAny(cs, searchChars.toCharArray());",4,0,0,2,4,1,14,4,0,22,50,1,0.5,1,1
defect4j,lang,org/apache/commons/lang3/builder/HashCodeBuilder,32,152,        return getRegistry().contains(new IDKey(value));,2,0,0,3,6,1,4,2,0,8,48,5,0.14286,1,0
defect4j,lang,org/apache/commons/lang3/builder/HashCodeBuilder,32,173,        if (isRegistered(object)) {,2,0,0,2,5,0,10,0,0,13,27,4,0.14286,0,0
defect4j,lang,org/apache/commons/lang3/builder/HashCodeBuilder,32,179,"            AccessibleObject.setAccessible(fields, true);",0,0,0,1,2,0,6,0,0,7,45,7,0.14286,0,0
defect4j,lang,org/apache/commons/lang3/builder/HashCodeBuilder,32,180,            for (Field field : fields) {,4,0,0,1,3,0,0,2,0,6,28,6,0.14286,0,0
defect4j,lang,org/apache/commons/lang3/builder/HashCodeBuilder,32,181,"                if (!ArrayUtils.contains(excludeFields, field.getName())",0,0,0,2,5,0,10,0,0,11,56,11,0.14286,0,0
defect4j,lang,org/apache/commons/lang3/builder/HashCodeBuilder,32,196,            unregister(object);,6,2,0,1,2,0,4,0,0,12,19,3,0.14286,0,0
defect4j,lang,org/apache/commons/lang3/builder/HashCodeBuilder,32,360,        Class<?> clazz = object.getClass();,4,0,0,1,2,3,8,4,0,19,35,1,0.14286,0,0
defect4j,lang,org/apache/commons/lang3/builder/HashCodeBuilder,32,361,"        reflectionAppend(object, clazz, builder, testTransients, excludeFields);",0,0,0,1,2,0,12,0,0,12,72,5,0.14286,0,0
defect4j,lang,org/apache/commons/lang3/builder/HashCodeBuilder,32,362,        while (clazz.getSuperclass() != null && clazz != reflectUpToClass) {,4,3,0,2,5,0,4,0,0,11,68,4,0.14286,0,0
defect4j,lang,org/apache/commons/lang3/builder/HashCodeBuilder,32,364,"            reflectionAppend(object, clazz, builder, testTransients, excludeFields);",0,0,0,1,2,0,12,0,0,12,72,7,0.14286,0,0
defect4j,lang,org/apache/commons/lang3/builder/HashCodeBuilder,32,366,        return builder.toHashCode();,2,0,1,1,2,1,8,0,0,14,28,3,0.14286,0,0
defect4j,lang,org/apache/commons/lang3/builder/HashCodeBuilder,32,522,        getRegistry().add(new IDKey(value));,6,0,0,3,6,0,8,4,0,18,36,1,0.14286,1,0
defect4j,lang,org/apache/commons/lang3/builder/HashCodeBuilder,32,523,    },2,1,0,0,1,0,0,0,0,3,1,4,0.14286,0,0
defect4j,lang,org/apache/commons/lang3/builder/HashCodeBuilder,32,538,        getRegistry().remove(new IDKey(value));,2,0,0,3,6,0,4,2,0,8,39,5,0.14286,1,0
defect4j,lang,org/apache/commons/lang3/builder/HashCodeBuilder,32,539,    },4,0,0,0,1,1,0,2,0,7,1,2,0.14286,0,0
defect4j,lang,org/apache/commons/lang3/builder/IDKey,32,40,        public IDKey(Object _value) {,4,0,0,1,3,1,0,2,0,7,29,2,0.14286,0,0
defect4j,lang,org/apache/commons/lang3/builder/IDKey,32,46,            value = _value;,8,0,0,0,0,0,10,0,0,21,15,3,0.14286,0,0
defect4j,lang,org/apache/commons/lang3/builder/IDKey,32,55,           return id;,2,0,0,0,0,1,0,0,0,2,10,4,0.14286,0,0
defect4j,lang,org/apache/commons/lang3/builder/IDKey,32,65,            if (!(other instanceof IDKey)) {,4,2,0,2,5,1,4,4,0,15,32,3,0.14286,0,0
defect4j,lang,org/apache/commons/lang3/builder/IDKey,32,68,            IDKey idKey = (IDKey) other;,4,0,0,1,2,0,0,4,0,8,28,4,0.14286,0,0
defect4j,lang,org/apache/commons/lang3/builder/IDKey,32,69,            if (id != idKey.id) {,6,1,0,1,3,0,0,0,0,7,21,4,0.14286,0,0
defect4j,lang,org/apache/commons/lang3/builder/IDKey,32,73,            return value == idKey.value;,6,1,0,0,0,1,0,0,0,7,28,4,0.14286,0,0
defect4j,lang,org/apache/commons/lang3/ArrayUtils,32,55,    public static final Object[] EMPTY_OBJECT_ARRAY = new Object[0];,2,0,0,2,4,3,0,4,0,9,64,2,0.14286,0,0
defect4j,lang,org/apache/commons/lang3/ArrayUtils,32,59,    public static final Class<?>[] EMPTY_CLASS_ARRAY = new Class[0];,2,0,0,2,4,3,0,4,0,9,64,2,0.14286,0,0
defect4j,lang,org/apache/commons/lang3/ArrayUtils,32,63,    public static final String[] EMPTY_STRING_ARRAY = new String[0];,2,0,0,2,4,3,0,4,0,9,64,2,0.14286,0,0
defect4j,lang,org/apache/commons/lang3/ArrayUtils,32,71,    public static final Long[] EMPTY_LONG_OBJECT_ARRAY = new Long[0];,4,0,0,2,4,4,4,4,0,17,65,1,0.14286,0,0
defect4j,lang,org/apache/commons/lang3/ArrayUtils,32,75,    public static final int[] EMPTY_INT_ARRAY = new int[0];,2,0,0,2,4,3,0,0,0,5,55,2,0.14286,0,0
defect4j,lang,org/apache/commons/lang3/ArrayUtils,32,91,    public static final byte[] EMPTY_BYTE_ARRAY = new byte[0];,4,2,0,2,4,0,10,0,0,16,58,6,0.14286,0,0
defect4j,lang,org/apache/commons/lang3/ArrayUtils,32,95,    public static final Byte[] EMPTY_BYTE_OBJECT_ARRAY = new Byte[0];,2,0,0,2,4,0,0,0,0,3,65,8,0.14286,0,0
defect4j,lang,org/apache/commons/lang3/ArrayUtils,32,99,    public static final double[] EMPTY_DOUBLE_ARRAY = new double[0];,2,0,0,2,4,3,6,0,0,12,64,1,0.14286,0,0
defect4j,lang,org/apache/commons/lang3/ArrayUtils,32,107,    public static final float[] EMPTY_FLOAT_ARRAY = new float[0];,2,0,0,2,4,3,0,0,0,5,61,2,0.14286,0,0
defect4j,lang,org/apache/commons/lang3/ArrayUtils,32,111,    public static final Float[] EMPTY_FLOAT_OBJECT_ARRAY = new Float[0];,2,0,0,2,4,3,0,4,0,9,68,2,0.14286,0,0
defect4j,lang,org/apache/commons/lang3/ArrayUtils,32,115,    public static final boolean[] EMPTY_BOOLEAN_ARRAY = new boolean[0];,2,0,0,2,4,3,0,0,0,5,67,2,0.14286,0,0
defect4j,lang,org/apache/commons/lang3/ArrayUtils,32,119,    public static final Boolean[] EMPTY_BOOLEAN_OBJECT_ARRAY = new Boolean[0];,2,0,0,2,4,3,0,4,0,9,74,2,0.14286,0,0
defect4j,lang,org/apache/commons/lang3/ArrayUtils,32,127,    public static final Character[] EMPTY_CHARACTER_OBJECT_ARRAY = new Character[0];,2,0,0,2,4,3,0,4,0,9,80,2,0.14286,0,0
defect4j,lang,org/apache/commons/lang3/ArrayUtils,32,1646,            return INDEX_NOT_FOUND;,2,0,0,0,0,1,0,0,0,2,23,6,0.14286,0,0
defect4j,lang,org/apache/commons/lang3/ArrayUtils,32,1730,"        return indexOf(array, objectToFind) != INDEX_NOT_FOUND;",6,5,0,1,2,1,16,0,0,28,55,3,0.14286,0,0
defect4j,lang,org/apache/commons/lang3/builder/HashCodeBuilder,32,359,"        HashCodeBuilder builder = new HashCodeBuilder(initialNonZeroOddNumber, multiplierNonZeroOddNumber);",6,0,0,1,2,0,0,4,0,10,99,4,0.09091,0,0
defect4j,lang,org/apache/commons/lang3/ArrayUtils,33,63,    public static final String[] EMPTY_STRING_ARRAY = new String[0];,2,0,0,2,4,3,0,4,0,9,64,2,0.025,0,0
defect4j,lang,org/apache/commons/lang3/ArrayUtils,33,67,    public static final long[] EMPTY_LONG_ARRAY = new long[0];,2,0,0,2,4,3,0,0,0,5,58,2,0.025,0,0
defect4j,lang,org/apache/commons/lang3/ArrayUtils,33,71,    public static final Long[] EMPTY_LONG_OBJECT_ARRAY = new Long[0];,2,0,0,2,4,3,0,4,0,9,65,2,0.025,0,0
defect4j,lang,org/apache/commons/lang3/ArrayUtils,33,75,    public static final int[] EMPTY_INT_ARRAY = new int[0];,2,0,0,2,4,3,0,0,0,5,55,2,0.025,0,0
defect4j,lang,org/apache/commons/lang3/ArrayUtils,33,79,    public static final Integer[] EMPTY_INTEGER_OBJECT_ARRAY = new Integer[0];,2,0,0,2,4,3,0,4,0,9,74,2,0.025,0,0
defect4j,lang,org/apache/commons/lang3/ArrayUtils,33,87,    public static final Short[] EMPTY_SHORT_OBJECT_ARRAY = new Short[0];,4,0,0,2,4,0,6,0,0,10,68,5,0.025,0,0
defect4j,lang,org/apache/commons/lang3/ArrayUtils,33,91,    public static final byte[] EMPTY_BYTE_ARRAY = new byte[0];,2,0,0,2,4,3,0,0,0,5,58,2,0.025,0,0
defect4j,lang,org/apache/commons/lang3/ArrayUtils,33,103,    public static final Double[] EMPTY_DOUBLE_OBJECT_ARRAY = new Double[0];,2,0,0,2,4,3,0,4,0,9,71,2,0.025,0,0
defect4j,lang,org/apache/commons/lang3/ArrayUtils,33,115,    public static final boolean[] EMPTY_BOOLEAN_ARRAY = new boolean[0];,4,0,0,2,4,6,0,0,0,10,67,2,0.025,0,0
defect4j,lang,org/apache/commons/lang3/ArrayUtils,33,119,    public static final Boolean[] EMPTY_BOOLEAN_OBJECT_ARRAY = new Boolean[0];,2,0,0,2,4,3,0,4,0,9,74,2,0.025,0,0
defect4j,lang,org/apache/commons/lang3/ArrayUtils,33,123,    public static final char[] EMPTY_CHAR_ARRAY = new char[0];,2,1,0,2,4,0,0,0,0,3,58,4,0.025,0,0
defect4j,lang,org/apache/commons/lang3/ArrayUtils,33,127,    public static final Character[] EMPTY_CHARACTER_OBJECT_ARRAY = new Character[0];,2,0,0,2,4,3,0,4,0,9,80,2,0.025,0,0
defect4j,lang,org/apache/commons/lang3/ClassUtils,33,58,    public static final String PACKAGE_SEPARATOR = String.valueOf(PACKAGE_SEPARATOR_CHAR);,4,0,0,1,2,6,6,2,0,18,86,2,0.0122,0,0
defect4j,lang,org/apache/commons/lang3/ClassUtils,33,68,    public static final String INNER_CLASS_SEPARATOR = String.valueOf(INNER_CLASS_SEPARATOR_CHAR);,2,0,0,1,2,3,6,2,0,13,94,2,0.0122,0,0
defect4j,lang,org/apache/commons/lang3/ClassUtils,33,73,"    private static final Map<Class<?>, Class<?>> primitiveWrapperMap = new HashMap<Class<?>, Class<?>>();",2,0,0,1,2,3,0,12,0,17,101,2,0.0122,0,0
defect4j,lang,org/apache/commons/lang3/ClassUtils,33,75,"         primitiveWrapperMap.put(Boolean.TYPE, Boolean.class);",4,0,0,1,2,0,4,2,0,10,53,5,0.0122,0,0
defect4j,lang,org/apache/commons/lang3/ClassUtils,33,76,"         primitiveWrapperMap.put(Byte.TYPE, Byte.class);",6,0,0,1,2,3,6,4,0,20,47,1,0.0122,0,0
defect4j,lang,org/apache/commons/lang3/ClassUtils,33,77,"         primitiveWrapperMap.put(Character.TYPE, Character.class);",4,0,0,1,2,0,4,2,0,10,57,5,0.0122,0,0
defect4j,lang,org/apache/commons/lang3/ClassUtils,33,78,"         primitiveWrapperMap.put(Short.TYPE, Short.class);",4,0,0,1,2,0,4,2,0,10,49,5,0.0122,0,0
defect4j,lang,org/apache/commons/lang3/ClassUtils,33,80,"         primitiveWrapperMap.put(Long.TYPE, Long.class);",6,0,0,1,2,3,6,4,0,20,47,1,0.0122,0,0
defect4j,lang,org/apache/commons/lang3/ClassUtils,33,81,"         primitiveWrapperMap.put(Double.TYPE, Double.class);",4,0,0,1,2,0,4,2,0,10,51,5,0.0122,0,0
defect4j,lang,org/apache/commons/lang3/ClassUtils,33,82,"         primitiveWrapperMap.put(Float.TYPE, Float.class);",4,0,0,1,2,0,4,2,0,10,49,5,0.0122,0,0
defect4j,lang,org/apache/commons/lang3/ClassUtils,33,83,"         primitiveWrapperMap.put(Void.TYPE, Void.TYPE);",10,0,0,1,2,3,8,2,0,24,46,1,0.0122,0,0
defect4j,lang,org/apache/commons/lang3/ClassUtils,33,89,"    private static final Map<Class<?>, Class<?>> wrapperPrimitiveMap = new HashMap<Class<?>, Class<?>>();",6,0,0,1,2,3,6,12,0,27,101,1,0.0122,0,0
defect4j,lang,org/apache/commons/lang3/ClassUtils,33,92,            Class<?> wrapperClass = primitiveWrapperMap.get(primitiveClass);,2,0,0,1,2,0,6,2,0,10,64,6,0.0122,0,0
defect4j,lang,org/apache/commons/lang3/ClassUtils,33,94,"                wrapperPrimitiveMap.put(wrapperClass, primitiveClass);",0,0,0,1,2,0,8,0,0,8,54,9,0.0122,0,0
defect4j,lang,org/apache/commons/lang3/ClassUtils,33,96,        },2,0,0,0,1,0,0,2,0,4,1,6,0.0122,0,0
defect4j,lang,org/apache/commons/lang3/ClassUtils,33,102,"    private static final Map<String, String> abbreviationMap = new HashMap<String, String>();",4,0,0,1,2,6,2,12,0,25,89,2,0.0122,0,0
defect4j,lang,org/apache/commons/lang3/ClassUtils,33,107,"    private static final Map<String, String> reverseAbbreviationMap = new HashMap<String, String>();",2,0,0,1,2,3,0,12,0,17,96,2,0.0122,0,0
defect4j,lang,org/apache/commons/lang3/ClassUtils,33,132,    },2,0,0,0,1,3,4,2,0,12,1,2,0.0122,0,0
defect4j,lang,org/apache/commons/lang3/ClassUtils,33,143,      super();,2,1,0,1,2,0,0,0,0,3,8,4,0.0,0,0
defect4j,lang,org/apache/commons/lang3/ClassUtils,33,144,    },2,0,0,0,1,3,0,4,0,10,1,2,0.0,0,0
defect4j,lang,org/apache/commons/lang3/ClassUtils,33,157,            return valueIfNull;,4,0,0,0,0,4,2,0,0,10,19,1,0.0,0,0
defect4j,lang,org/apache/commons/lang3/ClassUtils,33,159,        return getShortClassName(object.getClass());,6,2,0,2,4,4,4,4,0,20,44,1,0.0,0,0
defect4j,lang,org/apache/commons/lang3/ClassUtils,33,169,        if (cls == null) {,2,1,0,1,3,0,0,0,0,3,18,4,0.0,0,0
defect4j,lang,org/apache/commons/lang3/ClassUtils,33,170,            return StringUtils.EMPTY;,4,0,0,0,0,1,0,0,0,4,25,7,0.0,0,0
defect4j,lang,org/apache/commons/lang3/ClassUtils,33,172,        return getShortClassName(cls.getName());,6,3,0,2,4,3,20,0,0,33,40,1,0.0,0,0
defect4j,lang,org/apache/commons/lang3/ClassUtils,33,184,        if (className == null) {,4,1,0,1,3,0,0,0,0,5,24,4,0.0,0,0
defect4j,lang,org/apache/commons/lang3/ClassUtils,33,185,            return StringUtils.EMPTY;,4,0,0,0,0,1,0,0,0,4,25,7,0.0,0,0
defect4j,lang,org/apache/commons/lang3/ClassUtils,33,187,        if (className.length() == 0) {,2,1,0,2,5,3,6,0,0,13,30,1,0.0,0,0
defect4j,lang,org/apache/commons/lang3/ClassUtils,33,188,            return StringUtils.EMPTY;,4,0,0,0,0,1,0,0,0,5,25,3,0.0,0,0
defect4j,lang,org/apache/commons/lang3/ClassUtils,33,191,        StringBuilder arrayPrefix = new StringBuilder();,2,0,0,1,2,0,4,4,0,10,48,3,0.0,0,0
defect4j,lang,org/apache/commons/lang3/ClassUtils,33,194,"        if (className.startsWith(""["")) {",0,0,0,2,6,0,4,0,0,5,32,5,0.0,0,0
defect4j,lang,org/apache/commons/lang3/ClassUtils,33,195,            while (className.charAt(0) == '[') {,0,1,0,2,6,0,4,0,0,6,36,6,0.0,0,0
defect4j,lang,org/apache/commons/lang3/ClassUtils,33,206,            className = reverseAbbreviationMap.get(className);,6,1,0,1,2,0,10,0,0,19,50,6,0.0,0,0
defect4j,lang,org/apache/commons/lang3/ClassUtils,33,210,        int innerIdx = className.indexOf(,2,1,0,0,1,0,0,0,0,3,33,4,0.0,0,0
defect4j,lang,org/apache/commons/lang3/ClassUtils,33,214,"            out = out.replace(INNER_CLASS_SEPARATOR_CHAR, PACKAGE_SEPARATOR_CHAR);",2,0,0,1,2,0,8,0,0,11,70,6,0.0,0,0
defect4j,lang,org/apache/commons/lang3/ClassUtils,33,229,        if (object == null) {,4,2,0,1,3,0,0,0,0,6,21,4,0.0,0,0
defect4j,lang,org/apache/commons/lang3/ClassUtils,33,230,            return valueIfNull;,2,0,0,0,0,1,0,0,0,2,19,6,0.0,0,0
defect4j,lang,org/apache/commons/lang3/ClassUtils,33,232,        return getPackageName(object.getClass());,0,0,0,2,4,1,6,0,0,6,41,5,0.0,0,0
defect4j,lang,org/apache/commons/lang3/ClassUtils,33,242,        if (cls == null) {,8,1,1,1,3,0,0,6,0,20,18,3,0.0,0,0
defect4j,lang,org/apache/commons/lang3/ClassUtils,33,243,            return StringUtils.EMPTY;,0,0,0,0,0,1,0,2,0,4,25,6,0.0,0,0
defect4j,lang,org/apache/commons/lang3/ClassUtils,33,259,            return StringUtils.EMPTY;,4,0,0,0,0,1,0,0,0,4,25,7,0.0,0,0
defect4j,lang,org/apache/commons/lang3/ClassUtils,33,264,            className = className.substring(1);,2,0,0,1,2,0,4,0,0,7,35,6,0.0,0,0
defect4j,lang,org/apache/commons/lang3/ClassUtils,33,268,            className = className.substring(1);,2,0,0,1,2,0,0,0,0,3,35,9,0.0,0,0
defect4j,lang,org/apache/commons/lang3/ClassUtils,33,272,        if (i == -1) {,2,1,0,1,3,0,0,0,0,4,14,4,0.0,0,0
defect4j,lang,org/apache/commons/lang3/ClassUtils,33,273,            return StringUtils.EMPTY;,4,1,0,0,0,1,0,2,0,10,25,0,0.0,0,0
defect4j,lang,org/apache/commons/lang3/ClassUtils,33,289,            return null;,2,0,0,0,0,1,8,0,0,11,12,5,0.0,0,0
defect4j,lang,org/apache/commons/lang3/ClassUtils,33,293,        while (superclass != null) {,2,1,0,1,3,0,0,0,0,3,28,4,0.0,0,0
defect4j,lang,org/apache/commons/lang3/ClassUtils,33,297,        return classes;,2,0,0,0,0,1,0,0,0,2,15,4,0.0,0,0
defect4j,lang,org/apache/commons/lang3/ClassUtils,33,314,        if (cls == null) {,4,1,0,1,3,0,0,0,0,5,18,3,0.0,0,0
defect4j,lang,org/apache/commons/lang3/ClassUtils,33,318,        LinkedHashSet<Class<?>> interfacesFound = new LinkedHashSet<Class<?>>();,2,0,0,1,2,0,0,0,0,2,72,4,0.0,0,0
defect4j,lang,org/apache/commons/lang3/ClassUtils,33,321,        return new ArrayList<Class<?>>(interfacesFound);,4,0,0,1,2,1,0,4,0,8,48,3,0.0,0,0
defect4j,lang,org/apache/commons/lang3/ClassUtils,33,331,        while (cls != null) {,6,2,0,1,3,0,0,0,0,8,21,0,0.0,0,0
defect4j,lang,org/apache/commons/lang3/ClassUtils,33,334,            for (Class<?> i : interfaces) {,2,0,0,1,3,3,2,2,0,10,31,2,0.0,0,0
defect4j,lang,org/apache/commons/lang3/ClassUtils,33,335,                if (interfacesFound.add(i)) {,0,0,0,2,5,0,6,0,0,6,29,9,0.0,0,0
defect4j,lang,org/apache/commons/lang3/ClassUtils,33,336,"                    getAllInterfaces(i, interfacesFound);",0,0,0,1,2,0,6,0,0,6,37,11,0.0,0,0
defect4j,lang,org/apache/commons/lang3/ClassUtils,33,340,            cls = cls.getSuperclass();,2,0,0,1,2,0,8,0,0,12,26,0,0.0,0,0
defect4j,lang,org/apache/commons/lang3/ClassUtils,33,342,     },0,0,0,0,1,0,4,0,0,5,1,11,0.0,0,0
defect4j,lang,org/apache/commons/lang3/ClassUtils,33,362,        List<Class<?>> classes = new ArrayList<Class<?>>(classNames.size());,4,2,0,2,4,0,8,0,0,15,68,8,0.0,0,0
defect4j,lang,org/apache/commons/lang3/ClassUtils,33,366,            } catch (Exception ex) {,2,0,0,1,4,0,0,2,0,4,24,8,0.0,0,0
defect4j,lang,org/apache/commons/lang3/ClassUtils,33,367,                classes.add(null);,2,1,0,1,2,0,4,0,0,8,18,3,0.0,0,0
defect4j,lang,org/apache/commons/lang3/ClassUtils,33,370,        return classes;,6,5,0,0,0,1,0,0,0,11,15,4,0.0,0,0
defect4j,lang,org/apache/commons/lang3/ClassUtils,33,389,        List<String> classNames = new ArrayList<String>(classes.size());,0,0,0,2,4,0,10,0,0,10,64,3,0.0,0,0
defect4j,lang,org/apache/commons/lang3/ClassUtils,33,390,        for (Class<?> cls : classes) {,4,0,0,1,3,0,0,2,0,6,30,4,0.0,0,0
defect4j,lang,org/apache/commons/lang3/ClassUtils,33,391,            if (cls == null) {,2,1,0,1,3,0,0,0,0,3,18,6,0.0,0,0
defect4j,lang,org/apache/commons/lang3/ClassUtils,33,397,        return classNames;,4,1,0,0,0,1,0,0,0,6,18,3,0.0,0,0
defect4j,lang,org/apache/commons/lang3/ClassUtils,33,439,"        return isAssignable(classArray, toClassArray, SystemUtils.isJavaVersionAtLeast(1.5f));",0,0,0,2,4,1,4,0,0,5,86,11,0.0,0,0
defect4j,lang,org/apache/commons/lang3/ClassUtils,33,475,"        if (ArrayUtils.isSameLength(classArray, toClassArray) == false) {",0,1,0,2,5,0,4,0,0,6,65,8,0.0,0,0
defect4j,lang,org/apache/commons/lang3/ClassUtils,33,478,        if (classArray == null) {,0,0,0,1,3,0,12,0,0,12,25,3,0.0,0,0
defect4j,lang,org/apache/commons/lang3/ClassUtils,33,479,            classArray = ArrayUtils.EMPTY_CLASS_ARRAY;,6,0,0,0,0,0,0,0,0,7,42,6,0.0,0,0
defect4j,lang,org/apache/commons/lang3/ClassUtils,33,481,        if (toClassArray == null) {,8,1,0,1,3,0,4,0,0,14,27,3,0.0,0,0
defect4j,lang,org/apache/commons/lang3/ClassUtils,33,485,"            if (isAssignable(classArray[i], toClassArray[i], autoboxing) == false) {",2,0,0,4,9,3,2,0,0,8,72,2,0.0,0,0
defect4j,lang,org/apache/commons/lang3/ClassUtils,33,486,                return false;,2,2,0,0,0,2,8,0,0,13,13,4,0.0,0,0
defect4j,lang,org/apache/commons/lang3/ClassUtils,33,489,        return true;,2,4,0,0,0,1,12,0,0,18,12,4,0.0,0,0
defect4j,lang,org/apache/commons/lang3/ClassUtils,33,524,"        return isAssignable(cls, toClass, SystemUtils.isJavaVersionAtLeast(1.5f));",2,0,0,2,4,4,14,2,0,21,74,1,0.0,0,0
defect4j,lang,org/apache/commons/lang3/ClassUtils,33,555,        if (toClass == null) {,12,0,0,1,3,0,0,0,0,12,22,8,0.0,0,0
defect4j,lang,org/apache/commons/lang3/ClassUtils,33,560,            return !(toClass.isPrimitive());,0,0,0,2,4,1,4,0,0,5,32,6,0.0,0,0
defect4j,lang,org/apache/commons/lang3/ClassUtils,33,563,        if (autoboxing) {,4,0,0,1,3,0,0,0,0,4,17,4,0.0,0,0
defect4j,lang,org/apache/commons/lang3/ClassUtils,33,564,            if (cls.isPrimitive() && !toClass.isPrimitive()) {,2,0,1,3,7,0,0,0,0,4,50,5,0.0,0,0
defect4j,lang,org/apache/commons/lang3/ClassUtils,33,566,                if (cls == null) {,2,0,1,1,3,0,0,0,0,5,18,6,0.0,0,0
defect4j,lang,org/apache/commons/lang3/ClassUtils,33,570,            if (toClass.isPrimitive() && !cls.isPrimitive()) {,2,1,0,3,7,0,10,0,0,14,50,3,0.0,0,0
defect4j,lang,org/apache/commons/lang3/ClassUtils,33,571,                cls = wrapperToPrimitive(cls);,6,1,0,1,2,0,0,0,0,7,30,3,0.0,0,0
defect4j,lang,org/apache/commons/lang3/ClassUtils,33,572,                if (cls == null) {,2,0,0,1,3,0,0,0,0,2,18,4,0.0,0,0
defect4j,lang,org/apache/commons/lang3/ClassUtils,33,573,                    return false;,0,0,0,0,0,1,6,0,0,7,13,3,0.0,0,0
defect4j,lang,org/apache/commons/lang3/ClassUtils,33,580,        if (cls.isPrimitive()) {,2,2,0,2,5,0,0,0,0,4,24,8,0.0,0,0
defect4j,lang,org/apache/commons/lang3/ClassUtils,33,581,            if (toClass.isPrimitive() == false) {,0,2,0,2,5,0,14,0,0,17,37,4,0.0,0,0
defect4j,lang,org/apache/commons/lang3/ClassUtils,33,584,            if (Integer.TYPE.equals(cls)) {,4,0,0,2,5,0,4,0,0,8,31,7,0.0,0,0
defect4j,lang,org/apache/commons/lang3/ClassUtils,33,589,            if (Long.TYPE.equals(cls)) {,4,0,0,2,5,0,4,0,0,8,28,7,0.0,0,0
defect4j,lang,org/apache/commons/lang3/ClassUtils,33,590,                return Float.TYPE.equals(toClass),4,2,0,1,2,1,8,0,0,15,33,3,0.0,0,0
defect4j,lang,org/apache/commons/lang3/ClassUtils,33,596,            if (Double.TYPE.equals(cls)) {,2,0,0,2,5,0,4,0,0,6,30,3,0.0,0,0
defect4j,lang,org/apache/commons/lang3/ClassUtils,33,599,            if (Float.TYPE.equals(cls)) {,4,0,0,2,5,0,4,0,0,8,29,7,0.0,0,0
defect4j,lang,org/apache/commons/lang3/ClassUtils,33,600,                return Double.TYPE.equals(toClass);,4,0,0,1,2,1,4,0,0,8,35,9,0.0,0,0
defect4j,lang,org/apache/commons/lang3/ClassUtils,33,603,                return Integer.TYPE.equals(toClass),4,0,0,1,2,1,4,0,0,8,35,12,0.0,0,0
defect4j,lang,org/apache/commons/lang3/ClassUtils,33,608,            if (Short.TYPE.equals(cls)) {,4,0,0,2,5,0,4,0,0,8,29,7,0.0,0,0
defect4j,lang,org/apache/commons/lang3/ClassUtils,33,609,                return Integer.TYPE.equals(toClass),4,0,0,1,2,1,4,0,0,9,35,5,0.0,0,0
defect4j,lang,org/apache/commons/lang3/ClassUtils,33,614,            if (Byte.TYPE.equals(cls)) {,4,0,0,2,5,0,4,0,0,8,28,7,0.0,0,0
defect4j,lang,org/apache/commons/lang3/ClassUtils,33,615,                return Short.TYPE.equals(toClass),4,0,0,1,2,1,4,0,0,8,33,13,0.0,0,0
defect4j,lang,org/apache/commons/lang3/ClassUtils,33,640,        Class<?> convertedClass = cls;,4,0,0,0,0,0,0,2,0,6,30,4,0.0,0,0
defect4j,lang,org/apache/commons/lang3/ClassUtils,33,644,        return convertedClass;,4,0,0,0,0,1,0,2,0,6,22,3,0.0,0,0
defect4j,lang,org/apache/commons/lang3/ClassUtils,33,662,        if (classes.length == 0) {,4,1,0,1,3,0,0,0,0,5,26,4,0.0,0,0
defect4j,lang,org/apache/commons/lang3/ClassUtils,33,663,            return classes;,4,0,0,0,0,1,22,0,0,26,15,3,0.0,0,0
defect4j,lang,org/apache/commons/lang3/ClassUtils,33,666,        Class<?>[] convertedClasses = new Class[classes.length];,6,0,0,2,4,0,0,4,0,10,56,4,0.0,0,0
defect4j,lang,org/apache/commons/lang3/ClassUtils,33,667,        for (int i = 0; i < classes.length; i++) {,10,1,0,1,3,0,10,0,0,23,42,4,0.0,0,0
defect4j,lang,org/apache/commons/lang3/ClassUtils,33,668,            convertedClasses[i] = primitiveToWrapper(classes[i]);,8,3,1,3,6,0,2,0,0,23,53,5,0.0,0,0
defect4j,lang,org/apache/commons/lang3/ClassUtils,33,670,        return convertedClasses;,2,0,0,0,0,1,0,0,0,2,24,4,0.0,0,0
defect4j,lang,org/apache/commons/lang3/ClassUtils,33,690,        return wrapperPrimitiveMap.get(cls);,4,0,0,1,2,4,14,0,0,26,36,1,0.0,0,0
defect4j,lang,org/apache/commons/lang3/ClassUtils,33,708,        if (classes == null) {,2,1,0,1,3,0,2,0,0,7,22,1,0.0,0,0
defect4j,lang,org/apache/commons/lang3/ClassUtils,33,712,        if (classes.length == 0) {,4,1,0,1,3,0,0,0,0,5,26,4,0.0,0,0
defect4j,lang,org/apache/commons/lang3/ClassUtils,33,713,            return classes;,2,0,0,0,0,1,0,0,0,2,15,6,0.0,0,0
defect4j,lang,org/apache/commons/lang3/ClassUtils,33,716,        Class<?>[] convertedClasses = new Class[classes.length];,6,0,0,2,4,0,0,4,0,10,56,4,0.0,0,0
defect4j,lang,org/apache/commons/lang3/ClassUtils,33,717,        for (int i = 0; i < classes.length; i++) {,8,1,0,1,3,0,0,0,0,10,42,4,0.0,0,0
defect4j,lang,org/apache/commons/lang3/ClassUtils,33,718,            convertedClasses[i] = wrapperToPrimitive(classes[i]);,0,0,1,3,6,0,2,0,0,11,53,6,0.0,0,0
defect4j,lang,org/apache/commons/lang3/ClassUtils,33,720,        return convertedClasses;,6,3,0,0,0,1,0,0,0,9,24,3,0.0,0,0
defect4j,lang,org/apache/commons/lang3/ClassUtils,33,733,        if (cls == null) {,2,1,0,1,3,0,0,0,0,3,18,4,0.0,0,0
defect4j,lang,org/apache/commons/lang3/ClassUtils,33,736,        return cls.getName().indexOf(INNER_CLASS_SEPARATOR_CHAR) >= 0;,6,3,0,2,4,1,16,0,0,26,62,3,0.0,0,0
defect4j,lang,org/apache/commons/lang3/ClassUtils,33,756,"            String clsName = ""["" + abbreviationMap.get(className);",2,1,0,1,3,0,6,2,0,12,54,6,0.0,0,0
defect4j,lang,org/apache/commons/lang3/ClassUtils,33,757,"            clazz = Class.forName(clsName, initialize, classLoader).getComponentType();",6,3,0,2,4,0,12,0,0,22,75,4,0.0,0,0
defect4j,lang,org/apache/commons/lang3/ClassUtils,33,759,"            clazz = Class.forName(toCanonicalName(className), initialize, classLoader);",2,0,0,2,4,0,12,0,0,15,75,6,0.0,0,0
defect4j,lang,org/apache/commons/lang3/ClassUtils,33,761,        return clazz;,2,0,0,0,0,1,0,0,0,2,13,4,0.0,0,0
defect4j,lang,org/apache/commons/lang3/ClassUtils,33,790,"        return getClass(className, true);",0,0,0,1,2,1,8,0,0,10,33,1,0.0,0,0
defect4j,lang,org/apache/commons/lang3/ClassUtils,33,805,        ClassLoader contextCL = Thread.currentThread().getContextClassLoader();,2,0,0,2,4,0,6,2,0,10,71,4,0.0,0,0
defect4j,lang,org/apache/commons/lang3/ClassUtils,33,836,"        Method declaredMethod = cls.getMethod(methodName, parameterTypes);",2,0,0,1,2,0,8,2,0,12,66,4,0.0,0,0
defect4j,lang,org/apache/commons/lang3/ClassUtils,33,837,        if (Modifier.isPublic(declaredMethod.getDeclaringClass().getModifiers())) {,0,0,0,4,9,0,10,0,0,10,75,5,0.0,0,0
defect4j,lang,org/apache/commons/lang3/ClassUtils,33,838,            return declaredMethod;,2,0,0,0,0,1,0,0,0,2,22,6,0.0,0,0
defect4j,lang,org/apache/commons/lang3/ClassUtils,33,841,        List<Class<?>> candidateClasses = new ArrayList<Class<?>>();,2,0,0,1,2,0,0,8,0,10,60,4,0.0,0,0
defect4j,lang,org/apache/commons/lang3/ClassUtils,33,842,        candidateClasses.addAll(getAllInterfaces(cls));,0,0,0,2,4,0,8,0,0,8,47,5,0.0,0,0
defect4j,lang,org/apache/commons/lang3/ClassUtils,33,843,        candidateClasses.addAll(getAllSuperclasses(cls));,4,1,0,2,4,0,18,0,0,23,49,3,0.0,0,0
defect4j,lang,org/apache/commons/lang3/ClassUtils,33,845,        for (Class<?> candidateClass : candidateClasses) {,4,0,0,1,3,0,0,2,0,6,50,4,0.0,0,0
defect4j,lang,org/apache/commons/lang3/ClassUtils,33,846,            if (!Modifier.isPublic(candidateClass.getModifiers())) {,0,0,0,3,7,0,8,0,0,9,56,6,0.0,0,0
defect4j,lang,org/apache/commons/lang3/ClassUtils,33,847,                continue;,4,1,0,0,0,0,0,0,0,5,9,4,0.0,0,0
defect4j,lang,org/apache/commons/lang3/ClassUtils,33,851,"                candidateMethod = candidateClass.getMethod(methodName, parameterTypes);",2,0,0,1,2,0,8,0,0,11,71,8,0.0,0,0
defect4j,lang,org/apache/commons/lang3/ClassUtils,33,852,            } catch (NoSuchMethodException ex) {,2,0,0,1,4,0,0,2,0,4,36,8,0.0,0,0
defect4j,lang,org/apache/commons/lang3/ClassUtils,33,855,            if (Modifier.isPublic(candidateMethod.getDeclaringClass().getModifiers())) {,0,0,0,4,9,0,10,0,0,10,76,7,0.0,0,0
defect4j,lang,org/apache/commons/lang3/ClassUtils,33,858,        },2,0,0,0,1,0,0,0,0,2,1,6,0.0,0,0
defect4j,lang,org/apache/commons/lang3/ClassUtils,33,860,"        throw new NoSuchMethodException(""Can't find a public method for "" +",0,1,0,0,1,0,0,2,0,4,67,5,0.0,0,0
defect4j,lang,org/apache/commons/lang3/ClassUtils,33,872,        className = StringUtils.deleteWhitespace(className);,2,0,0,1,2,0,6,0,0,9,52,4,0.0,0,0
defect4j,lang,org/apache/commons/lang3/ClassUtils,33,875,"        } else if (className.endsWith(""[]"")) {",0,0,0,3,8,0,4,0,0,5,38,6,0.0,0,0
defect4j,lang,org/apache/commons/lang3/ClassUtils,33,876,            StringBuilder classNameBuffer = new StringBuilder();,2,0,0,1,2,0,0,4,0,6,52,7,0.0,0,0
defect4j,lang,org/apache/commons/lang3/ClassUtils,33,877,"            while (className.endsWith(""[]"")) {",4,1,0,3,7,0,4,0,0,11,34,3,0.0,0,0
defect4j,lang,org/apache/commons/lang3/ClassUtils,33,878,"                className = className.substring(0, className.length() - 2);",2,1,1,2,4,0,12,0,0,25,59,3,0.0,0,0
defect4j,lang,org/apache/commons/lang3/ClassUtils,33,879,"                classNameBuffer.append(""["");",0,0,0,1,3,0,4,0,0,5,28,10,0.0,0,0
defect4j,lang,org/apache/commons/lang3/ClassUtils,33,881,            String abbreviation = abbreviationMap.get(className);,6,1,0,1,2,0,6,2,0,15,53,3,0.0,0,0
defect4j,lang,org/apache/commons/lang3/ClassUtils,33,882,            if (abbreviation != null) {,10,1,0,1,3,0,2,0,0,14,27,4,0.0,0,0
defect4j,lang,org/apache/commons/lang3/ClassUtils,33,883,                classNameBuffer.append(abbreviation);,0,0,0,1,2,0,6,0,0,6,37,10,0.0,0,0
defect4j,lang,org/apache/commons/lang3/ClassUtils,33,885,"                classNameBuffer.append(""L"").append(className).append("";"");",0,0,0,3,6,0,10,0,0,12,58,10,0.0,0,0
defect4j,lang,org/apache/commons/lang3/ClassUtils,33,889,        return className;,2,0,0,0,0,1,0,0,0,2,17,4,0.0,0,0
defect4j,lang,org/apache/commons/lang3/ClassUtils,33,903,        if (array == null) {,2,1,0,1,3,0,0,0,0,3,20,4,0.0,0,0
defect4j,lang,org/apache/commons/lang3/ClassUtils,33,905,        } else if (array.length == 0) {,10,3,0,1,4,0,4,0,0,17,31,3,0.0,0,0
defect4j,lang,org/apache/commons/lang3/ClassUtils,33,906,            return ArrayUtils.EMPTY_CLASS_ARRAY;,6,0,0,0,0,1,8,0,0,14,36,4,0.0,0,0
defect4j,lang,org/apache/commons/lang3/ClassUtils,33,910,            classes[i] = array[i].getClass();,4,0,1,3,6,0,2,2,0,17,33,1,0.0,1,0
defect4j,lang,org/apache/commons/lang3/ClassUtils,33,926,        if (object == null) {,2,1,0,1,3,0,0,0,0,3,21,4,0.0,0,0
defect4j,lang,org/apache/commons/lang3/ClassUtils,33,929,        return getShortCanonicalName(object.getClass().getName());,8,4,0,3,6,2,20,2,0,35,58,1,0.0,0,0
defect4j,lang,org/apache/commons/lang3/ClassUtils,33,941,            return StringUtils.EMPTY;,4,0,0,0,0,1,0,0,0,4,25,7,0.0,0,0
defect4j,lang,org/apache/commons/lang3/ArrayUtils,37,2505,            result[i] = (b == null ? valueForNull : b.shortValue());,14,2,1,3,6,0,4,0,0,26,56,4,0.0,0,0
defect4j,lang,org/apache/commons/lang3/ArrayUtils,37,2521,        } else if (array.length == 0) {,4,0,1,1,4,0,4,0,0,13,31,3,0.0,0,0
defect4j,lang,org/apache/commons/lang3/ArrayUtils,37,2522,            return EMPTY_SHORT_OBJECT_ARRAY;,2,0,0,0,0,1,0,0,0,2,32,7,0.0,0,0
defect4j,lang,org/apache/commons/lang3/ArrayUtils,37,2525,        for (int i = 0; i < array.length; i++) {,10,1,0,1,3,0,8,0,0,20,40,3,0.0,0,0
defect4j,lang,org/apache/commons/lang3/ArrayUtils,37,2526,            result[i] = Short.valueOf(array[i]);,0,0,0,3,6,0,6,0,0,6,36,6,0.0,0,0
defect4j,lang,org/apache/commons/lang3/ArrayUtils,37,2528,        return result;,2,0,0,0,0,1,0,0,0,2,14,4,0.0,0,0
defect4j,lang,org/apache/commons/lang3/ArrayUtils,37,2544,            return null;,10,4,0,0,0,1,0,0,0,14,12,4,0.0,0,0
defect4j,lang,org/apache/commons/lang3/ArrayUtils,37,2545,        } else if (array.length == 0) {,4,1,0,1,4,0,0,0,0,5,31,5,0.0,0,0
defect4j,lang,org/apache/commons/lang3/ArrayUtils,37,2548,        final byte[] result = new byte[array.length];,6,0,0,2,4,1,0,0,0,7,45,4,0.0,0,0
defect4j,lang,org/apache/commons/lang3/ArrayUtils,37,2549,        for (int i = 0; i < array.length; i++) {,12,1,0,1,3,0,0,0,0,14,40,3,0.0,0,0
defect4j,lang,org/apache/commons/lang3/ArrayUtils,37,2550,            result[i] = array[i].byteValue();,4,1,1,3,6,0,2,0,0,16,33,3,0.0,0,0
defect4j,lang,org/apache/commons/lang3/ArrayUtils,37,2567,        } else if (array.length == 0) {,4,1,0,1,4,0,0,0,0,5,31,5,0.0,0,0
defect4j,lang,org/apache/commons/lang3/ArrayUtils,37,2568,            return EMPTY_BYTE_ARRAY;,14,1,0,0,0,1,0,0,0,16,24,3,0.0,0,0
defect4j,lang,org/apache/commons/lang3/ArrayUtils,37,2570,        final byte[] result = new byte[array.length];,14,2,0,2,4,1,0,0,0,18,45,3,0.0,0,0
defect4j,lang,org/apache/commons/lang3/ArrayUtils,37,2573,            result[i] = (b == null ? valueForNull : b.byteValue());,6,1,0,3,6,0,0,0,0,7,55,5,0.0,0,0
defect4j,lang,org/apache/commons/lang3/ArrayUtils,37,2575,        return result;,2,0,0,0,0,1,0,0,0,2,14,4,0.0,0,0
defect4j,lang,org/apache/commons/lang3/ArrayUtils,37,2589,        } else if (array.length == 0) {,6,1,0,1,4,0,4,2,0,13,31,3,0.0,0,0
defect4j,lang,org/apache/commons/lang3/ArrayUtils,37,2592,        final Byte[] result = new Byte[array.length];,6,0,0,2,4,1,0,4,0,11,45,4,0.0,0,0
defect4j,lang,org/apache/commons/lang3/ArrayUtils,37,2593,        for (int i = 0; i < array.length; i++) {,12,2,0,1,3,0,2,0,0,17,40,3,0.0,0,0
defect4j,lang,org/apache/commons/lang3/ArrayUtils,37,2611,        if (array == null) {,14,4,0,1,3,0,0,0,0,19,20,3,0.0,0,0
defect4j,lang,org/apache/commons/lang3/ArrayUtils,37,2616,        final double[] result = new double[array.length];,10,0,0,2,4,1,0,0,0,11,49,3,0.0,0,0
defect4j,lang,org/apache/commons/lang3/ArrayUtils,37,2620,        return result;,2,0,0,0,0,1,0,0,0,2,14,4,0.0,0,0
defect4j,lang,org/apache/commons/lang3/ArrayUtils,37,2633,        if (array == null) {,2,1,0,1,3,0,0,0,0,3,20,4,0.0,0,0
defect4j,lang,org/apache/commons/lang3/ArrayUtils,37,2635,        } else if (array.length == 0) {,4,1,0,1,4,0,0,0,0,5,31,5,0.0,0,0
defect4j,lang,org/apache/commons/lang3/ArrayUtils,37,2636,            return EMPTY_DOUBLE_ARRAY;,2,0,0,0,0,1,0,0,0,2,26,7,0.0,0,0
defect4j,lang,org/apache/commons/lang3/ArrayUtils,37,2638,        final double[] result = new double[array.length];,14,1,0,2,4,1,0,0,0,17,49,3,0.0,0,0
defect4j,lang,org/apache/commons/lang3/ArrayUtils,37,2639,        for (int i = 0; i < array.length; i++) {,24,5,0,1,3,0,0,0,0,30,40,4,0.0,0,0
defect4j,lang,org/apache/commons/lang3/ArrayUtils,37,2640,            Double b = array[i];,4,0,1,1,2,0,6,2,0,16,20,3,0.0,0,0
defect4j,lang,org/apache/commons/lang3/ArrayUtils,37,2641,            result[i] = (b == null ? valueForNull : b.doubleValue());,4,1,1,3,6,0,4,0,0,14,57,6,0.0,0,0
defect4j,lang,org/apache/commons/lang3/ArrayUtils,37,2643,        return result;,2,1,0,0,0,1,0,0,0,3,14,4,0.0,0,0
defect4j,lang,org/apache/commons/lang3/ArrayUtils,37,2655,        if (array == null) {,2,1,0,1,3,0,0,0,0,3,20,4,0.0,0,0
defect4j,lang,org/apache/commons/lang3/ArrayUtils,37,2657,        } else if (array.length == 0) {,4,1,0,1,4,0,0,0,0,5,31,5,0.0,0,0
defect4j,lang,org/apache/commons/lang3/ArrayUtils,37,2658,            return EMPTY_DOUBLE_OBJECT_ARRAY;,2,0,0,0,0,1,0,0,0,2,33,7,0.0,0,0
defect4j,lang,org/apache/commons/lang3/ArrayUtils,37,2661,        for (int i = 0; i < array.length; i++) {,10,1,0,1,3,0,0,0,0,12,40,4,0.0,0,0
defect4j,lang,org/apache/commons/lang3/ArrayUtils,37,2664,        return result;,6,0,0,0,0,1,0,0,0,6,14,3,0.0,0,0
defect4j,lang,org/apache/commons/lang3/ArrayUtils,37,2679,        if (array == null) {,2,1,0,1,3,0,0,0,0,3,20,4,0.0,0,0
defect4j,lang,org/apache/commons/lang3/ArrayUtils,37,2681,        } else if (array.length == 0) {,4,1,0,1,4,0,0,0,0,5,31,5,0.0,0,0
defect4j,lang,org/apache/commons/lang3/ArrayUtils,37,2682,            return EMPTY_FLOAT_ARRAY;,4,0,0,0,0,1,0,0,0,5,25,4,0.0,0,0
defect4j,lang,org/apache/commons/lang3/ArrayUtils,37,2685,        for (int i = 0; i < array.length; i++) {,10,1,0,1,3,0,0,0,0,12,40,4,0.0,0,0
defect4j,lang,org/apache/commons/lang3/ArrayUtils,37,2686,            result[i] = array[i].floatValue();,4,1,1,3,6,0,2,0,0,16,34,3,0.0,0,0
defect4j,lang,org/apache/commons/lang3/ArrayUtils,37,2688,        return result;,2,0,0,0,0,1,0,0,0,2,14,4,0.0,0,0
defect4j,lang,org/apache/commons/lang3/ArrayUtils,37,2701,        if (array == null) {,2,1,0,1,3,0,0,0,0,3,20,4,0.0,0,0
defect4j,lang,org/apache/commons/lang3/ArrayUtils,37,2703,        } else if (array.length == 0) {,6,1,0,1,4,0,4,0,0,11,31,3,0.0,0,0
defect4j,lang,org/apache/commons/lang3/ArrayUtils,37,2704,            return EMPTY_FLOAT_ARRAY;,12,2,0,0,0,1,10,0,0,25,25,3,0.0,0,0
defect4j,lang,org/apache/commons/lang3/ArrayUtils,37,2706,        final float[] result = new float[array.length];,10,0,0,2,4,1,6,0,0,17,47,3,0.0,0,0
defect4j,lang,org/apache/commons/lang3/ArrayUtils,37,2707,        for (int i = 0; i < array.length; i++) {,10,1,0,1,3,0,0,0,0,12,40,4,0.0,0,0
defect4j,lang,org/apache/commons/lang3/ArrayUtils,37,2709,            result[i] = (b == null ? valueForNull : b.floatValue());,4,1,1,3,6,0,4,0,0,14,56,6,0.0,0,0
defect4j,lang,org/apache/commons/lang3/ArrayUtils,37,2711,        return result;,4,1,1,0,0,1,0,0,0,9,14,3,0.0,0,0
defect4j,lang,org/apache/commons/lang3/ArrayUtils,37,2725,        } else if (array.length == 0) {,4,1,0,1,4,0,0,0,0,5,31,5,0.0,0,0
defect4j,lang,org/apache/commons/lang3/ArrayUtils,37,2726,            return EMPTY_FLOAT_OBJECT_ARRAY;,2,0,0,0,0,1,0,0,0,2,32,7,0.0,0,0
defect4j,lang,org/apache/commons/lang3/ArrayUtils,37,2730,            result[i] = Float.valueOf(array[i]);,2,0,1,3,6,1,10,0,0,22,36,3,0.0,0,0
defect4j,lang,org/apache/commons/lang3/ArrayUtils,37,2732,        return result;,2,0,0,0,0,1,0,0,0,2,14,4,0.0,0,0
defect4j,lang,org/apache/commons/lang3/ArrayUtils,37,2747,        if (array == null) {,10,2,0,1,3,0,0,0,0,13,20,3,0.0,0,0
defect4j,lang,org/apache/commons/lang3/ArrayUtils,37,2749,        } else if (array.length == 0) {,4,1,0,1,4,0,0,0,0,5,31,5,0.0,0,0
defect4j,lang,org/apache/commons/lang3/ArrayUtils,37,2750,            return EMPTY_BOOLEAN_ARRAY;,2,0,0,0,0,1,0,0,0,2,27,7,0.0,0,0
defect4j,lang,org/apache/commons/lang3/ArrayUtils,37,2752,        final boolean[] result = new boolean[array.length];,6,0,0,2,4,1,0,0,0,7,51,4,0.0,0,0
defect4j,lang,org/apache/commons/lang3/ArrayUtils,37,2753,        for (int i = 0; i < array.length; i++) {,18,2,0,1,3,0,0,0,0,21,40,3,0.0,0,0
defect4j,lang,org/apache/commons/lang3/ArrayUtils,37,2756,        return result;,2,0,0,0,0,1,0,0,0,2,14,4,0.0,0,0
defect4j,lang,org/apache/commons/lang3/ArrayUtils,37,2769,        if (array == null) {,4,2,0,1,3,0,0,0,0,6,20,4,0.0,0,0
defect4j,lang,org/apache/commons/lang3/ArrayUtils,37,2770,            return null;,0,1,0,0,0,1,4,0,0,5,12,4,0.0,0,0
defect4j,lang,org/apache/commons/lang3/ArrayUtils,37,2771,        } else if (array.length == 0) {,20,3,0,1,4,0,0,0,0,24,31,3,0.0,0,0
defect4j,lang,org/apache/commons/lang3/ArrayUtils,37,2774,        final boolean[] result = new boolean[array.length];,4,0,0,2,4,0,0,0,0,4,51,7,0.0,0,0
defect4j,lang,org/apache/commons/lang3/ArrayUtils,37,2775,        for (int i = 0; i < array.length; i++) {,10,1,0,1,3,0,4,0,0,17,40,1,0.0,0,0
defect4j,lang,org/apache/commons/lang3/ArrayUtils,37,2776,            Boolean b = array[i];,2,0,1,1,2,0,0,2,0,8,21,6,0.0,0,0
defect4j,lang,org/apache/commons/lang3/ArrayUtils,37,2791,        if (array == null) {,2,1,0,1,3,0,0,0,0,3,20,4,0.0,0,0
defect4j,lang,org/apache/commons/lang3/ArrayUtils,37,2793,        } else if (array.length == 0) {,4,1,0,1,4,0,6,0,0,11,31,3,0.0,0,0
defect4j,lang,org/apache/commons/lang3/ArrayUtils,37,2796,        final Boolean[] result = new Boolean[array.length];,6,0,0,2,4,1,0,4,0,11,51,4,0.0,0,0
defect4j,lang,org/apache/commons/lang3/ArrayUtils,37,2797,        for (int i = 0; i < array.length; i++) {,10,1,0,1,3,0,0,0,0,12,40,4,0.0,0,0
defect4j,lang,org/apache/commons/lang3/ArrayUtils,37,2800,        return result;,2,0,0,0,0,1,0,0,0,2,14,4,0.0,0,0
defect4j,lang,org/apache/commons/lang3/ArrayUtils,37,2812,        if (array == null || array.length == 0) {,6,3,0,1,3,0,0,0,0,9,41,4,0.0,0,0
defect4j,lang,org/apache/commons/lang3/ArrayUtils,37,2813,            return true;,2,0,0,0,0,1,0,0,0,3,12,3,0.0,0,0
defect4j,lang,org/apache/commons/lang3/ArrayUtils,37,2815,        return false;,2,1,1,0,0,1,0,0,0,8,13,3,0.0,0,0
defect4j,lang,org/apache/commons/lang3/ArrayUtils,37,2840,        if (array == null || array.length == 0) {,6,3,0,1,3,0,0,0,0,9,41,4,0.0,0,0
defect4j,lang,org/apache/commons/lang3/ArrayUtils,37,2854,        if (array == null || array.length == 0) {,6,3,0,1,3,0,0,0,0,9,41,4,0.0,0,0
defect4j,lang,org/apache/commons/lang3/ArrayUtils,37,2868,        if (array == null || array.length == 0) {,6,3,0,1,3,0,0,0,0,9,41,4,0.0,0,0
defect4j,lang,org/apache/commons/lang3/ArrayUtils,37,2869,            return true;,4,1,0,0,0,1,10,0,0,15,12,9,0.0,0,0
defect4j,lang,org/apache/commons/lang3/ArrayUtils,37,2871,        return false;,2,0,0,0,0,1,0,0,0,3,13,3,0.0,0,0
defect4j,lang,org/apache/commons/lang3/ArrayUtils,37,2896,        if (array == null || array.length == 0) {,6,3,0,1,3,0,0,0,0,9,41,4,0.0,0,0
defect4j,lang,org/apache/commons/lang3/ArrayUtils,37,2910,        if (array == null || array.length == 0) {,12,6,0,1,3,0,0,0,0,18,41,4,0.0,0,0
defect4j,lang,org/apache/commons/lang3/ArrayUtils,37,2913,        return false;,2,0,0,0,0,1,0,0,0,2,13,7,0.0,0,0
defect4j,lang,org/apache/commons/lang3/ArrayUtils,37,2924,        if (array == null || array.length == 0) {,6,3,0,1,3,0,0,0,0,9,41,4,0.0,0,0
defect4j,lang,org/apache/commons/lang3/ArrayUtils,37,2925,            return true;,6,3,0,0,0,1,16,0,0,26,12,3,0.0,0,0
defect4j,lang,org/apache/commons/lang3/ArrayUtils,37,2957,            return clone(array1);,2,0,0,1,2,1,10,0,0,12,21,3,0.0,0,0
defect4j,lang,org/apache/commons/lang3/ArrayUtils,37,2985,        if (array1 == null) {,2,1,0,1,3,0,0,0,0,3,21,4,0.0,0,0
defect4j,lang,org/apache/commons/lang3/ArrayUtils,37,2990,        boolean[] joinedArray = new boolean[array1.length + array2.length];,10,1,0,2,4,0,0,0,0,11,67,5,0.0,0,0
defect4j,lang,org/apache/commons/lang3/ArrayUtils,37,2991,"        System.arraycopy(array1, 0, joinedArray, 0, array1.length);",4,0,0,1,2,0,8,0,0,12,59,5,0.0,0,0
defect4j,lang,org/apache/commons/lang3/ArrayUtils,37,2992,"        System.arraycopy(array2, 0, joinedArray, array1.length, array2.length);",10,0,0,1,2,0,8,0,0,18,71,3,0.0,0,0
defect4j,lang,org/apache/commons/lang3/ArrayUtils,37,2993,        return joinedArray;,4,0,0,0,0,1,4,0,0,8,19,3,0.0,0,0
defect4j,lang,org/apache/commons/lang3/ArrayUtils,37,3016,        } else if (array2 == null) {,4,1,0,1,4,0,0,0,0,5,28,5,0.0,0,0
defect4j,lang,org/apache/commons/lang3/ArrayUtils,37,3021,"        System.arraycopy(array2, 0, joinedArray, array1.length, array2.length);",10,0,0,1,2,0,8,0,0,19,71,3,0.0,0,0
defect4j,lang,org/apache/commons/lang3/ArrayUtils,37,3022,        return joinedArray;,2,0,0,0,0,1,0,0,0,2,19,4,0.0,0,0
defect4j,lang,org/apache/commons/lang3/ArrayUtils,37,3044,            return clone(array2);,2,1,0,1,2,1,14,0,0,17,21,3,0.0,0,0
defect4j,lang,org/apache/commons/lang3/ArrayUtils,37,3045,        } else if (array2 == null) {,2,1,0,1,4,0,0,0,0,3,28,5,0.0,0,0
defect4j,lang,org/apache/commons/lang3/ArrayUtils,37,3046,            return clone(array1);,4,1,0,1,2,1,0,2,0,7,21,3,0.0,0,0
defect4j,lang,org/apache/commons/lang3/ArrayUtils,37,3048,        byte[] joinedArray = new byte[array1.length + array2.length];,12,1,0,2,4,0,0,0,0,13,61,3,0.0,0,0
defect4j,lang,org/apache/commons/lang3/ArrayUtils,37,3050,"        System.arraycopy(array2, 0, joinedArray, array1.length, array2.length);",2,0,0,1,2,0,0,0,0,2,71,4,0.0,0,0
defect4j,lang,org/apache/commons/lang3/ArrayUtils,37,3072,        if (array1 == null) {,4,1,0,1,3,0,0,0,0,5,21,4,0.0,0,0
defect4j,lang,org/apache/commons/lang3/ArrayUtils,37,3074,        } else if (array2 == null) {,2,1,0,1,4,0,0,0,0,3,28,5,0.0,0,0
defect4j,lang,org/apache/commons/lang3/ArrayUtils,37,3077,        short[] joinedArray = new short[array1.length + array2.length];,10,1,0,2,4,0,4,0,0,15,63,3,0.0,0,0
defect4j,lang,org/apache/commons/lang3/ArrayUtils,37,3079,"        System.arraycopy(array2, 0, joinedArray, array1.length, array2.length);",2,1,0,1,2,0,0,0,0,3,71,4,0.0,0,0
defect4j,lang,org/apache/commons/lang3/ArrayUtils,37,3080,        return joinedArray;,8,2,0,0,0,1,4,0,0,14,19,3,0.0,0,0
defect4j,lang,org/apache/commons/lang3/ArrayUtils,37,3103,        } else if (array2 == null) {,2,1,0,1,4,0,0,0,0,3,28,5,0.0,0,0
defect4j,lang,org/apache/commons/lang3/ArrayUtils,37,3106,        int[] joinedArray = new int[array1.length + array2.length];,10,1,0,2,4,0,22,0,0,33,59,3,0.0,0,0
defect4j,lang,org/apache/commons/lang3/ArrayUtils,37,3108,"        System.arraycopy(array2, 0, joinedArray, array1.length, array2.length);",8,0,0,1,2,0,16,2,0,26,71,3,0.0,0,0
defect4j,lang,org/apache/commons/lang3/ArrayUtils,37,3109,        return joinedArray;,4,0,0,0,0,1,4,0,0,13,19,3,0.0,0,0
defect4j,lang,org/apache/commons/lang3/ArrayUtils,37,3130,        if (array1 == null) {,2,0,0,1,3,0,4,0,0,6,21,5,0.0,0,0
defect4j,lang,org/apache/commons/lang3/ArrayUtils,37,3132,        } else if (array2 == null) {,2,1,0,1,4,0,0,0,0,3,28,5,0.0,0,0
defect4j,lang,org/apache/commons/lang3/ArrayUtils,37,3136,"        System.arraycopy(array1, 0, joinedArray, 0, array1.length);",4,0,0,1,2,0,8,0,0,12,59,5,0.0,0,0
defect4j,lang,org/apache/commons/lang3/ArrayUtils,37,3137,"        System.arraycopy(array2, 0, joinedArray, array1.length, array2.length);",10,1,0,1,2,0,12,0,0,23,71,3,0.0,0,0
defect4j,lang,org/apache/commons/lang3/ArrayUtils,37,3138,        return joinedArray;,2,0,0,0,0,1,0,0,0,2,19,4,0.0,0,0
defect4j,lang,org/apache/commons/lang3/ArrayUtils,37,3159,        if (array1 == null) {,2,1,0,1,3,0,0,0,0,3,21,4,0.0,0,0
defect4j,lang,org/apache/commons/lang3/ArrayUtils,37,3161,        } else if (array2 == null) {,4,2,0,1,4,0,4,0,0,10,28,3,0.0,0,0
defect4j,lang,org/apache/commons/lang3/ArrayUtils,37,3162,            return clone(array1);,0,0,0,1,2,1,10,0,0,11,21,3,0.0,0,0
defect4j,lang,org/apache/commons/lang3/ArrayUtils,37,3167,        return joinedArray;,4,0,0,0,0,1,0,0,0,6,19,3,0.0,0,0
defect4j,lang,org/apache/commons/lang3/ArrayUtils,37,3189,            return clone(array2);,2,0,0,1,2,1,0,0,0,2,21,7,0.0,0,0
defect4j,lang,org/apache/commons/lang3/ArrayUtils,37,3191,            return clone(array1);,4,0,0,1,2,1,12,0,0,19,21,3,0.0,0,0
defect4j,lang,org/apache/commons/lang3/ArrayUtils,37,3193,        double[] joinedArray = new double[array1.length + array2.length];,10,1,0,2,4,0,0,0,0,11,65,5,0.0,0,0
defect4j,lang,org/apache/commons/lang3/ArrayUtils,37,3194,"        System.arraycopy(array1, 0, joinedArray, 0, array1.length);",4,0,0,1,2,0,8,0,0,12,59,5,0.0,0,0
defect4j,lang,org/apache/commons/lang3/ArrayUtils,37,3195,"        System.arraycopy(array2, 0, joinedArray, array1.length, array2.length);",10,0,0,1,2,0,12,0,0,23,71,3,0.0,0,0
defect4j,lang,org/apache/commons/lang3/ArrayUtils,37,3196,        return joinedArray;,2,1,0,0,0,1,0,0,0,3,19,4,0.0,0,0
defect4j,lang,org/apache/commons/lang3/ArrayUtils,37,3225,        Class<?> type = array != null ? array.getClass() : (element != null ? element.getClass() : Object.class);,6,2,0,3,6,0,8,4,0,20,105,4,0.0,0,0
defect4j,lang,org/apache/commons/lang3/ArrayUtils,37,3226,"        T[] newArray = (T[]) copyArrayGrow1(array, type);",4,1,0,4,8,0,6,4,0,15,49,3,0.0,0,0
defect4j,lang,org/apache/commons/lang3/ArrayUtils,37,3228,        return newArray;,2,0,0,0,0,1,0,0,0,2,16,4,0.0,0,0
defect4j,lang,org/apache/commons/lang3/ArrayUtils,37,3253,"        boolean[] newArray = (boolean[])copyArrayGrow1(array, Boolean.TYPE);",4,1,0,4,8,0,0,0,0,5,68,5,0.0,0,0
defect4j,lang,org/apache/commons/lang3/ArrayUtils,37,3254,        newArray[newArray.length - 1] = element;,6,1,1,1,2,0,12,0,0,22,40,3,0.0,0,0
defect4j,lang,org/apache/commons/lang3/ArrayUtils,37,3255,        return newArray;,6,0,0,0,0,1,0,0,0,6,16,3,0.0,0,0
defect4j,lang,org/apache/commons/lang3/ArrayUtils,37,3280,"        byte[] newArray = (byte[])copyArrayGrow1(array, Byte.TYPE);",8,0,0,4,8,0,4,0,0,12,59,3,0.0,0,0
defect4j,lang,org/apache/commons/lang3/ArrayUtils,37,3281,        newArray[newArray.length - 1] = element;,6,1,1,1,2,0,0,0,0,10,40,4,0.0,0,0
defect4j,lang,org/apache/commons/lang3/ArrayUtils,37,3307,"        char[] newArray = (char[])copyArrayGrow1(array, Character.TYPE);",6,0,0,4,8,0,4,0,0,10,64,5,0.0,0,0
defect4j,lang,org/apache/commons/lang3/ArrayUtils,37,3308,        newArray[newArray.length - 1] = element;,6,1,1,1,2,0,0,0,0,10,40,4,0.0,0,0
defect4j,lang,org/apache/commons/lang3/ArrayUtils,37,3309,        return newArray;,8,3,0,0,0,1,0,0,0,11,16,3,0.0,0,0
defect4j,lang,org/apache/commons/lang3/ArrayUtils,37,3334,"        double[] newArray = (double[])copyArrayGrow1(array, Double.TYPE);",8,0,0,4,8,0,8,0,0,16,65,5,0.0,0,0
defect4j,lang,org/apache/commons/lang3/ArrayUtils,37,3335,        newArray[newArray.length - 1] = element;,16,2,1,1,2,0,8,0,0,29,40,3,0.0,0,0
defect4j,lang,org/apache/commons/lang3/ArrayUtils,37,3336,        return newArray;,2,0,0,0,0,1,0,0,0,2,16,4,0.0,0,0
defect4j,lang,org/apache/commons/lang3/ArrayUtils,37,3361,"        float[] newArray = (float[])copyArrayGrow1(array, Float.TYPE);",6,0,0,4,8,0,4,0,0,10,62,5,0.0,0,0
defect4j,lang,org/apache/commons/lang3/ArrayUtils,37,3362,        newArray[newArray.length - 1] = element;,10,3,1,1,2,0,6,0,0,24,40,3,0.0,0,0
defect4j,lang,org/apache/commons/lang3/ArrayUtils,37,3363,        return newArray;,2,0,0,0,0,1,0,0,0,2,16,4,0.0,0,0
defect4j,lang,org/apache/commons/lang3/ArrayUtils,37,3390,        return newArray;,6,1,0,0,0,1,10,0,0,17,16,3,0.0,0,0
defect4j,lang,org/apache/commons/lang3/ArrayUtils,37,3442,"        short[] newArray = (short[])copyArrayGrow1(array, Short.TYPE);",6,0,0,4,8,0,4,0,0,10,62,5,0.0,0,0
defect4j,lang,org/apache/commons/lang3/ArrayUtils,37,3443,        newArray[newArray.length - 1] = element;,6,1,1,1,2,0,0,0,0,10,40,4,0.0,0,0
defect4j,lang,org/apache/commons/lang3/ArrayUtils,37,3457,        if (array != null) {,2,1,0,1,3,0,0,0,0,3,20,4,0.0,0,0
defect4j,lang,org/apache/commons/lang3/ArrayUtils,37,3460,"            System.arraycopy(array, 0, newArray, 0, arrayLength);",0,0,0,1,2,0,10,0,0,10,53,7,0.0,0,0
defect4j,lang,org/apache/commons/lang3/ArrayUtils,37,3461,            return newArray;,4,0,0,0,0,1,0,0,0,4,16,6,0.0,0,0
defect4j,lang,org/apache/commons/lang3/ArrayUtils,37,3497,        if (array != null) {,2,1,0,1,3,0,0,0,0,3,20,4,0.0,0,0
defect4j,lang,org/apache/commons/lang3/ArrayUtils,37,3499,        } else if (element != null) {,2,1,0,1,4,0,6,0,0,9,29,4,0.0,0,0
defect4j,lang,org/apache/commons/lang3/ArrayUtils,37,3500,            clss = element.getClass();,2,0,0,1,2,0,4,0,0,7,26,7,0.0,0,0
defect4j,lang,org/apache/commons/lang3/ArrayUtils,37,3504,"        return (T[]) add(array, index, element, clss);",0,0,0,3,6,1,10,2,0,12,46,5,0.0,0,0
defect4j,lang,org/apache/commons/lang3/ArrayUtils,37,3535,"        return (boolean[]) add(array, index, Boolean.valueOf(element), Boolean.TYPE);",6,0,0,4,8,1,12,0,0,18,77,3,0.0,0,0
defect4j,lang,org/apache/commons/lang3/ArrayUtils,37,3598,"        return (byte[]) add(array, index, Byte.valueOf(element), Byte.TYPE);",0,0,0,4,8,1,6,0,0,7,68,5,0.0,0,0
defect4j,lang,org/apache/commons/lang3/ArrayUtils,37,3629,"        return (short[]) add(array, index, Short.valueOf(element), Short.TYPE);",4,0,0,4,8,1,12,0,0,16,71,6,0.0,0,0
defect4j,lang,org/apache/commons/lang3/ArrayUtils,37,3691,"        return (long[]) add(array, index, Long.valueOf(element), Long.TYPE);",4,0,0,4,8,1,12,0,0,16,68,6,0.0,0,0
defect4j,lang,org/apache/commons/lang3/ArrayUtils,37,3722,"        return (float[]) add(array, index, Float.valueOf(element), Float.TYPE);",6,0,0,4,8,1,16,0,0,22,71,3,0.0,0,0
defect4j,lang,org/apache/commons/lang3/ArrayUtils,37,3774,            return joinedArray;,2,0,0,0,0,1,0,0,0,2,19,6,0.0,0,0
defect4j,lang,org/apache/commons/lang3/ArrayUtils,37,3777,        if (index > length || index < 0) {,6,3,0,1,3,0,4,0,0,13,34,3,0.0,0,0
defect4j,lang,org/apache/commons/lang3/ArrayUtils,37,3780,"        Object result = Array.newInstance(clss, length + 1);",10,2,0,1,2,0,6,2,0,20,52,4,0.0,0,0
defect4j,lang,org/apache/commons/lang3/ArrayUtils,37,3784,"            System.arraycopy(array, index, result, index + 1, length - index);",6,2,0,1,2,0,10,0,0,18,66,7,0.0,0,0
defect4j,lang,org/apache/commons/lang3/ArrayUtils,37,3786,        return result;,2,0,0,0,0,1,0,0,0,2,14,4,0.0,0,0
defect4j,lang,org/apache/commons/lang3/ArrayUtils,37,3848,"        int index = indexOf(array, element);",10,1,0,1,2,0,8,0,0,19,36,5,0.0,0,0
defect4j,lang,org/apache/commons/lang3/ArrayUtils,37,3849,        if (index == INDEX_NOT_FOUND) {,4,1,0,1,3,0,0,0,0,5,31,4,0.0,0,0
defect4j,lang,org/apache/commons/lang3/ArrayUtils,37,3913,"        int index = indexOf(array, element);",2,0,0,1,2,0,6,0,0,8,36,5,0.0,0,0
defect4j,lang,org/apache/commons/lang3/ArrayUtils,37,3914,        if (index == INDEX_NOT_FOUND) {,4,1,0,1,3,0,0,0,0,5,31,4,0.0,0,0
defect4j,lang,org/apache/commons/lang3/ArrayUtils,37,3982,"        return remove(array, index);",0,0,0,1,2,1,14,0,0,15,28,5,0.0,0,0
defect4j,lang,org/apache/commons/lang3/ArrayUtils,37,4014,"        return (char[]) remove((Object) array, index);",2,0,0,4,8,1,4,2,0,8,46,6,0.0,0,0
defect4j,lang,org/apache/commons/lang3/ArrayUtils,37,4043,"        int index = indexOf(array, element);",8,3,0,1,2,0,10,0,0,21,36,3,0.0,0,0
defect4j,lang,org/apache/commons/lang3/ArrayUtils,37,4079,"        return (double[]) remove((Object) array, index);",4,0,0,4,8,1,4,2,0,12,48,3,0.0,0,0
defect4j,lang,org/apache/commons/lang3/ArrayUtils,37,4108,"        int index = indexOf(array, element);",2,0,0,1,2,0,6,0,0,8,36,5,0.0,0,0
defect4j,lang,org/apache/commons/lang3/ArrayUtils,37,4109,        if (index == INDEX_NOT_FOUND) {,10,4,0,1,3,0,0,0,0,14,31,4,0.0,0,0
defect4j,lang,org/apache/commons/lang3/ArrayUtils,37,4112,"        return remove(array, index);",14,4,0,1,2,1,12,0,0,31,28,3,0.0,0,0
defect4j,lang,org/apache/commons/lang3/ArrayUtils,37,4173,"        int index = indexOf(array, element);",6,0,0,1,2,0,10,2,0,18,36,1,0.0,0,0
defect4j,lang,org/apache/commons/lang3/ArrayUtils,37,4174,        if (index == INDEX_NOT_FOUND) {,6,1,0,1,3,0,0,0,0,8,31,3,0.0,0,0
defect4j,lang,org/apache/commons/lang3/ArrayUtils,37,4209,"        return (int[]) remove((Object) array, index);",2,0,0,4,8,1,4,2,0,8,45,6,0.0,0,0
defect4j,lang,org/apache/commons/lang3/ArrayUtils,37,4238,"        int index = indexOf(array, element);",2,0,0,1,2,0,6,0,0,9,36,3,0.0,0,0
defect4j,lang,org/apache/commons/lang3/ArrayUtils,37,4240,            return clone(array);,2,0,0,1,2,1,8,0,0,10,20,3,0.0,0,0
defect4j,lang,org/apache/commons/lang3/ArrayUtils,37,4274,"        return (long[]) remove((Object) array, index);",2,0,0,4,8,1,4,2,0,8,46,6,0.0,0,0
defect4j,lang,org/apache/commons/lang3/ArrayUtils,37,4303,"        int index = indexOf(array, element);",2,0,0,1,2,0,6,0,0,8,36,5,0.0,0,0
defect4j,lang,org/apache/commons/lang3/ArrayUtils,37,4304,        if (index == INDEX_NOT_FOUND) {,4,1,0,1,3,0,0,0,0,5,31,4,0.0,0,0
defect4j,lang,org/apache/commons/lang3/ArrayUtils,37,4368,"        int index = indexOf(array, element);",8,1,0,1,2,0,6,0,0,16,36,3,0.0,0,0
defect4j,lang,org/apache/commons/lang3/ArrayUtils,37,4369,        if (index == INDEX_NOT_FOUND) {,4,1,0,1,3,0,0,0,0,5,31,4,0.0,0,0
defect4j,lang,org/apache/commons/lang3/ArrayUtils,37,4398,        if (index < 0 || index >= length) {,6,3,0,1,3,0,0,0,0,9,35,4,0.0,0,0
defect4j,lang,org/apache/commons/lang3/ArrayUtils,37,4399,"            throw new IndexOutOfBoundsException(""Index: "" + index + "", Length: "" + length);",4,1,0,1,2,0,0,2,0,9,79,7,0.0,0,0
defect4j,lang,org/apache/commons/lang3/ArrayUtils,37,4402,"        Object result = Array.newInstance(array.getClass().getComponentType(), length - 1);",4,1,0,3,6,0,10,2,0,17,83,4,0.0,0,0
defect4j,lang,org/apache/commons/lang3/ArrayUtils,37,4404,        if (index < length - 1) {,4,2,0,1,3,0,0,0,0,6,25,4,0.0,0,0
defect4j,lang,org/apache/commons/lang3/ArrayUtils,37,4405,"            System.arraycopy(array, index + 1, result, index, length - index - 1);",6,2,0,1,2,0,10,0,0,18,70,7,0.0,0,0
defect4j,lang,org/apache/commons/lang3/time/FastDateFormat,38,1423,"            appendTo(buffer, calendar.get(Calendar.MONTH) + 1);",4,1,0,2,4,0,8,0,0,13,51,6,0.03333,0,0
defect4j,lang,org/apache/commons/lang3/time/FastDateFormat,38,1424,        },2,0,0,0,1,0,0,0,0,2,1,5,0.03333,0,0
defect4j,lang,org/apache/commons/lang3/time/FastDateFormat,38,1430,            buffer.append((char)(value / 10 + '0'));,2,2,0,3,6,0,4,0,0,9,40,6,0.03333,0,0
defect4j,lang,org/apache/commons/lang3/time/FastDateFormat,38,1431,            buffer.append((char)(value % 10 + '0'));,4,2,0,3,6,3,6,2,0,19,40,1,0.03333,0,0
defect4j,lang,org/apache/commons/lang3/StringUtils,39,3612,        if (text == null || text.length() == 0 || searchList == null || ,4,8,0,1,3,0,4,0,0,16,63,4,1.0,0,0
defect4j,lang,org/apache/commons/lang3/StringUtils,39,3619,        if (timeToLive < 0) {,4,1,0,1,3,0,6,2,0,13,21,4,1.0,0,0
defect4j,lang,org/apache/commons/lang3/StringUtils,39,3627,        if (searchLength != replacementLength) {,10,1,0,1,3,0,0,0,0,11,40,1,1.0,0,0
defect4j,lang,org/apache/commons/lang3/StringUtils,39,3635,        boolean[] noMoreMatchesForReplIndex = new boolean[searchLength];,2,0,1,2,4,0,0,0,0,5,64,3,1.0,0,0
defect4j,lang,org/apache/commons/lang3/StringUtils,39,3638,        int textIndex = -1;,2,0,0,0,0,0,0,0,0,3,19,5,1.0,0,0
defect4j,lang,org/apache/commons/lang3/StringUtils,39,3639,        int replaceIndex = -1;,2,0,0,0,0,0,0,0,0,3,22,5,1.0,0,0
defect4j,lang,org/apache/commons/lang3/StringUtils,39,3640,        int tempIndex = -1;,2,0,0,0,0,0,12,0,0,16,19,3,1.0,0,0
defect4j,lang,org/apache/commons/lang3/StringUtils,39,3645,            if (noMoreMatchesForReplIndex[i] || searchList[i] == null || ,0,4,1,2,5,0,0,0,0,12,60,6,1.0,0,0
defect4j,lang,org/apache/commons/lang3/StringUtils,39,3650,            tempIndex = text.indexOf(searchList[i]);,2,0,1,2,4,0,4,0,0,11,40,6,1.0,0,0
defect4j,lang,org/apache/commons/lang3/StringUtils,39,3653,            if (tempIndex == -1) {,2,1,0,1,3,0,0,0,0,4,22,6,1.0,0,0
defect4j,lang,org/apache/commons/lang3/StringUtils,39,3654,                noMoreMatchesForReplIndex[i] = true;,2,0,1,1,2,3,0,0,0,11,36,1,1.0,0,0
defect4j,lang,org/apache/commons/lang3/StringUtils,39,3657,                    textIndex = tempIndex;,0,3,0,0,0,0,12,0,0,15,22,4,1.0,0,0
defect4j,lang,org/apache/commons/lang3/StringUtils,39,3672,        int increase = 0;,2,0,0,0,0,0,0,0,0,2,17,5,1.0,0,0
defect4j,lang,org/apache/commons/lang3/StringUtils,39,3676,            int greater = replacementList[i].length() - searchList[i].length();,4,1,1,4,8,0,8,0,0,22,67,3,1.0,1,0
defect4j,lang,org/apache/commons/lang3/StringUtils,39,3677,            if (greater > 0) {,2,1,0,1,3,0,0,0,0,3,18,6,1.0,0,0
defect4j,lang,org/apache/commons/lang3/StringUtils,39,3684,        StringBuilder buf = new StringBuilder(text.length() + increase);,4,1,0,2,4,0,4,4,0,13,64,4,1.0,0,0
defect4j,lang,org/apache/commons/lang3/StringUtils,39,3691,            buf.append(replacementList[replaceIndex]);,4,0,0,2,4,0,0,4,0,8,42,4,1.0,0,0
defect4j,lang,org/apache/commons/lang3/StringUtils,39,3693,            start = textIndex + searchList[replaceIndex].length();,2,1,0,2,4,0,0,0,0,3,54,4,1.0,0,0
defect4j,lang,org/apache/commons/lang3/StringUtils,39,3695,            textIndex = -1;,4,0,0,0,0,3,0,0,0,9,15,1,1.0,0,0
defect4j,lang,org/apache/commons/lang3/StringUtils,39,3696,            replaceIndex = -1;,2,0,0,0,0,0,0,0,0,4,18,6,1.0,0,0
defect4j,lang,org/apache/commons/lang3/StringUtils,39,3697,            tempIndex = -1;,4,1,0,0,0,3,16,4,0,31,15,1,1.0,0,0
defect4j,lang,org/apache/commons/lang3/StringUtils,39,3700,            for (int i = 0; i < searchLength; i++) {,8,2,1,1,3,0,4,0,0,20,40,5,1.0,0,0
defect4j,lang,org/apache/commons/lang3/StringUtils,39,3701,                if (noMoreMatchesForReplIndex[i] || searchList[i] == null || ,0,4,1,2,5,0,0,0,0,12,60,8,1.0,0,0
defect4j,lang,org/apache/commons/lang3/StringUtils,39,3706,"                tempIndex = text.indexOf(searchList[i], start);",2,0,1,2,4,0,6,0,0,13,47,8,1.0,0,0
defect4j,lang,org/apache/commons/lang3/StringUtils,39,3709,                if (tempIndex == -1) {,2,1,0,1,3,0,0,0,0,4,22,8,1.0,0,0
defect4j,lang,org/apache/commons/lang3/StringUtils,39,3710,                    noMoreMatchesForReplIndex[i] = true;,0,0,1,1,2,0,0,0,0,6,36,10,1.0,0,0
defect4j,lang,org/apache/commons/lang3/StringUtils,39,3712,                    if (textIndex == -1 || tempIndex < textIndex) {,2,0,0,1,3,0,0,2,0,4,47,11,1.0,0,0
defect4j,lang,org/apache/commons/lang3/StringUtils,39,3713,                        textIndex = tempIndex;,4,0,0,0,0,0,0,0,0,5,22,12,1.0,0,0
defect4j,lang,org/apache/commons/lang3/StringUtils,39,3714,                        replaceIndex = i;,10,0,0,0,0,6,14,4,0,39,17,1,1.0,0,0
defect4j,lang,org/apache/commons/lang3/StringUtils,39,3721,        int textLength = text.length();,2,0,0,1,2,0,8,0,0,10,31,3,1.0,0,0
defect4j,lang,org/apache/commons/lang3/StringUtils,39,3723,            buf.append(text.charAt(i));,0,0,0,2,4,0,4,2,0,6,27,5,1.0,0,0
defect4j,lang,org/apache/commons/lang3/StringUtils,39,168,    },0,0,0,0,1,0,4,0,0,5,1,6,0.0,0,0
defect4j,lang,org/apache/commons/lang3/StringUtils,39,229,        if (str == null || (strLen = str.length()) == 0) {,4,3,0,3,7,0,4,0,0,12,50,4,0.0,0,0
defect4j,lang,org/apache/commons/lang3/StringUtils,39,230,            return true;,2,0,0,0,0,1,0,0,0,3,12,6,0.0,0,0
defect4j,lang,org/apache/commons/lang3/StringUtils,39,286,        return str == null ? null : str.trim();,2,1,0,1,2,1,4,0,0,7,39,5,0.0,0,0
defect4j,lang,org/apache/commons/lang3/StringUtils,39,312,        String ts = trim(str);,2,0,0,1,2,0,4,2,0,8,22,4,0.0,0,0
defect4j,lang,org/apache/commons/lang3/StringUtils,39,338,        return str == null ? EMPTY : str.trim();,2,1,0,1,2,1,4,0,0,7,40,5,0.0,0,0
defect4j,lang,org/apache/commons/lang3/StringUtils,39,366,"        return strip(str, null);",4,1,0,1,2,1,4,0,0,10,24,5,0.0,0,0
defect4j,lang,org/apache/commons/lang3/StringUtils,39,393,        if (str == null) {,8,2,0,1,3,0,0,0,0,11,18,3,0.0,0,0
defect4j,lang,org/apache/commons/lang3/StringUtils,39,394,            return null;,0,0,0,0,0,1,6,0,0,6,12,7,0.0,0,0
defect4j,lang,org/apache/commons/lang3/StringUtils,39,456,"        str = stripStart(str, stripChars);",6,0,0,1,2,0,0,2,0,8,34,3,0.0,0,0
defect4j,lang,org/apache/commons/lang3/StringUtils,39,457,"        return stripEnd(str, stripChars);",6,1,0,1,2,1,0,0,0,8,33,1,0.0,0,0
defect4j,lang,org/apache/commons/lang3/StringUtils,39,487,            return str;,2,0,0,0,0,1,0,0,0,2,11,6,0.0,0,0
defect4j,lang,org/apache/commons/lang3/StringUtils,39,489,        int start = 0;,2,0,0,0,0,0,0,0,0,2,14,5,0.0,0,0
defect4j,lang,org/apache/commons/lang3/StringUtils,39,491,            while ((start != strLen) && Character.isWhitespace(str.charAt(start))) {,2,0,0,4,9,0,0,0,0,3,72,6,0.0,0,0
defect4j,lang,org/apache/commons/lang3/StringUtils,39,492,                start++;,2,0,0,0,0,0,6,0,0,8,8,5,0.0,0,0
defect4j,lang,org/apache/commons/lang3/StringUtils,39,495,            return str;,2,0,0,0,0,1,0,0,0,2,11,7,0.0,0,0
defect4j,lang,org/apache/commons/lang3/StringUtils,39,530,        if (str == null || (end = str.length()) == 0) {,4,3,0,3,7,0,4,0,0,12,47,4,0.0,0,0
defect4j,lang,org/apache/commons/lang3/StringUtils,39,535,            while ((end != 0) && Character.isWhitespace(str.charAt(end - 1))) {,4,3,0,4,9,0,8,0,0,15,67,6,0.0,0,0
defect4j,lang,org/apache/commons/lang3/StringUtils,39,538,        } else if (stripChars.length() == 0) {,4,2,0,2,6,0,4,6,0,18,38,4,0.0,0,0
defect4j,lang,org/apache/commons/lang3/StringUtils,39,539,            return str;,4,0,0,0,0,4,2,2,0,12,11,1,0.0,0,0
defect4j,lang,org/apache/commons/lang3/StringUtils,39,541,            while ((end != 0) && (stripChars.indexOf(str.charAt(end - 1)) != -1)) {,6,4,0,5,11,3,10,2,0,27,71,1,0.0,0,0
defect4j,lang,org/apache/commons/lang3/StringUtils,39,542,                end--;,2,0,0,0,0,0,0,0,0,3,6,9,0.0,0,0
defect4j,lang,org/apache/commons/lang3/StringUtils,39,545,"        return str.substring(0, end);",14,2,0,1,2,1,6,2,0,27,29,0,0.0,0,0
defect4j,lang,org/apache/commons/lang3/StringUtils,39,570,"        return stripAll(strs, null);",0,0,0,1,2,1,8,0,0,9,28,3,0.0,0,0
defect4j,lang,org/apache/commons/lang3/StringUtils,39,601,            return strs;,2,0,0,0,0,1,0,0,0,2,12,6,0.0,0,0
defect4j,lang,org/apache/commons/lang3/StringUtils,39,604,        for (int i = 0; i < strsLen; i++) {,2,1,1,1,3,0,0,0,0,11,35,1,0.0,0,0
defect4j,lang,org/apache/commons/lang3/StringUtils,39,605,"            newArr[i] = strip(strs[i], stripChars);",2,0,0,3,6,0,0,0,0,4,39,1,0.0,0,0
defect4j,lang,org/apache/commons/lang3/StringUtils,39,607,        return newArr;,6,3,0,0,0,1,4,0,0,14,14,3,0.0,0,0
defect4j,lang,org/apache/commons/lang3/StringUtils,39,627,        if(input == null) {,2,1,0,1,3,0,0,0,0,3,19,4,0.0,0,0
defect4j,lang,org/apache/commons/lang3/StringUtils,39,637,"                Class normalizerFormClass = ClassUtils.getClass(""java.text.Normalizer$Form"", false);",2,0,0,1,2,3,0,4,0,9,84,2,0.0,0,0
defect4j,lang,org/apache/commons/lang3/StringUtils,39,643,"                java.lang.reflect.Method method = normalizerClass.getMethod(""normalize"", CharSequence.class, normalizerFormClass );",2,0,0,1,2,0,6,0,0,9,115,8,0.0,0,0
defect4j,lang,org/apache/commons/lang3/StringUtils,39,646,"                java.lang.reflect.Field nfd = normalizerFormClass.getField(""NFD"");",10,0,0,1,2,0,4,0,0,15,66,8,0.0,0,0
defect4j,lang,org/apache/commons/lang3/StringUtils,39,654,            } catch(ClassNotFoundException cnfe) {,2,0,0,1,4,0,0,2,0,4,38,8,0.0,0,0
defect4j,lang,org/apache/commons/lang3/StringUtils,39,655,"                throw new RuntimeException(""ClassNotFoundException occurred during 1.6 backcompat code"", cnfe);",8,0,0,1,2,0,0,0,0,9,95,3,0.0,0,0
defect4j,lang,org/apache/commons/lang3/StringUtils,39,657,"                throw new RuntimeException(""NoSuchMethodException occurred during 1.6 backcompat code"", nsme);",0,0,0,1,2,0,10,0,0,10,94,3,0.0,0,0
defect4j,lang,org/apache/commons/lang3/StringUtils,39,659,"                throw new RuntimeException(""NoSuchFieldException occurred during 1.6 backcompat code"", nsfe);",8,1,0,1,2,0,10,0,0,19,93,3,0.0,0,0
defect4j,lang,org/apache/commons/lang3/StringUtils,39,660,            } catch(IllegalAccessException iae) {,2,0,0,1,4,3,2,2,0,10,37,2,0.0,0,0
defect4j,lang,org/apache/commons/lang3/StringUtils,39,661,"                throw new RuntimeException(""IllegalAccessException occurred during 1.6 backcompat code"", iae);",2,0,1,1,2,0,2,2,0,15,94,3,0.0,0,0
defect4j,lang,org/apache/commons/lang3/StringUtils,39,662,            } catch(IllegalArgumentException iae) {,2,0,0,1,4,0,0,2,0,4,39,8,0.0,0,0
defect4j,lang,org/apache/commons/lang3/StringUtils,39,666,            } catch(SecurityException se) {,4,0,0,1,4,0,0,2,0,6,31,3,0.0,0,0
defect4j,lang,org/apache/commons/lang3/StringUtils,39,667,"                throw new RuntimeException(""SecurityException occurred during 1.6 backcompat code"", se);",2,0,0,1,2,0,0,0,0,2,88,6,0.0,0,0
defect4j,lang,org/apache/commons/lang3/StringUtils,39,697,        return str1 == null ? str2 == null : str1.equals(str2);,4,1,0,1,2,1,0,0,0,5,55,3,0.0,0,0
defect4j,lang,org/apache/commons/lang3/StringUtils,39,722,        return str1 == null ? str2 == null : str1.equalsIgnoreCase(str2);,2,0,0,1,2,1,12,0,0,15,65,6,0.0,0,0
defect4j,lang,org/apache/commons/lang3/StringUtils,39,782,"        return str.indexOf(searchChar, startPos);",4,0,0,1,2,4,2,2,0,12,41,1,0.0,0,0
defect4j,lang,org/apache/commons/lang3/StringUtils,39,808,        if (str == null || searchStr == null) {,4,0,0,1,3,0,0,0,0,5,39,5,0.0,0,0
defect4j,lang,org/apache/commons/lang3/StringUtils,39,811,        return str.indexOf(searchStr);,6,1,0,1,2,1,0,0,0,8,30,4,0.0,0,0
defect4j,lang,org/apache/commons/lang3/StringUtils,39,843,            return INDEX_NOT_FOUND;,4,0,0,0,0,2,0,2,0,7,23,2,0.0,0,0
defect4j,lang,org/apache/commons/lang3/StringUtils,39,845,        if (searchStr.length() == 0) {,8,3,0,2,5,0,0,0,0,11,30,4,0.0,0,0
defect4j,lang,org/apache/commons/lang3/StringUtils,39,848,        int found = 0;,2,0,0,0,0,0,0,0,0,2,14,5,0.0,0,0
defect4j,lang,org/apache/commons/lang3/StringUtils,39,849,        int index = INDEX_NOT_FOUND;,4,0,0,0,0,0,0,0,0,4,28,5,0.0,0,0
defect4j,lang,org/apache/commons/lang3/StringUtils,39,852,            if (index < 0) {,6,1,0,1,3,0,0,0,0,8,16,6,0.0,0,0
defect4j,lang,org/apache/commons/lang3/StringUtils,39,853,                return index;,2,0,0,0,0,1,0,0,0,2,13,8,0.0,0,0
defect4j,lang,org/apache/commons/lang3/StringUtils,39,897,            return str.length();,2,0,0,1,2,1,0,0,0,2,20,4,0.0,0,0
defect4j,lang,org/apache/commons/lang3/StringUtils,39,924,        if (isEmpty(str)) {,0,0,1,2,5,0,16,0,0,18,19,1,0.0,0,0
defect4j,lang,org/apache/commons/lang3/StringUtils,39,927,        return str.lastIndexOf(searchChar);,0,3,1,1,2,1,0,0,0,13,35,9,0.0,0,0
defect4j,lang,org/apache/commons/lang3/StringUtils,39,961,"        return str.lastIndexOf(searchChar, startPos);",2,0,0,1,2,1,0,0,0,2,45,5,0.0,0,0
defect4j,lang,org/apache/commons/lang3/StringUtils,39,987,        if (str == null || searchStr == null) {,4,3,0,1,3,0,0,0,0,7,39,4,0.0,0,0
defect4j,lang,org/apache/commons/lang3/StringUtils,39,1022,        if (str == null || searchStr == null) {,4,3,0,1,3,0,8,0,0,15,39,1,0.0,0,0
defect4j,lang,org/apache/commons/lang3/StringUtils,39,1050,        if (isEmpty(str)) {,2,0,0,2,5,0,8,2,0,12,19,4,0.0,0,0
defect4j,lang,org/apache/commons/lang3/StringUtils,39,1051,            return false;,2,1,0,0,0,1,0,0,0,3,13,4,0.0,0,0
defect4j,lang,org/apache/commons/lang3/StringUtils,39,1053,        return str.indexOf(searchChar) >= 0;,0,1,0,1,2,1,6,0,0,7,36,4,0.0,0,0
defect4j,lang,org/apache/commons/lang3/StringUtils,39,1078,        if (str == null || searchStr == null) {,2,0,0,1,3,0,0,0,0,2,39,6,0.0,0,0
defect4j,lang,org/apache/commons/lang3/StringUtils,39,1108,        if (str == null || searchStr == null) {,6,3,0,1,3,0,0,0,0,9,39,4,0.0,0,0
defect4j,lang,org/apache/commons/lang3/StringUtils,39,1109,            return false;,6,1,0,0,0,1,4,0,0,12,13,4,0.0,0,0
defect4j,lang,org/apache/commons/lang3/StringUtils,39,1111,        int len = searchStr.length();,2,0,0,1,2,0,4,0,0,6,29,5,0.0,0,0
defect4j,lang,org/apache/commons/lang3/StringUtils,39,1113,        for (int i = 0; i <= max; i++) {,14,5,0,1,3,0,8,0,0,30,32,3,0.0,0,0
defect4j,lang,org/apache/commons/lang3/StringUtils,39,1115,                return true;,0,0,0,0,0,1,2,0,0,2,12,5,0.0,0,0
defect4j,lang,org/apache/commons/lang3/StringUtils,39,1146,        if (isEmpty(str) || ArrayUtils.isEmpty(searchChars)) {,0,1,0,3,7,0,10,0,0,11,54,4,0.0,0,0
defect4j,lang,org/apache/commons/lang3/StringUtils,39,1150,            char ch = str.charAt(i);,2,0,0,1,2,0,6,0,0,8,24,7,0.0,0,0
defect4j,lang,org/apache/commons/lang3/StringUtils,39,1151,            for (int j = 0; j < searchChars.length; j++) {,0,0,0,1,3,0,4,0,0,4,46,5,0.0,0,0
defect4j,lang,org/apache/commons/lang3/StringUtils,39,1153,                    return i;,2,0,0,0,0,1,0,0,0,2,9,10,0.0,0,0
defect4j,lang,org/apache/commons/lang3/StringUtils,39,1184,            return -1;,12,1,0,0,0,1,0,0,0,15,10,0,0.0,0,0
defect4j,lang,org/apache/commons/lang3/StringUtils,39,1216,            return false;,6,1,0,0,0,1,8,0,0,15,13,5,0.0,0,0
defect4j,lang,org/apache/commons/lang3/StringUtils,39,1218,        for (int i = 0; i < str.length(); i++) {,6,1,0,2,5,0,4,0,0,12,40,4,0.0,0,0
defect4j,lang,org/apache/commons/lang3/StringUtils,39,1219,            char ch = str.charAt(i);,2,0,0,1,2,0,6,0,0,8,24,7,0.0,0,0
defect4j,lang,org/apache/commons/lang3/StringUtils,39,1257,        if (searchChars == null) {,2,1,0,1,3,0,0,0,0,3,26,4,0.0,0,0
defect4j,lang,org/apache/commons/lang3/StringUtils,39,1291,        outer : for (int i = 0; i < str.length(); i++) {,8,1,0,2,5,0,4,0,0,14,48,4,0.0,0,0
defect4j,lang,org/apache/commons/lang3/StringUtils,39,1292,            char ch = str.charAt(i);,2,0,0,1,2,0,6,0,0,8,24,8,0.0,0,0
defect4j,lang,org/apache/commons/lang3/StringUtils,39,1293,            for (int j = 0; j < searchChars.length; j++) {,10,1,0,1,3,0,0,0,0,12,46,7,0.0,0,0
defect4j,lang,org/apache/commons/lang3/StringUtils,39,1295,                    continue outer;,2,0,0,0,0,0,0,0,0,2,15,11,0.0,0,0
defect4j,lang,org/apache/commons/lang3/StringUtils,39,1326,        if (isEmpty(str) || isEmpty(searchChars)) {,0,1,0,3,7,0,8,0,0,9,43,4,0.0,0,0
defect4j,lang,org/apache/commons/lang3/StringUtils,39,1327,            return -1;,8,1,0,0,0,1,0,0,0,10,10,4,0.0,0,0
defect4j,lang,org/apache/commons/lang3/StringUtils,39,1329,        for (int i = 0; i < str.length(); i++) {,6,1,0,2,5,0,4,0,0,12,40,4,0.0,0,0
defect4j,lang,org/apache/commons/lang3/StringUtils,39,1331,                return i;,2,0,0,0,0,1,0,0,0,2,9,8,0.0,0,0
defect4j,lang,org/apache/commons/lang3/StringUtils,39,1362,        if ((valid == null) || (str == null)) {,4,3,0,3,7,0,0,0,0,7,39,4,0.0,0,0
defect4j,lang,org/apache/commons/lang3/StringUtils,39,1366,            return true;,2,0,0,0,0,2,0,0,0,4,12,2,0.0,0,0
defect4j,lang,org/apache/commons/lang3/StringUtils,39,1368,        if (valid.length == 0) {,4,1,0,1,3,0,0,0,0,5,24,4,0.0,0,0
defect4j,lang,org/apache/commons/lang3/StringUtils,39,1369,            return false;,0,0,0,0,0,1,0,2,0,4,13,4,0.0,0,0
defect4j,lang,org/apache/commons/lang3/StringUtils,39,1397,        if (str == null || validChars == null) {,4,3,0,1,3,0,0,0,0,7,40,4,0.0,0,0
defect4j,lang,org/apache/commons/lang3/StringUtils,39,1429,            return true;,2,0,0,0,0,1,0,0,0,4,12,5,0.0,0,0
defect4j,lang,org/apache/commons/lang3/StringUtils,39,1434,            char ch = str.charAt(i);,2,0,0,1,2,0,6,0,0,8,24,7,0.0,0,0
defect4j,lang,org/apache/commons/lang3/StringUtils,39,1435,            for (int j = 0; j < validSize; j++) {,8,1,0,1,3,0,0,0,0,10,37,6,0.0,0,0
defect4j,lang,org/apache/commons/lang3/StringUtils,39,1436,                if (invalidChars[j] == ch) {,6,1,1,2,5,0,0,0,0,11,28,3,0.0,0,0
defect4j,lang,org/apache/commons/lang3/StringUtils,39,1437,                    return false;,2,1,0,0,0,1,0,2,0,6,13,10,0.0,0,0
defect4j,lang,org/apache/commons/lang3/StringUtils,39,1502,        if ((str == null) || (searchStrs == null)) {,4,3,0,3,7,0,0,0,0,7,44,4,0.0,0,0
defect4j,lang,org/apache/commons/lang3/StringUtils,39,1505,        int sz = searchStrs.length;,8,1,0,0,0,0,0,0,0,9,27,3,0.0,0,0
defect4j,lang,org/apache/commons/lang3/StringUtils,39,1508,        int ret = Integer.MAX_VALUE;,8,0,1,0,0,0,12,2,0,26,28,3,0.0,0,0
defect4j,lang,org/apache/commons/lang3/StringUtils,39,1513,            if (search == null) {,2,1,0,1,3,0,0,0,0,3,21,6,0.0,0,0
defect4j,lang,org/apache/commons/lang3/StringUtils,39,1517,            if (tmp == -1) {,2,1,0,1,3,0,0,0,0,4,16,6,0.0,0,0
defect4j,lang,org/apache/commons/lang3/StringUtils,39,1518,                continue;,2,0,0,0,0,0,0,2,0,4,9,7,0.0,0,0
defect4j,lang,org/apache/commons/lang3/StringUtils,39,1521,            if (tmp < ret) {,4,1,0,1,3,0,0,0,0,5,16,6,0.0,0,0
defect4j,lang,org/apache/commons/lang3/StringUtils,39,1522,                ret = tmp;,4,0,0,0,0,0,0,0,0,5,10,8,0.0,0,0
defect4j,lang,org/apache/commons/lang3/StringUtils,39,1526,        return (ret == Integer.MAX_VALUE) ? -1 : ret;,8,1,0,1,2,1,0,0,0,10,45,5,0.0,0,0
defect4j,lang,org/apache/commons/lang3/StringUtils,39,1556,            return -1;,2,0,0,0,0,1,0,2,0,5,10,4,0.0,0,0
defect4j,lang,org/apache/commons/lang3/StringUtils,39,1558,        int sz = searchStrs.length;,8,0,0,0,0,0,0,2,0,10,27,3,0.0,0,0
defect4j,lang,org/apache/commons/lang3/StringUtils,39,1561,        for (int i = 0; i < sz; i++) {,8,1,0,1,3,0,0,0,0,10,30,4,0.0,0,0
defect4j,lang,org/apache/commons/lang3/StringUtils,39,1566,            tmp = str.lastIndexOf(search);,2,1,0,1,2,0,8,0,0,11,30,5,0.0,0,0
defect4j,lang,org/apache/commons/lang3/StringUtils,39,1601,        if (str == null) {,2,1,0,1,3,0,0,0,0,3,18,4,0.0,0,0
defect4j,lang,org/apache/commons/lang3/StringUtils,39,1606,        if (start < 0) {,2,1,0,1,3,0,0,0,0,3,16,4,0.0,0,0
defect4j,lang,org/apache/commons/lang3/StringUtils,39,1610,        if (start < 0) {,2,1,0,1,3,0,0,0,0,3,16,4,0.0,0,0
defect4j,lang,org/apache/commons/lang3/StringUtils,39,1613,        if (start > str.length()) {,2,1,0,2,5,0,4,0,0,7,27,4,0.0,0,0
defect4j,lang,org/apache/commons/lang3/StringUtils,39,1614,            return EMPTY;,4,0,1,0,0,1,0,0,0,9,13,3,0.0,0,0
defect4j,lang,org/apache/commons/lang3/StringUtils,39,1617,        return str.substring(start);,4,0,0,1,2,1,6,0,0,10,28,3,0.0,0,0
defect4j,lang,org/apache/commons/lang3/StringUtils,39,1656,        if (str == null) {,2,1,0,1,3,0,0,0,0,3,18,4,0.0,0,0
defect4j,lang,org/apache/commons/lang3/StringUtils,39,1661,        if (end < 0) {,2,1,0,1,3,0,0,0,0,3,14,4,0.0,0,0
defect4j,lang,org/apache/commons/lang3/StringUtils,39,1662,            end = str.length() + end; // remember end is negative,4,0,0,1,2,0,0,0,0,4,53,7,0.0,0,0
defect4j,lang,org/apache/commons/lang3/StringUtils,39,1664,        if (start < 0) {,4,1,0,1,3,0,4,0,0,9,16,3,0.0,0,0
defect4j,lang,org/apache/commons/lang3/StringUtils,39,1665,            start = str.length() + start; // remember start is negative,2,0,0,1,2,0,4,0,0,7,59,3,0.0,0,0
defect4j,lang,org/apache/commons/lang3/StringUtils,39,1669,        if (end > str.length()) {,2,1,0,2,5,0,4,0,0,7,25,4,0.0,0,0
defect4j,lang,org/apache/commons/lang3/StringUtils,39,1674,        if (start > end) {,4,1,0,1,3,0,0,0,0,5,18,4,0.0,0,0
defect4j,lang,org/apache/commons/lang3/StringUtils,39,1675,            return EMPTY;,2,0,0,0,0,1,0,0,0,2,13,6,0.0,0,0
defect4j,lang,org/apache/commons/lang3/StringUtils,39,1678,        if (start < 0) {,2,1,0,1,3,0,0,0,0,3,16,4,0.0,0,0
defect4j,lang,org/apache/commons/lang3/StringUtils,39,1679,            start = 0;,0,0,0,0,0,0,8,0,0,8,10,5,0.0,0,0
defect4j,lang,org/apache/commons/lang3/StringUtils,39,1681,        if (end < 0) {,2,0,0,1,3,0,0,0,0,2,14,4,0.0,0,0
defect4j,lang,org/apache/commons/lang3/StringUtils,39,1682,            end = 0;,14,0,0,0,0,0,0,2,0,18,8,3,0.0,0,0
defect4j,lang,org/apache/commons/lang3/StringUtils,39,1685,"        return str.substring(start, end);",2,0,0,1,2,1,14,0,0,17,33,3,0.0,0,0
defect4j,lang,org/apache/commons/lang3/StringUtils,39,1711,        if (str == null) {,2,1,0,1,3,0,0,0,0,3,18,4,0.0,0,0
defect4j,lang,org/apache/commons/lang3/StringUtils,39,1718,            return str;,4,0,0,0,0,1,0,0,0,4,11,6,0.0,0,0
defect4j,lang,org/apache/commons/lang3/StringUtils,39,1720,"        return str.substring(0, len);",2,1,0,1,2,1,6,0,0,10,29,3,0.0,0,0
defect4j,lang,org/apache/commons/lang3/StringUtils,39,1744,        if (str == null) {,8,2,1,1,3,0,0,0,0,12,18,3,0.0,0,0
defect4j,lang,org/apache/commons/lang3/StringUtils,39,1747,        if (len < 0) {,2,1,0,1,3,0,0,0,0,3,14,4,0.0,0,0
defect4j,lang,org/apache/commons/lang3/StringUtils,39,1750,        if (str.length() <= len) {,2,1,0,2,5,0,4,0,0,7,26,4,0.0,0,0
defect4j,lang,org/apache/commons/lang3/StringUtils,39,1751,            return str;,2,0,0,0,0,1,0,0,0,2,11,6,0.0,0,0
defect4j,lang,org/apache/commons/lang3/StringUtils,39,1781,        if (str == null) {,2,0,0,1,3,0,0,0,0,2,18,5,0.0,0,0
defect4j,lang,org/apache/commons/lang3/StringUtils,39,1782,            return null;,4,2,0,0,0,1,4,0,0,10,12,4,0.0,0,0
defect4j,lang,org/apache/commons/lang3/StringUtils,39,1784,        if (len < 0 || pos > str.length()) {,4,3,0,2,5,0,4,0,0,11,36,4,0.0,0,0
defect4j,lang,org/apache/commons/lang3/StringUtils,39,1785,            return EMPTY;,2,0,0,0,0,1,0,0,0,2,13,6,0.0,0,0
defect4j,lang,org/apache/commons/lang3/StringUtils,39,1788,            pos = 0;,2,0,0,0,0,0,0,0,0,3,8,6,0.0,0,0
defect4j,lang,org/apache/commons/lang3/StringUtils,39,1793,"        return str.substring(pos, pos + len);",4,1,0,1,2,1,6,0,0,11,37,5,0.0,0,0
defect4j,lang,org/apache/commons/lang3/StringUtils,39,1830,            return EMPTY;,2,0,0,0,0,1,0,0,0,2,13,6,0.0,0,0
defect4j,lang,org/apache/commons/lang3/StringUtils,39,1833,        if (pos == -1) {,2,1,0,1,3,0,0,0,0,4,16,4,0.0,0,0
defect4j,lang,org/apache/commons/lang3/StringUtils,39,1834,            return str;,2,0,0,0,0,1,0,0,0,2,11,6,0.0,0,0
defect4j,lang,org/apache/commons/lang3/StringUtils,39,1836,"        return str.substring(0, pos);",2,1,0,1,2,1,6,0,0,9,29,3,0.0,0,0
defect4j,lang,org/apache/commons/lang3/StringUtils,39,1869,            return str;,4,1,0,0,0,1,8,0,0,13,11,3,0.0,0,0
defect4j,lang,org/apache/commons/lang3/StringUtils,39,1871,        if (separator == null) {,2,1,0,1,3,0,0,0,0,3,24,4,0.0,0,0
defect4j,lang,org/apache/commons/lang3/StringUtils,39,1872,            return EMPTY;,2,0,0,0,0,1,0,0,0,2,13,6,0.0,0,0
defect4j,lang,org/apache/commons/lang3/StringUtils,39,1874,        int pos = str.indexOf(separator);,2,0,0,1,2,0,6,0,0,8,33,5,0.0,0,0
defect4j,lang,org/apache/commons/lang3/StringUtils,39,1878,        return str.substring(pos + separator.length());,4,1,0,2,4,1,4,0,0,10,47,6,0.0,0,0
defect4j,lang,org/apache/commons/lang3/StringUtils,39,1909,        if (isEmpty(str) || isEmpty(separator)) {,2,1,0,3,7,0,0,0,0,3,41,4,0.0,0,0
defect4j,lang,org/apache/commons/lang3/StringUtils,39,1910,            return str;,4,0,0,0,0,1,6,0,0,10,11,5,0.0,0,0
defect4j,lang,org/apache/commons/lang3/StringUtils,39,1912,        int pos = str.lastIndexOf(separator);,2,0,0,1,2,0,6,0,0,8,37,5,0.0,0,0
defect4j,lang,org/apache/commons/lang3/StringUtils,39,1914,            return str;,2,0,0,0,0,1,12,0,0,16,11,1,0.0,0,0
defect4j,lang,org/apache/commons/lang3/StringUtils,39,1950,            return str;,10,6,0,0,0,1,0,0,0,16,11,4,0.0,0,0
defect4j,lang,org/apache/commons/lang3/StringUtils,39,1953,            return EMPTY;,2,0,0,0,0,1,0,0,0,2,13,6,0.0,0,0
defect4j,lang,org/apache/commons/lang3/StringUtils,39,1955,        int pos = str.lastIndexOf(separator);,4,0,0,1,2,0,12,4,0,21,37,3,0.0,0,0
defect4j,lang,org/apache/commons/lang3/StringUtils,39,1956,        if (pos == -1 || pos == (str.length() - separator.length())) {,2,0,0,4,9,0,0,0,0,2,62,4,0.0,0,0
defect4j,lang,org/apache/commons/lang3/StringUtils,39,1957,            return EMPTY;,2,0,0,0,0,1,0,0,0,2,13,6,0.0,0,0
defect4j,lang,org/apache/commons/lang3/StringUtils,39,2017,        if (str == null || open == null || close == null) {,2,0,0,1,3,0,8,0,0,11,51,6,0.0,0,0
defect4j,lang,org/apache/commons/lang3/StringUtils,39,2022,"            int end = str.indexOf(close, start + open.length());",4,1,0,2,4,0,10,0,0,15,52,7,0.0,0,0
defect4j,lang,org/apache/commons/lang3/StringUtils,39,2024,"                return str.substring(start + open.length(), end);",4,1,0,2,4,1,10,0,0,15,49,5,0.0,0,0
defect4j,lang,org/apache/commons/lang3/StringUtils,39,2053,        if (str == null || isEmpty(open) || isEmpty(close)) {,2,3,0,3,7,0,8,0,0,15,53,4,0.0,0,0
defect4j,lang,org/apache/commons/lang3/StringUtils,39,2058,            return ArrayUtils.EMPTY_STRING_ARRAY;,4,0,0,0,0,1,0,0,0,4,37,7,0.0,0,0
defect4j,lang,org/apache/commons/lang3/StringUtils,39,2060,        int closeLen = close.length();,2,0,0,1,2,0,4,0,0,6,30,5,0.0,0,0
defect4j,lang,org/apache/commons/lang3/StringUtils,39,2061,        int openLen = open.length();,2,1,0,1,2,0,0,0,0,3,28,9,0.0,0,0
defect4j,lang,org/apache/commons/lang3/StringUtils,39,2063,        int pos = 0;,2,0,0,0,0,0,0,0,0,2,12,5,0.0,0,0
defect4j,lang,org/apache/commons/lang3/StringUtils,39,2066,            if (start < 0) {,4,1,0,1,3,0,4,0,0,10,16,3,0.0,0,0
defect4j,lang,org/apache/commons/lang3/StringUtils,39,2069,            start += openLen;,4,1,0,0,0,0,0,0,0,5,17,4,0.0,0,0
defect4j,lang,org/apache/commons/lang3/StringUtils,39,2071,            if (end < 0) {,2,1,0,1,3,0,0,0,0,3,14,6,0.0,0,0
defect4j,lang,org/apache/commons/lang3/StringUtils,39,2077,        if (list.isEmpty()) {,2,0,0,2,5,0,4,0,0,7,21,4,0.0,0,0
defect4j,lang,org/apache/commons/lang3/StringUtils,39,2080,        return list.toArray(new String [list.size()]);,0,0,0,3,6,1,16,6,0,22,46,4,0.0,0,0
defect4j,lang,org/apache/commons/lang3/StringUtils,39,2111,"        return split(str, null, -1);",2,0,0,1,2,1,4,0,0,8,28,4,0.0,0,0
defect4j,lang,org/apache/commons/lang3/StringUtils,39,2229,"        return splitByWholeSeparatorWorker( str, separator, -1, false ) ;",0,0,0,1,2,1,12,0,0,14,65,3,0.0,0,0
defect4j,lang,org/apache/commons/lang3/StringUtils,39,2289,"        return splitByWholeSeparatorWorker(str, separator, -1, true);",10,2,0,1,2,1,10,2,0,26,61,3,0.0,0,0
defect4j,lang,org/apache/commons/lang3/StringUtils,39,2348,        if (len == 0) {,6,1,0,1,3,0,6,0,0,13,15,3,0.0,0,0
defect4j,lang,org/apache/commons/lang3/StringUtils,39,2359,        ArrayList<String> substrings = new ArrayList<String>();,4,0,0,1,2,0,0,8,0,12,55,3,0.0,0,0
defect4j,lang,org/apache/commons/lang3/StringUtils,39,2360,        int numberOfSubstrings = 0;,6,0,0,0,0,0,0,0,0,7,27,3,0.0,0,0
defect4j,lang,org/apache/commons/lang3/StringUtils,39,2361,        int beg = 0;,4,0,1,0,0,1,0,4,0,11,12,4,0.0,0,0
defect4j,lang,org/apache/commons/lang3/StringUtils,39,2362,        int end = 0;,4,2,0,0,0,0,12,0,0,19,12,1,0.0,0,0
defect4j,lang,org/apache/commons/lang3/StringUtils,39,2363,        while (end < len) {,4,1,0,1,3,0,0,0,0,5,19,4,0.0,0,0
defect4j,lang,org/apache/commons/lang3/StringUtils,39,2364,"            end = str.indexOf(separator, beg);",4,0,0,1,2,0,8,0,0,15,34,3,0.0,0,0
defect4j,lang,org/apache/commons/lang3/StringUtils,39,2366,            if (end > -1) {,2,1,0,1,3,0,0,0,0,4,15,6,0.0,0,0
defect4j,lang,org/apache/commons/lang3/StringUtils,39,2367,                if (end > beg) {,4,1,0,1,3,0,0,0,0,5,16,8,0.0,0,0
defect4j,lang,org/apache/commons/lang3/StringUtils,39,2368,                    numberOfSubstrings += 1;,4,0,1,0,0,0,0,0,0,10,24,5,0.0,0,0
defect4j,lang,org/apache/commons/lang3/StringUtils,39,2370,                    if (numberOfSubstrings == max) {,4,1,0,1,3,0,0,0,0,5,32,10,0.0,0,0
defect4j,lang,org/apache/commons/lang3/StringUtils,39,2372,                        substrings.add(str.substring(beg));,0,0,0,2,4,0,10,0,0,10,35,13,0.0,0,0
defect4j,lang,org/apache/commons/lang3/StringUtils,39,2381,                        beg = end + separatorLength;,2,0,0,0,0,0,12,0,0,15,28,6,0.0,0,0
defect4j,lang,org/apache/commons/lang3/StringUtils,39,2387,                        if (numberOfSubstrings == max) {,4,1,0,1,3,0,0,0,0,5,32,12,0.0,0,0
defect4j,lang,org/apache/commons/lang3/StringUtils,39,2388,                            end = len;,6,0,0,0,0,0,0,0,0,9,10,3,0.0,0,0
defect4j,lang,org/apache/commons/lang3/StringUtils,39,2394,                    beg = end + separatorLength;,6,1,0,0,0,0,0,0,0,8,28,10,0.0,0,0
defect4j,lang,org/apache/commons/lang3/StringUtils,39,2398,                substrings.add(str.substring(beg));,2,1,0,2,4,0,10,0,0,13,35,6,0.0,0,0
defect4j,lang,org/apache/commons/lang3/StringUtils,39,2399,                end = len;,4,0,0,0,0,0,0,0,0,5,10,8,0.0,0,0
defect4j,lang,org/apache/commons/lang3/StringUtils,39,2468,"        return splitWorker(str, separatorChar, true);",0,0,0,1,2,1,22,0,0,27,45,3,0.0,0,0
defect4j,lang,org/apache/commons/lang3/StringUtils,39,2486,        if (str == null) {,2,1,0,1,3,0,0,0,0,3,18,4,0.0,0,0
defect4j,lang,org/apache/commons/lang3/StringUtils,39,2489,        int len = str.length();,2,0,0,1,2,0,4,0,0,6,23,5,0.0,0,0
defect4j,lang,org/apache/commons/lang3/StringUtils,39,2494,"        int i = 0, start = 0;",4,0,0,0,0,0,0,0,0,4,21,5,0.0,0,0
defect4j,lang,org/apache/commons/lang3/StringUtils,39,2495,        boolean match = false;,2,0,0,0,0,0,0,0,0,3,22,5,0.0,0,0
defect4j,lang,org/apache/commons/lang3/StringUtils,39,2496,        boolean lastMatch = false;,2,0,0,0,0,0,0,0,0,3,26,5,0.0,0,0
defect4j,lang,org/apache/commons/lang3/StringUtils,39,2497,        while (i < len) {,4,1,0,1,3,0,0,0,0,5,17,4,0.0,0,0
defect4j,lang,org/apache/commons/lang3/StringUtils,39,2498,            if (str.charAt(i) == separatorChar) {,2,1,0,2,5,0,6,0,0,10,37,1,0.0,0,0
defect4j,lang,org/apache/commons/lang3/StringUtils,39,2501,                    match = false;,8,1,0,0,0,0,0,0,0,12,14,3,0.0,0,0
defect4j,lang,org/apache/commons/lang3/StringUtils,39,2502,                    lastMatch = true;,2,1,0,0,0,0,4,0,0,9,17,3,0.0,0,0
defect4j,lang,org/apache/commons/lang3/StringUtils,39,2507,            lastMatch = false;,2,0,0,0,0,0,0,0,0,3,18,6,0.0,0,0
defect4j,lang,org/apache/commons/lang3/StringUtils,39,2508,            match = true;,4,0,0,0,0,0,16,0,0,22,13,3,0.0,0,0
defect4j,lang,org/apache/commons/lang3/StringUtils,39,2509,            i++;,2,0,0,0,0,0,0,0,0,3,4,6,0.0,0,0
defect4j,lang,org/apache/commons/lang3/StringUtils,39,2613,        if (str == null) {,2,1,0,1,3,0,0,0,0,3,18,4,0.0,0,0
defect4j,lang,org/apache/commons/lang3/StringUtils,39,2616,        int len = str.length();,2,0,0,1,2,0,4,0,0,6,23,5,0.0,0,0
defect4j,lang,org/apache/commons/lang3/StringUtils,39,2618,            return ArrayUtils.EMPTY_STRING_ARRAY;,4,0,0,0,0,1,0,0,0,4,37,7,0.0,0,0
defect4j,lang,org/apache/commons/lang3/StringUtils,39,2620,        List<String> list = new ArrayList<String>();,4,1,0,1,2,0,0,8,0,13,44,3,0.0,0,0
defect4j,lang,org/apache/commons/lang3/StringUtils,39,2621,        int sizePlus1 = 1;,2,0,0,0,0,0,0,0,0,2,18,5,0.0,0,0
defect4j,lang,org/apache/commons/lang3/StringUtils,39,2622,"        int i = 0, start = 0;",4,0,0,0,0,0,0,0,0,4,21,5,0.0,0,0
defect4j,lang,org/apache/commons/lang3/StringUtils,39,2624,        boolean lastMatch = false;,4,0,0,0,0,0,0,0,0,5,26,3,0.0,0,0
defect4j,lang,org/apache/commons/lang3/StringUtils,39,2629,                    if (match || preserveAllTokens) {,4,1,0,1,3,0,4,0,0,10,33,4,0.0,0,0
defect4j,lang,org/apache/commons/lang3/StringUtils,39,2630,                        lastMatch = true;,12,1,0,0,0,0,0,0,0,16,17,3,0.0,0,0
defect4j,lang,org/apache/commons/lang3/StringUtils,39,2632,                            i = len;,2,1,0,0,0,0,0,0,0,3,8,4,0.0,0,0
defect4j,lang,org/apache/commons/lang3/StringUtils,39,2633,                            lastMatch = false;,2,0,0,0,0,0,0,0,0,4,18,14,0.0,0,0
defect4j,lang,org/apache/commons/lang3/StringUtils,39,2636,                        match = false;,2,0,0,0,0,0,0,0,0,4,14,12,0.0,0,0
defect4j,lang,org/apache/commons/lang3/StringUtils,39,2641,                lastMatch = false;,4,0,0,0,0,0,0,0,0,6,18,10,0.0,0,0
defect4j,lang,org/apache/commons/lang3/StringUtils,39,2642,                match = true;,6,3,0,0,0,0,0,0,0,11,13,4,0.0,0,0
defect4j,lang,org/apache/commons/lang3/StringUtils,39,2643,                i++;,4,0,0,0,0,0,6,0,0,12,4,3,0.0,0,0
defect4j,lang,org/apache/commons/lang3/StringUtils,39,2650,                    if (match || preserveAllTokens) {,4,1,0,1,3,0,0,0,0,5,33,11,0.0,0,0
defect4j,lang,org/apache/commons/lang3/StringUtils,39,2651,                        lastMatch = true;,2,0,0,0,0,0,0,0,0,4,17,13,0.0,0,0
defect4j,lang,org/apache/commons/lang3/StringUtils,39,2652,                        if (sizePlus1++ == max) {,4,1,0,1,3,0,0,0,0,6,25,13,0.0,0,0
defect4j,lang,org/apache/commons/lang3/StringUtils,39,2653,                            i = len;,4,0,0,0,0,0,8,0,0,14,8,3,0.0,0,0
defect4j,lang,org/apache/commons/lang3/StringUtils,39,2654,                            lastMatch = false;,2,0,0,0,0,0,0,0,0,4,18,15,0.0,0,0
defect4j,lang,org/apache/commons/lang3/StringUtils,39,2656,"                        list.add(str.substring(start, i));",0,0,0,2,4,0,12,0,0,12,34,14,0.0,0,0
defect4j,lang,org/apache/commons/lang3/StringUtils,39,2657,                        match = false;,2,0,0,0,0,0,0,0,0,4,14,13,0.0,0,0
defect4j,lang,org/apache/commons/lang3/StringUtils,39,2659,                    start = ++i;,4,0,0,0,0,0,0,0,0,6,12,11,0.0,0,0
defect4j,lang,org/apache/commons/lang3/StringUtils,39,2666,        } else {,2,1,0,0,2,0,0,0,0,3,8,4,0.0,0,0
defect4j,lang,org/apache/commons/lang3/StringUtils,39,2668,            while (i < len) {,8,2,0,1,3,0,0,0,0,10,17,3,0.0,0,0
defect4j,lang,org/apache/commons/lang3/StringUtils,39,2669,                if (separatorChars.indexOf(str.charAt(i)) >= 0) {,4,1,0,3,7,0,10,0,0,15,49,7,0.0,0,0
defect4j,lang,org/apache/commons/lang3/StringUtils,39,2670,                    if (match || preserveAllTokens) {,12,1,0,1,3,0,4,0,0,18,33,3,0.0,0,0
defect4j,lang,org/apache/commons/lang3/StringUtils,39,2671,                        lastMatch = true;,2,0,0,0,0,0,0,0,0,4,17,13,0.0,0,0
defect4j,lang,org/apache/commons/lang3/StringUtils,39,2672,                        if (sizePlus1++ == max) {,18,3,0,1,3,0,0,0,0,24,25,3,0.0,0,0
defect4j,lang,org/apache/commons/lang3/StringUtils,39,2673,                            i = len;,0,1,0,0,0,0,14,0,0,19,8,4,0.0,0,0
defect4j,lang,org/apache/commons/lang3/StringUtils,39,2674,                            lastMatch = false;,2,0,0,0,0,0,0,0,0,4,18,15,0.0,0,0
defect4j,lang,org/apache/commons/lang3/StringUtils,39,2677,                        match = false;,6,1,0,0,0,0,4,0,0,14,14,4,0.0,0,0
defect4j,lang,org/apache/commons/lang3/StringUtils,39,2679,                    start = ++i;,4,0,0,0,0,0,0,0,0,6,12,11,0.0,0,0
defect4j,lang,org/apache/commons/lang3/StringUtils,39,2682,                lastMatch = false;,4,4,0,0,0,0,8,0,0,18,18,4,0.0,0,0
defect4j,lang,org/apache/commons/lang3/StringUtils,39,2684,                i++;,4,1,0,0,0,0,0,0,0,6,4,4,0.0,0,0
defect4j,lang,org/apache/commons/lang3/StringUtils,39,2687,        if (match || (preserveAllTokens && lastMatch)) {,8,2,0,2,5,0,0,2,0,13,48,4,0.0,0,0
defect4j,lang,org/apache/commons/lang3/StringUtils,39,2688,"            list.add(str.substring(start, i));",6,2,0,2,4,0,4,0,0,12,34,3,0.0,0,0
defect4j,lang,org/apache/commons/lang3/StringUtils,39,2762,        if (str.length() == 0) {,2,0,0,2,5,0,4,2,0,8,24,6,0.0,0,0
defect4j,lang,org/apache/commons/lang3/StringUtils,39,2763,            return ArrayUtils.EMPTY_STRING_ARRAY;,0,0,0,0,0,1,6,0,0,6,37,15,0.0,0,0
defect4j,lang,org/apache/commons/lang3/StringUtils,39,2765,        char[] c = str.toCharArray();,2,0,0,2,4,0,10,0,0,12,29,3,0.0,0,0
defect4j,lang,org/apache/commons/lang3/StringUtils,39,2766,        List<String> list = new ArrayList<String>();,4,1,0,1,2,0,0,8,0,13,44,3,0.0,0,0
defect4j,lang,org/apache/commons/lang3/StringUtils,39,2768,        int currentType = Character.getType(c[tokenStart]);,2,0,1,2,4,0,4,0,0,10,51,5,0.0,0,0
defect4j,lang,org/apache/commons/lang3/StringUtils,39,2771,            if (type == currentType) {,12,2,0,1,3,0,0,0,0,15,26,4,0.0,0,0
defect4j,lang,org/apache/commons/lang3/StringUtils,39,2776,                if (newTokenStart != tokenStart) {,4,1,0,1,3,0,0,0,0,5,34,8,0.0,0,0
defect4j,lang,org/apache/commons/lang3/StringUtils,39,2778,                    tokenStart = newTokenStart;,6,1,0,0,0,0,0,0,0,8,27,3,0.0,0,0
defect4j,lang,org/apache/commons/lang3/StringUtils,39,2782,                tokenStart = pos;,4,0,0,0,0,0,0,0,0,5,17,8,0.0,0,0
defect4j,lang,org/apache/commons/lang3/StringUtils,39,2786,"        list.add(new String(c, tokenStart, c.length - tokenStart));",14,1,0,2,4,0,4,2,0,21,59,3,0.0,0,0
defect4j,lang,org/apache/commons/lang3/StringUtils,39,2787,        return list.toArray(new String[list.size()]);,6,3,0,3,6,1,0,0,0,9,45,4,0.0,0,0
defect4j,lang,org/apache/commons/lang3/StringUtils,39,2839,        if (array == null) {,6,1,0,1,3,0,0,0,0,7,20,3,0.0,0,0
defect4j,lang,org/apache/commons/lang3/StringUtils,39,2843,"        return join(array, separator, 0, array.length);",2,1,0,1,2,1,0,0,0,3,47,4,0.0,0,0
defect4j,lang,org/apache/commons/lang3/StringUtils,39,2873,        if (array == null) {,2,6,0,1,3,0,16,0,0,24,20,3,0.0,0,0
defect4j,lang,org/apache/commons/lang3/StringUtils,39,2874,            return null;,2,1,0,0,0,1,0,0,0,3,12,4,0.0,0,0
defect4j,lang,org/apache/commons/lang3/StringUtils,39,2876,        int bufSize = (endIndex - startIndex);,6,1,0,1,2,0,0,0,0,8,38,3,0.0,0,0
defect4j,lang,org/apache/commons/lang3/StringUtils,39,2878,            return EMPTY;,4,1,0,0,0,1,0,0,0,5,13,4,0.0,0,0
defect4j,lang,org/apache/commons/lang3/StringUtils,39,2881,        bufSize *= ((array[startIndex] == null ? 16 : array[startIndex].toString().length()) + 1);,2,2,1,6,12,0,4,0,0,17,90,4,0.0,0,0
defect4j,lang,org/apache/commons/lang3/StringUtils,39,2882,        StringBuilder buf = new StringBuilder(bufSize);,4,0,0,1,2,0,0,4,0,9,47,3,0.0,0,0
defect4j,lang,org/apache/commons/lang3/StringUtils,39,2884,        for (int i = startIndex; i < endIndex; i++) {,10,1,0,1,3,0,0,0,0,12,45,4,0.0,0,0
defect4j,lang,org/apache/commons/lang3/StringUtils,39,2885,            if (i > startIndex) {,4,1,0,1,3,0,0,0,0,5,21,6,0.0,0,0
defect4j,lang,org/apache/commons/lang3/StringUtils,39,2889,                buf.append(array[i]);,0,3,1,2,4,0,14,2,0,25,21,3,0.0,0,0
defect4j,lang,org/apache/commons/lang3/StringUtils,39,2920,        if (array == null) {,2,1,0,1,3,0,0,0,0,3,20,4,0.0,0,0
defect4j,lang,org/apache/commons/lang3/StringUtils,39,2921,            return null;,8,5,0,0,0,1,8,0,0,21,12,4,0.0,0,0
defect4j,lang,org/apache/commons/lang3/StringUtils,39,2954,        if (array == null) {,2,1,0,1,3,0,0,0,0,3,20,4,0.0,0,0
defect4j,lang,org/apache/commons/lang3/StringUtils,39,2957,        if (separator == null) {,6,1,0,1,3,0,0,0,0,8,24,4,0.0,0,0
defect4j,lang,org/apache/commons/lang3/StringUtils,39,2964,        if (bufSize <= 0) {,6,2,0,1,3,0,4,4,0,16,19,3,0.0,0,0
defect4j,lang,org/apache/commons/lang3/StringUtils,39,2965,            return EMPTY;,2,0,0,0,0,1,0,0,0,2,13,6,0.0,0,0
defect4j,lang,org/apache/commons/lang3/StringUtils,39,2971,        StringBuilder buf = new StringBuilder(bufSize);,10,1,0,1,2,0,0,4,0,15,47,3,0.0,0,0
defect4j,lang,org/apache/commons/lang3/StringUtils,39,2973,        for (int i = startIndex; i < endIndex; i++) {,14,2,0,1,3,0,0,0,0,17,45,3,0.0,0,0
defect4j,lang,org/apache/commons/lang3/StringUtils,39,2977,            if (array[i] != null) {,6,2,0,2,5,0,0,0,0,8,23,4,0.0,0,0
defect4j,lang,org/apache/commons/lang3/StringUtils,39,3001,        if (iterator == null) {,2,1,0,1,3,0,0,0,0,3,23,4,0.0,0,0
defect4j,lang,org/apache/commons/lang3/StringUtils,39,3007,        Object first = iterator.next();,6,1,0,1,2,1,16,2,0,26,31,3,0.0,0,0
defect4j,lang,org/apache/commons/lang3/StringUtils,39,3014,        if (first != null) {,2,1,0,1,3,0,6,0,0,9,20,4,0.0,0,0
defect4j,lang,org/apache/commons/lang3/StringUtils,39,3015,            buf.append(first);,4,1,0,1,2,0,6,0,0,11,18,3,0.0,0,0
defect4j,lang,org/apache/commons/lang3/StringUtils,39,3018,        while (iterator.hasNext()) {,2,1,0,2,5,0,4,0,0,7,28,3,0.0,0,0
defect4j,lang,org/apache/commons/lang3/StringUtils,39,3020,            Object obj = iterator.next();,4,0,0,1,2,0,4,2,0,10,29,3,0.0,0,0
defect4j,lang,org/apache/commons/lang3/StringUtils,39,3045,        if (iterator == null) {,2,1,0,1,3,0,0,0,0,3,23,4,0.0,0,0
defect4j,lang,org/apache/commons/lang3/StringUtils,39,3051,        Object first = iterator.next();,6,1,0,1,2,0,4,2,0,13,31,3,0.0,0,0
defect4j,lang,org/apache/commons/lang3/StringUtils,39,3052,        if (!iterator.hasNext()) {,10,1,0,2,5,0,4,0,0,17,26,3,0.0,0,0
defect4j,lang,org/apache/commons/lang3/StringUtils,39,3058,        if (first != null) {,2,1,0,1,3,0,0,0,0,3,20,4,0.0,0,0
defect4j,lang,org/apache/commons/lang3/StringUtils,39,3063,            if (separator != null) {,2,1,0,1,3,0,0,0,0,3,24,6,0.0,0,0
defect4j,lang,org/apache/commons/lang3/StringUtils,39,3066,            Object obj = iterator.next();,2,0,0,1,2,0,8,2,0,12,29,1,0.0,0,0
defect4j,lang,org/apache/commons/lang3/StringUtils,39,3067,            if (obj != null) {,2,1,0,1,3,0,0,0,0,3,18,6,0.0,0,0
defect4j,lang,org/apache/commons/lang3/StringUtils,39,3068,                buf.append(obj);,4,0,0,1,2,0,12,0,0,16,16,3,0.0,0,0
defect4j,lang,org/apache/commons/lang3/StringUtils,39,3136,        int sz = str.length();,2,0,0,1,2,0,0,0,0,3,22,3,0.0,0,0
defect4j,lang,org/apache/commons/lang3/StringUtils,39,3137,        char[] chs = new char[sz];,4,1,1,2,4,0,0,2,0,10,26,3,0.0,0,0
defect4j,lang,org/apache/commons/lang3/StringUtils,39,3139,        for (int i = 0; i < sz; i++) {,10,1,1,1,3,0,0,2,0,18,30,4,0.0,0,0
defect4j,lang,org/apache/commons/lang3/StringUtils,39,3141,                chs[count++] = str.charAt(i);,2,0,1,2,4,0,6,0,0,12,29,8,0.0,0,0
defect4j,lang,org/apache/commons/lang3/StringUtils,39,3147,"        return new String(chs, 0, count);",4,0,0,1,2,1,0,2,0,6,33,5,0.0,0,0
defect4j,lang,org/apache/commons/lang3/StringUtils,39,3177,        if (isEmpty(str) || isEmpty(remove)) {,0,1,0,3,7,0,8,0,0,9,38,4,0.0,0,0
defect4j,lang,org/apache/commons/lang3/StringUtils,39,3178,            return str;,2,0,0,0,0,1,0,0,0,2,11,6,0.0,0,0
defect4j,lang,org/apache/commons/lang3/StringUtils,39,3180,        if (str.startsWith(remove)){,2,1,0,2,5,0,6,0,0,9,28,4,0.0,0,0
defect4j,lang,org/apache/commons/lang3/StringUtils,39,3183,        return str;,6,3,0,0,0,1,0,0,0,9,11,3,0.0,0,0
defect4j,lang,org/apache/commons/lang3/StringUtils,39,3212,        if (isEmpty(str) || isEmpty(remove)) {,0,1,0,3,7,0,8,0,0,9,38,4,0.0,0,0
defect4j,lang,org/apache/commons/lang3/StringUtils,39,3216,            return str.substring(remove.length());,8,1,0,2,4,1,12,2,0,23,38,3,0.0,0,0
defect4j,lang,org/apache/commons/lang3/StringUtils,39,3218,        return str;,4,1,0,0,0,1,0,0,0,5,11,3,0.0,0,0
defect4j,lang,org/apache/commons/lang3/StringUtils,39,3246,        if (isEmpty(str) || isEmpty(remove)) {,0,1,0,3,7,0,8,0,0,9,38,4,0.0,0,0
defect4j,lang,org/apache/commons/lang3/StringUtils,39,3247,            return str;,2,0,0,0,0,1,0,0,0,2,11,6,0.0,0,0
defect4j,lang,org/apache/commons/lang3/StringUtils,39,3250,"            return str.substring(0, str.length() - remove.length());",4,2,0,3,6,1,12,0,0,18,56,4,0.0,0,0
defect4j,lang,org/apache/commons/lang3/StringUtils,39,3252,        return str;,2,0,0,0,0,1,0,0,0,2,11,6,0.0,0,0
defect4j,lang,org/apache/commons/lang3/StringUtils,39,3286,        return str;,2,0,0,0,0,1,0,0,0,2,11,4,0.0,0,0
defect4j,lang,org/apache/commons/lang3/StringUtils,39,3313,        if (isEmpty(str) || isEmpty(remove)) {,4,1,0,3,7,0,8,0,0,13,38,3,0.0,0,0
defect4j,lang,org/apache/commons/lang3/StringUtils,39,3314,            return str;,6,0,0,0,0,1,0,0,0,8,11,3,0.0,0,0
defect4j,lang,org/apache/commons/lang3/StringUtils,39,3316,"        return replace(str, remove, EMPTY, -1);",2,0,0,1,2,1,8,0,0,12,39,3,0.0,0,0
defect4j,lang,org/apache/commons/lang3/StringUtils,39,3339,        if (isEmpty(str) || str.indexOf(remove) == -1) {,2,2,0,3,7,0,10,0,0,16,48,3,0.0,0,0
defect4j,lang,org/apache/commons/lang3/StringUtils,39,3342,        char[] chars = str.toCharArray();,2,0,0,2,4,0,4,0,0,7,33,3,0.0,0,0
defect4j,lang,org/apache/commons/lang3/StringUtils,39,3345,            if (chars[i] != remove) {,2,1,1,2,5,0,0,0,0,7,25,6,0.0,0,0
defect4j,lang,org/apache/commons/lang3/StringUtils,39,3346,                chars[pos++] = chars[i];,2,0,1,2,4,0,0,0,0,10,24,8,0.0,0,0
defect4j,lang,org/apache/commons/lang3/StringUtils,39,3349,"        return new String(chars, 0, pos);",4,0,0,1,2,1,0,2,0,6,33,5,0.0,0,0
defect4j,lang,org/apache/commons/lang3/StringUtils,39,3378,"        return replace(text, searchString, replacement, 1);",0,0,0,1,2,1,14,0,0,14,51,3,0.0,0,0
defect4j,lang,org/apache/commons/lang3/StringUtils,39,3438,            return text;,2,0,0,0,0,1,0,0,0,2,12,6,0.0,0,0
defect4j,lang,org/apache/commons/lang3/StringUtils,39,3443,            return text;,4,0,0,0,0,1,6,0,0,11,12,4,0.0,0,0
defect4j,lang,org/apache/commons/lang3/StringUtils,39,3445,        int replLength = searchString.length();,2,1,0,1,2,0,6,0,0,9,39,4,0.0,0,0
defect4j,lang,org/apache/commons/lang3/StringUtils,39,3446,        int increase = replacement.length() - replLength;,4,1,0,1,2,0,4,0,0,9,49,5,0.0,0,0
defect4j,lang,org/apache/commons/lang3/StringUtils,39,3447,        increase = (increase < 0 ? 0 : increase);,8,1,0,1,2,0,0,0,0,12,41,3,0.0,0,0
defect4j,lang,org/apache/commons/lang3/StringUtils,39,3449,        StringBuilder buf = new StringBuilder(text.length() + increase);,10,3,1,2,4,0,4,4,0,26,64,3,0.0,0,0
defect4j,lang,org/apache/commons/lang3/StringUtils,39,3451,"            buf.append(text.substring(start, end)).append(replacement);",2,1,0,3,6,0,16,0,0,19,59,3,0.0,0,0
defect4j,lang,org/apache/commons/lang3/StringUtils,39,3453,            if (--max == 0) {,2,1,1,1,3,0,4,0,0,12,17,3,0.0,0,0
defect4j,lang,org/apache/commons/lang3/StringUtils,39,3454,                break;,2,0,0,0,0,0,0,0,0,2,6,6,0.0,0,0
defect4j,lang,org/apache/commons/lang3/StringUtils,39,3456,"            end = text.indexOf(searchString, start);",4,1,0,1,2,0,8,0,0,14,40,3,0.0,0,0
defect4j,lang,org/apache/commons/lang3/StringUtils,39,3458,        buf.append(text.substring(start));,14,2,0,2,4,0,26,0,0,43,34,3,0.0,0,0
defect4j,lang,org/apache/commons/lang3/StringUtils,39,3553,        int timeToLive = searchList == null ? 0 : searchList.length;,10,2,0,0,0,0,8,0,0,20,60,3,0.0,0,0
defect4j,lang,org/apache/commons/lang3/StringUtils,39,3554,"        return replaceEach(text, searchList, replacementList, true, timeToLive);",0,0,0,1,2,1,10,0,0,11,72,5,0.0,0,0
defect4j,lang,org/apache/commons/lang3/StringUtils,39,3620,"            throw new IllegalStateException(""TimeToLive of "" + timeToLive + "" is less than 0: "" + text);",8,2,0,1,2,0,0,2,0,14,92,4,0.0,0,0
defect4j,lang,org/apache/commons/lang3/StringUtils,39,3628,"            throw new IllegalArgumentException(""Search and Replace array lengths don't match: """,0,0,0,0,1,0,0,2,0,3,83,7,0.0,0,0
defect4j,lang,org/apache/commons/lang3/StringUtils,39,3678,                increase += 3 * greater; // assume 3 matches,4,0,0,0,0,0,0,0,0,5,44,6,0.0,0,0
defect4j,lang,org/apache/commons/lang3/StringUtils,39,3727,            return result;,2,0,0,0,0,1,0,0,0,2,14,6,0.0,0,0
defect4j,lang,org/apache/commons/lang3/StringUtils,39,3730,"        return replaceEach(result, searchList, replacementList, repeat, timeToLive - 1);",8,4,0,1,2,1,10,0,0,22,80,3,0.0,0,0
defect4j,lang,org/apache/commons/lang3/StringUtils,39,3756,        if (str == null) {,2,1,0,1,3,0,0,0,0,3,18,4,0.0,0,0
defect4j,lang,org/apache/commons/lang3/StringUtils,39,3799,        if (isEmpty(str) || isEmpty(searchChars)) {,0,1,0,3,7,0,8,0,0,9,43,4,0.0,0,0
defect4j,lang,org/apache/commons/lang3/StringUtils,39,3803,            replaceChars = EMPTY;,4,0,0,0,0,0,0,0,0,5,21,6,0.0,0,0
defect4j,lang,org/apache/commons/lang3/StringUtils,39,3808,        StringBuilder buf = new StringBuilder(strLength);,4,0,0,1,2,0,6,4,0,14,49,3,0.0,0,0
defect4j,lang,org/apache/commons/lang3/StringUtils,39,3809,        for (int i = 0; i < strLength; i++) {,10,1,0,1,3,0,0,0,0,12,37,4,0.0,0,0
defect4j,lang,org/apache/commons/lang3/StringUtils,39,3810,            char ch = str.charAt(i);,2,0,0,1,2,0,6,0,0,8,24,7,0.0,0,0
defect4j,lang,org/apache/commons/lang3/StringUtils,39,3812,            if (index >= 0) {,2,1,0,1,3,0,4,0,0,7,17,3,0.0,0,0
defect4j,lang,org/apache/commons/lang3/StringUtils,39,3813,                modified = true;,6,1,0,0,0,0,4,0,0,14,16,3,0.0,0,0
defect4j,lang,org/apache/commons/lang3/StringUtils,39,3815,                    buf.append(replaceChars.charAt(index));,2,0,0,2,4,0,10,0,0,12,39,3,0.0,0,0
defect4j,lang,org/apache/commons/lang3/StringUtils,39,3818,                buf.append(ch);,2,0,0,1,2,0,0,0,0,2,15,4,0.0,0,0
defect4j,lang,org/apache/commons/lang3/StringUtils,39,3821,        if (modified) {,2,0,0,1,3,0,0,0,0,2,15,4,0.0,0,0
defect4j,lang,org/apache/commons/lang3/StringUtils,39,3822,            return buf.toString();,8,2,0,1,2,1,4,0,0,14,22,4,0.0,0,0
defect4j,lang,org/apache/commons/lang3/StringUtils,39,3859,        if (str == null) {,2,1,0,1,3,0,8,0,0,12,18,3,0.0,0,0
defect4j,lang,org/apache/commons/lang3/StringUtils,39,3862,        if (overlay == null) {,2,1,0,1,3,0,0,0,0,3,22,6,0.0,0,0
defect4j,lang,org/apache/commons/lang3/StringUtils,39,3863,            overlay = EMPTY;,6,0,0,0,0,0,12,0,0,18,16,3,0.0,0,0
defect4j,lang,org/apache/commons/lang3/StringUtils,39,3866,        if (start < 0) {,2,1,0,1,3,0,0,0,0,3,16,4,0.0,0,0
defect4j,lang,org/apache/commons/lang3/StringUtils,39,3867,            start = 0;,2,0,0,0,0,0,0,0,0,3,10,6,0.0,0,0
defect4j,lang,org/apache/commons/lang3/StringUtils,39,3869,        if (start > len) {,4,1,0,1,3,0,0,0,0,5,18,4,0.0,0,0
defect4j,lang,org/apache/commons/lang3/StringUtils,39,3870,            start = len;,6,0,0,0,0,0,0,0,0,7,12,3,0.0,0,0
defect4j,lang,org/apache/commons/lang3/StringUtils,39,3872,        if (end < 0) {,2,1,0,1,3,0,0,0,0,3,14,4,0.0,0,0
defect4j,lang,org/apache/commons/lang3/StringUtils,39,3875,        if (end > len) {,6,2,0,1,3,0,0,0,0,9,16,4,0.0,0,0
defect4j,lang,org/apache/commons/lang3/StringUtils,39,3876,            end = len;,6,1,1,0,0,0,0,0,0,12,10,5,0.0,0,0
defect4j,lang,org/apache/commons/lang3/StringUtils,39,3878,        if (start > end) {,4,1,0,1,3,0,0,0,0,5,18,4,0.0,0,0
defect4j,lang,org/apache/commons/lang3/StringUtils,39,3880,            start = end;,10,1,0,0,0,0,10,0,0,22,12,5,0.0,0,0
defect4j,lang,org/apache/commons/lang3/StringUtils,39,3881,            end = temp;,4,0,0,0,0,0,0,0,0,5,11,6,0.0,0,0
defect4j,lang,org/apache/commons/lang3/StringUtils,39,3883,        return new StringBuilder(len + start - end + overlay.length() + 1),2,0,0,2,4,1,0,0,0,2,66,7,0.0,0,0
defect4j,lang,org/apache/commons/lang3/StringUtils,39,3919,            return str;,2,0,0,0,0,1,0,0,0,2,11,6,0.0,0,0
defect4j,lang,org/apache/commons/lang3/StringUtils,39,3922,        if (str.length() == 1) {,0,1,0,2,5,0,4,0,0,5,24,4,0.0,0,0
defect4j,lang,org/apache/commons/lang3/StringUtils,39,3923,            char ch = str.charAt(0);,2,0,0,1,2,0,8,0,0,11,24,3,0.0,0,0
defect4j,lang,org/apache/commons/lang3/StringUtils,39,3925,                return EMPTY;,2,0,0,0,0,1,0,0,0,2,13,8,0.0,0,0
defect4j,lang,org/apache/commons/lang3/StringUtils,39,3927,            return str;,12,1,0,0,0,1,0,0,0,14,11,3,0.0,0,0
defect4j,lang,org/apache/commons/lang3/StringUtils,39,3930,        int lastIdx = str.length() - 1;,2,1,0,1,2,0,4,0,0,7,31,5,0.0,0,0
defect4j,lang,org/apache/commons/lang3/StringUtils,39,3933,        if (last == CharUtils.LF) {,2,0,0,1,3,0,0,0,0,2,27,6,0.0,0,0
defect4j,lang,org/apache/commons/lang3/StringUtils,39,3934,            if (str.charAt(lastIdx - 1) == CharUtils.CR) {,8,3,0,2,5,0,4,0,0,15,46,4,0.0,0,0
defect4j,lang,org/apache/commons/lang3/StringUtils,39,3935,                lastIdx--;,8,2,0,0,0,0,4,0,0,15,10,6,0.0,0,0
defect4j,lang,org/apache/commons/lang3/StringUtils,39,3937,        } else if (last != CharUtils.CR) {,8,1,0,1,4,0,0,0,0,10,34,6,0.0,0,0
defect4j,lang,org/apache/commons/lang3/StringUtils,39,3938,            lastIdx++;,2,0,0,0,0,0,0,0,0,3,10,7,0.0,0,0
defect4j,lang,org/apache/commons/lang3/StringUtils,39,3940,"        return str.substring(0, lastIdx);",4,1,0,1,2,1,12,0,0,17,33,3,0.0,0,0
defect4j,lang,org/apache/commons/lang3/StringUtils,39,3970,        if (isEmpty(str) || separator == null) {,2,1,1,2,5,0,0,0,0,7,40,6,0.0,0,0
defect4j,lang,org/apache/commons/lang3/StringUtils,39,3971,            return str;,6,1,0,0,0,1,10,0,0,17,11,5,0.0,0,0
defect4j,lang,org/apache/commons/lang3/StringUtils,39,3973,        if (str.endsWith(separator)) {,2,1,0,2,5,0,6,0,0,9,30,4,0.0,0,0
defect4j,lang,org/apache/commons/lang3/StringUtils,39,3976,        return str;,2,0,0,0,0,1,0,0,0,3,11,6,0.0,0,0
defect4j,lang,org/apache/commons/lang3/StringUtils,39,4010,            return EMPTY;,2,0,0,0,0,1,0,0,0,2,13,6,0.0,0,0
defect4j,lang,org/apache/commons/lang3/StringUtils,39,4012,        int lastIdx = strLen - 1;,4,1,0,0,0,0,4,0,0,11,25,3,0.0,0,0
defect4j,lang,org/apache/commons/lang3/StringUtils,39,4013,"        String ret = str.substring(0, lastIdx);",2,0,0,1,2,0,6,2,0,10,39,4,0.0,0,0
defect4j,lang,org/apache/commons/lang3/StringUtils,39,4015,        if (last == CharUtils.LF) {,16,2,1,1,3,0,0,0,0,27,27,3,0.0,0,0
defect4j,lang,org/apache/commons/lang3/StringUtils,39,4016,            if (ret.charAt(lastIdx - 1) == CharUtils.CR) {,6,2,0,2,5,0,4,0,0,12,46,6,0.0,0,0
defect4j,lang,org/apache/commons/lang3/StringUtils,39,4020,        return ret;,2,0,0,0,0,1,0,0,0,2,11,4,0.0,0,0
defect4j,lang,org/apache/commons/lang3/StringUtils,39,4049,        if (str == null) {,4,1,0,1,3,0,0,0,0,5,18,4,0.0,0,0
defect4j,lang,org/apache/commons/lang3/StringUtils,39,4052,        if (repeat <= 0) {,2,1,0,1,3,0,0,0,0,3,18,4,0.0,0,0
defect4j,lang,org/apache/commons/lang3/StringUtils,39,4053,            return EMPTY;,2,0,0,0,0,1,0,0,0,2,13,6,0.0,0,0
defect4j,lang,org/apache/commons/lang3/StringUtils,39,4055,        int inputLength = str.length();,2,0,0,1,2,0,4,0,0,6,31,5,0.0,0,0
defect4j,lang,org/apache/commons/lang3/StringUtils,39,4056,        if (repeat == 1 || inputLength == 0) {,6,3,0,1,3,0,10,0,0,19,38,3,0.0,0,0
defect4j,lang,org/apache/commons/lang3/StringUtils,39,4057,            return str;,4,0,0,0,0,1,0,0,0,4,11,6,0.0,0,0
defect4j,lang,org/apache/commons/lang3/StringUtils,39,4059,        if (inputLength == 1 && repeat <= PAD_LIMIT) {,6,3,0,1,3,0,0,0,0,9,46,4,0.0,0,0
defect4j,lang,org/apache/commons/lang3/StringUtils,39,4063,        int outputLength = inputLength * repeat;,10,1,0,0,0,0,8,0,0,19,40,3,0.0,0,0
defect4j,lang,org/apache/commons/lang3/StringUtils,39,4066,                char ch = str.charAt(0);,2,0,0,1,2,0,4,0,0,6,24,6,0.0,0,0
defect4j,lang,org/apache/commons/lang3/StringUtils,39,4067,                char[] output1 = new char[outputLength];,2,0,1,2,4,0,0,0,0,4,40,6,0.0,0,0
defect4j,lang,org/apache/commons/lang3/StringUtils,39,4068,                for (int i = repeat - 1; i >= 0; i--) {,12,3,0,1,3,0,0,0,0,16,39,3,0.0,0,0
defect4j,lang,org/apache/commons/lang3/StringUtils,39,4069,                    output1[i] = ch;,6,1,1,1,2,0,0,4,0,16,16,3,0.0,0,0
defect4j,lang,org/apache/commons/lang3/StringUtils,39,4071,                return new String(output1);,2,0,0,1,2,1,0,0,0,2,27,7,0.0,0,0
defect4j,lang,org/apache/commons/lang3/StringUtils,39,4073,                char ch0 = str.charAt(0);,6,0,0,1,2,0,4,0,0,10,25,3,0.0,0,0
defect4j,lang,org/apache/commons/lang3/StringUtils,39,4075,                char[] output2 = new char[outputLength];,8,1,0,2,4,0,0,0,0,10,40,4,0.0,0,0
defect4j,lang,org/apache/commons/lang3/StringUtils,39,4077,                    output2[i] = ch0;,4,0,0,1,2,0,8,0,0,12,17,5,0.0,0,0
defect4j,lang,org/apache/commons/lang3/StringUtils,39,4078,                    output2[i + 1] = ch1;,4,1,1,1,2,0,0,0,0,8,21,7,0.0,0,0
defect4j,lang,org/apache/commons/lang3/StringUtils,39,4080,                return new String(output2);,2,0,0,1,2,1,0,2,0,4,27,6,0.0,0,0
defect4j,lang,org/apache/commons/lang3/StringUtils,39,4082,                StringBuilder buf = new StringBuilder(outputLength);,10,1,0,1,2,0,4,4,0,20,52,3,0.0,0,0
defect4j,lang,org/apache/commons/lang3/StringUtils,39,4110,        if(str == null || separator == null) {,6,3,0,1,3,0,0,0,0,9,38,4,0.0,0,0
defect4j,lang,org/apache/commons/lang3/StringUtils,39,4114,"            String result = repeat(str + separator, repeat);",2,0,0,1,2,0,0,0,0,2,48,4,0.0,0,0
defect4j,lang,org/apache/commons/lang3/StringUtils,39,4143,        if (repeat < 0) {,2,1,0,1,3,0,0,0,0,3,17,4,0.0,0,0
defect4j,lang,org/apache/commons/lang3/StringUtils,39,4144,"            throw new IndexOutOfBoundsException(""Cannot pad a negative amount: "" + repeat);",2,1,0,1,2,0,0,2,0,6,79,7,0.0,0,0
defect4j,lang,org/apache/commons/lang3/StringUtils,39,4146,        final char[] buf = new char[repeat];,2,0,1,2,4,1,4,0,0,10,36,3,0.0,0,0
defect4j,lang,org/apache/commons/lang3/StringUtils,39,4147,        for (int i = 0; i < buf.length; i++) {,10,1,0,1,3,0,0,0,0,12,38,4,0.0,0,0
defect4j,lang,org/apache/commons/lang3/StringUtils,39,4173,"        return rightPad(str, size, ' ');",0,0,0,1,2,1,10,0,0,13,32,4,0.0,0,0
defect4j,lang,org/apache/commons/lang3/StringUtils,39,4199,            return null;,4,1,0,0,0,1,0,0,0,5,12,4,0.0,0,0
defect4j,lang,org/apache/commons/lang3/StringUtils,39,4201,        int pads = size - str.length();,6,1,0,1,2,0,8,0,0,15,31,5,0.0,0,0
defect4j,lang,org/apache/commons/lang3/StringUtils,39,4235,        if (str == null) {,2,1,0,1,3,0,0,0,0,3,18,4,0.0,0,0
defect4j,lang,org/apache/commons/lang3/StringUtils,39,4239,"            padStr = "" "";",6,1,0,0,0,0,0,0,0,7,13,5,0.0,0,0
defect4j,lang,org/apache/commons/lang3/StringUtils,39,4242,        int strLen = str.length();,2,0,0,1,2,0,4,0,0,6,26,5,0.0,0,0
defect4j,lang,org/apache/commons/lang3/StringUtils,39,4243,        int pads = size - strLen;,6,1,0,0,0,0,8,0,0,15,25,3,0.0,0,0
defect4j,lang,org/apache/commons/lang3/StringUtils,39,4245,            return str; // returns original String when possible,2,0,0,0,0,1,0,0,0,2,52,6,0.0,0,0
defect4j,lang,org/apache/commons/lang3/StringUtils,39,4247,        if (padLen == 1 && pads <= PAD_LIMIT) {,10,4,0,1,3,0,0,0,0,14,39,1,0.0,0,0
defect4j,lang,org/apache/commons/lang3/StringUtils,39,4248,"            return rightPad(str, size, padStr.charAt(0));",0,0,0,2,4,1,10,0,0,10,45,7,0.0,0,0
defect4j,lang,org/apache/commons/lang3/StringUtils,39,4253,        } else if (pads < padLen) {,16,3,0,1,4,0,0,0,0,20,27,3,0.0,0,0
defect4j,lang,org/apache/commons/lang3/StringUtils,39,4256,            char[] padding = new char[pads];,2,0,1,2,4,0,0,0,0,4,32,8,0.0,0,0
defect4j,lang,org/apache/commons/lang3/StringUtils,39,4258,            for (int i = 0; i < pads; i++) {,10,1,0,1,3,0,0,0,0,12,32,3,0.0,0,0
defect4j,lang,org/apache/commons/lang3/StringUtils,39,4259,                padding[i] = padChars[i % padLen];,6,1,1,2,4,0,0,2,0,20,34,3,0.0,0,0
defect4j,lang,org/apache/commons/lang3/StringUtils,39,4261,            return str.concat(new String(padding));,2,0,0,2,4,1,4,2,0,8,39,8,0.0,0,0
defect4j,lang,org/apache/commons/lang3/StringUtils,39,4311,            return null;,2,0,0,0,0,1,0,0,0,2,12,6,0.0,0,0
defect4j,lang,org/apache/commons/lang3/StringUtils,39,4313,        int pads = size - str.length();,8,1,0,1,2,0,4,0,0,14,31,3,0.0,0,0
defect4j,lang,org/apache/commons/lang3/StringUtils,39,4314,        if (pads <= 0) {,16,3,0,1,3,0,0,0,0,20,16,3,0.0,0,0
defect4j,lang,org/apache/commons/lang3/StringUtils,39,4315,            return str; // returns original String when possible,2,0,0,0,0,1,0,0,0,2,52,6,0.0,0,0
defect4j,lang,org/apache/commons/lang3/StringUtils,39,4317,        if (pads > PAD_LIMIT) {,4,1,0,1,3,0,0,0,0,5,23,4,0.0,0,0
defect4j,lang,org/apache/commons/lang3/StringUtils,39,4320,"        return padding(pads, padChar).concat(str);",6,1,0,2,4,1,0,0,0,8,42,10,0.0,0,0
defect4j,lang,org/apache/commons/lang3/StringUtils,39,4347,        if (str == null) {,2,1,0,1,3,0,0,0,0,3,18,4,0.0,0,0
defect4j,lang,org/apache/commons/lang3/StringUtils,39,4357,            return str; // returns original String when possible,2,0,0,0,0,1,0,0,0,2,52,6,0.0,0,0
defect4j,lang,org/apache/commons/lang3/StringUtils,39,4359,        if (padLen == 1 && pads <= PAD_LIMIT) {,12,3,0,1,3,1,0,4,0,20,39,3,0.0,0,0
defect4j,lang,org/apache/commons/lang3/StringUtils,39,4363,        if (pads == padLen) {,10,1,0,1,3,0,0,0,0,11,21,3,0.0,0,0
defect4j,lang,org/apache/commons/lang3/StringUtils,39,4364,            return padStr.concat(str);,8,1,0,1,2,1,0,0,0,10,26,4,0.0,0,0
defect4j,lang,org/apache/commons/lang3/StringUtils,39,4368,            char[] padding = new char[pads];,2,0,1,2,4,0,0,0,0,4,32,8,0.0,0,0
defect4j,lang,org/apache/commons/lang3/StringUtils,39,4369,            char[] padChars = padStr.toCharArray();,2,0,0,2,4,0,4,0,0,6,39,8,0.0,0,0
defect4j,lang,org/apache/commons/lang3/StringUtils,39,4370,            for (int i = 0; i < pads; i++) {,8,1,0,1,3,0,0,0,0,10,32,7,0.0,0,0
defect4j,lang,org/apache/commons/lang3/StringUtils,39,4373,            return new String(padding).concat(str);,4,1,0,2,4,1,4,2,0,11,39,4,0.0,0,0
defect4j,lang,org/apache/commons/lang3/StringUtils,39,4386,        return str == null ? 0 : str.length();,2,1,0,1,2,1,4,0,0,7,38,5,0.0,0,0
defect4j,lang,org/apache/commons/lang3/StringUtils,39,4443,        if (str == null || size <= 0) {,6,4,0,1,3,0,6,0,0,16,31,3,0.0,0,0
defect4j,lang,org/apache/commons/lang3/StringUtils,39,4444,            return str;,2,0,0,0,0,1,0,0,0,3,11,6,0.0,0,0
defect4j,lang,org/apache/commons/lang3/StringUtils,39,4447,        int pads = size - strLen;,6,1,0,0,0,0,0,0,0,7,25,5,0.0,0,0
defect4j,lang,org/apache/commons/lang3/StringUtils,39,4448,        if (pads <= 0) {,2,1,0,1,3,0,0,0,0,3,16,4,0.0,0,0
defect4j,lang,org/apache/commons/lang3/StringUtils,39,4449,            return str;,2,0,0,0,0,1,0,0,0,2,11,6,0.0,0,0
defect4j,lang,org/apache/commons/lang3/StringUtils,39,4451,"        str = leftPad(str, strLen + pads / 2, padChar);",8,3,0,1,2,0,6,0,0,18,47,3,0.0,0,0
defect4j,lang,org/apache/commons/lang3/StringUtils,39,4452,"        str = rightPad(str, size, padChar);",6,1,0,1,2,0,8,0,0,17,35,3,0.0,0,0
defect4j,lang,org/apache/commons/lang3/StringUtils,39,4453,        return str;,2,0,0,0,0,1,0,0,0,2,11,4,0.0,0,0
defect4j,lang,org/apache/commons/lang3/StringUtils,39,4484,            return str;,8,0,0,0,0,1,0,0,0,9,11,5,0.0,0,0
defect4j,lang,org/apache/commons/lang3/StringUtils,39,4487,"            padStr = "" "";",2,1,0,0,0,0,0,0,0,3,13,4,0.0,0,0
defect4j,lang,org/apache/commons/lang3/StringUtils,39,4489,        int strLen = str.length();,4,0,0,1,2,0,8,0,0,12,26,5,0.0,0,0
defect4j,lang,org/apache/commons/lang3/StringUtils,39,4490,        int pads = size - strLen;,6,2,0,0,0,0,0,0,0,9,25,3,0.0,0,0
defect4j,lang,org/apache/commons/lang3/StringUtils,39,4491,        if (pads <= 0) {,10,2,0,1,3,0,0,0,0,13,16,3,0.0,0,0
defect4j,lang,org/apache/commons/lang3/StringUtils,39,4492,            return str;,6,1,0,0,0,1,4,0,0,11,11,3,0.0,0,0
defect4j,lang,org/apache/commons/lang3/StringUtils,39,4494,"        str = leftPad(str, strLen + pads / 2, padStr);",6,2,0,1,2,0,6,0,0,15,46,4,0.0,0,0
defect4j,lang,org/apache/commons/lang3/StringUtils,39,4496,        return str;,2,0,0,0,0,1,0,0,0,2,11,4,0.0,0,0
defect4j,lang,org/apache/commons/lang3/StringUtils,39,4544,        if (str == null) {,2,1,0,1,3,0,0,0,0,3,18,4,0.0,0,0
defect4j,lang,org/apache/commons/lang3/StringUtils,39,4570,        if (str == null) {,2,1,0,1,3,0,0,0,0,3,18,4,0.0,0,0
defect4j,lang,org/apache/commons/lang3/StringUtils,39,4571,            return null;,6,1,0,0,0,1,0,0,0,7,12,3,0.0,0,0
defect4j,lang,org/apache/commons/lang3/StringUtils,39,4573,        return str.toLowerCase();,2,0,0,1,2,1,0,0,0,2,25,4,0.0,0,0
defect4j,lang,org/apache/commons/lang3/StringUtils,39,4593,        if (str == null) {,12,4,0,1,3,0,0,0,0,17,18,3,0.0,0,0
defect4j,lang,org/apache/commons/lang3/StringUtils,39,4621,        if (str == null || (strLen = str.length()) == 0) {,4,3,0,3,7,0,4,0,0,12,50,4,0.0,0,0
defect4j,lang,org/apache/commons/lang3/StringUtils,39,4622,            return str;,2,0,0,0,0,1,0,0,0,2,11,6,0.0,0,0
defect4j,lang,org/apache/commons/lang3/StringUtils,39,4624,        return new StringBuilder(strLen),8,0,0,1,2,1,0,2,0,11,32,3,0.0,0,0
defect4j,lang,org/apache/commons/lang3/StringUtils,39,4652,        if (str == null || (strLen = str.length()) == 0) {,4,3,0,3,7,0,4,0,0,12,50,4,0.0,0,0
defect4j,lang,org/apache/commons/lang3/StringUtils,39,4653,            return str;,2,0,0,0,0,1,0,0,0,2,11,6,0.0,0,0
defect4j,lang,org/apache/commons/lang3/StringUtils,39,4655,        return new StringBuilder(strLen),4,0,0,1,2,1,4,6,0,14,32,3,0.0,0,0
defect4j,lang,org/apache/commons/lang3/StringUtils,39,4691,            return str;,2,0,0,0,0,1,0,0,0,2,11,6,0.0,0,0
defect4j,lang,org/apache/commons/lang3/StringUtils,39,4693,        StringBuilder buffer = new StringBuilder(strLen);,4,0,0,1,2,0,0,4,0,8,49,4,0.0,0,0
defect4j,lang,org/apache/commons/lang3/StringUtils,39,4696,        for (int i = 0; i < strLen; i++) {,8,1,0,1,3,0,0,0,0,10,34,4,0.0,0,0
defect4j,lang,org/apache/commons/lang3/StringUtils,39,4697,            ch = str.charAt(i);,6,1,0,1,2,0,6,0,0,14,19,3,0.0,0,0
defect4j,lang,org/apache/commons/lang3/StringUtils,39,4699,                ch = Character.toLowerCase(ch);,2,0,0,1,2,0,6,0,0,9,31,8,0.0,0,0
defect4j,lang,org/apache/commons/lang3/StringUtils,39,4700,            } else if (Character.isTitleCase(ch)) {,0,0,0,2,6,0,6,0,0,6,39,8,0.0,0,0
defect4j,lang,org/apache/commons/lang3/StringUtils,39,4701,                ch = Character.toLowerCase(ch);,2,0,0,1,2,0,0,0,0,4,31,8,0.0,0,0
defect4j,lang,org/apache/commons/lang3/StringUtils,39,4702,            } else if (Character.isLowerCase(ch)) {,0,0,0,2,6,0,6,0,0,6,39,9,0.0,0,0
defect4j,lang,org/apache/commons/lang3/StringUtils,39,4705,            buffer.append(ch);,2,0,0,1,2,0,10,0,0,12,18,3,0.0,0,0
defect4j,lang,org/apache/commons/lang3/StringUtils,39,4732,        if (isEmpty(str) || isEmpty(sub)) {,2,1,0,3,7,0,8,0,0,11,35,3,0.0,0,0
defect4j,lang,org/apache/commons/lang3/StringUtils,39,4735,        int count = 0;,2,0,0,0,0,0,0,0,0,2,14,5,0.0,0,0
defect4j,lang,org/apache/commons/lang3/StringUtils,39,4736,        int idx = 0;,2,0,0,0,0,0,0,0,0,2,12,5,0.0,0,0
defect4j,lang,org/apache/commons/lang3/StringUtils,39,4739,            idx += sub.length();,2,0,0,1,2,0,4,0,0,7,20,6,0.0,0,0
defect4j,lang,org/apache/commons/lang3/StringUtils,39,4741,        return count;,2,0,0,0,0,1,4,0,0,6,13,3,0.0,0,0
defect4j,lang,org/apache/commons/lang3/StringUtils,39,4769,        for (int i = 0; i < sz; i++) {,4,0,0,1,3,0,0,0,0,5,30,15,0.0,0,0
defect4j,lang,org/apache/commons/lang3/StringUtils,39,4770,            if (Character.isLetter(str.charAt(i)) == false) {,2,2,0,3,7,0,10,0,0,15,49,3,0.0,0,0
defect4j,lang,org/apache/commons/lang3/StringUtils,39,4802,        int sz = str.length();,2,0,0,1,2,0,4,0,0,6,22,5,0.0,0,0
defect4j,lang,org/apache/commons/lang3/StringUtils,39,4804,            if ((Character.isLetter(str.charAt(i)) == false) && (str.charAt(i) != ' ')) {,0,0,0,6,13,0,0,0,0,19,77,4,0.0,0,0
defect4j,lang,org/apache/commons/lang3/StringUtils,39,4835,        int sz = str.length();,2,0,0,1,2,0,4,0,0,6,22,5,0.0,0,0
defect4j,lang,org/apache/commons/lang3/StringUtils,39,4836,        for (int i = 0; i < sz; i++) {,8,2,0,1,3,0,4,0,0,15,30,3,0.0,0,0
defect4j,lang,org/apache/commons/lang3/StringUtils,39,4837,            if (Character.isLetterOrDigit(str.charAt(i)) == false) {,6,2,0,3,7,0,10,0,0,19,56,3,0.0,0,0
defect4j,lang,org/apache/commons/lang3/StringUtils,39,4841,        return true;,2,0,0,0,0,1,0,0,0,3,12,4,0.0,0,0
defect4j,lang,org/apache/commons/lang3/StringUtils,39,4870,        for (int i = 0; i < sz; i++) {,8,1,0,1,3,0,0,0,0,10,30,4,0.0,0,0
defect4j,lang,org/apache/commons/lang3/StringUtils,39,4871,            if ((Character.isLetterOrDigit(str.charAt(i)) == false) && (str.charAt(i) != ' ')) {,0,3,0,6,13,0,16,0,0,21,84,6,0.0,0,0
defect4j,lang,org/apache/commons/lang3/StringUtils,39,4904,        if (str == null) {,8,2,0,1,3,0,6,0,0,16,18,3,0.0,0,0
defect4j,lang,org/apache/commons/lang3/StringUtils,39,4907,        int sz = str.length();,6,3,0,1,2,0,4,0,0,13,22,3,0.0,0,0
defect4j,lang,org/apache/commons/lang3/StringUtils,39,4909,            if (CharUtils.isAsciiPrintable(str.charAt(i)) == false) {,4,1,0,3,7,0,10,0,0,17,57,3,0.0,0,0
defect4j,lang,org/apache/commons/lang3/StringUtils,39,4939,            return false;,2,0,0,0,0,1,4,0,0,7,13,3,0.0,0,0
defect4j,lang,org/apache/commons/lang3/StringUtils,39,4943,            if (Character.isDigit(str.charAt(i)) == false) {,0,1,0,3,7,0,10,0,0,12,48,6,0.0,0,0
defect4j,lang,org/apache/commons/lang3/StringUtils,39,4974,        if (str == null) {,2,1,0,1,3,0,0,0,0,3,18,4,0.0,0,0
defect4j,lang,org/apache/commons/lang3/StringUtils,39,4975,            return false;,2,0,0,0,0,1,0,4,0,7,13,3,0.0,0,0
defect4j,lang,org/apache/commons/lang3/StringUtils,39,4977,        int sz = str.length();,2,0,0,1,2,0,4,0,0,6,22,5,0.0,0,0
defect4j,lang,org/apache/commons/lang3/StringUtils,39,4979,            if ((Character.isDigit(str.charAt(i)) == false) && (str.charAt(i) != ' ')) {,8,4,0,6,13,0,16,0,0,31,76,3,0.0,0,0
defect4j,lang,org/apache/commons/lang3/StringUtils,39,4980,                return false;,4,1,0,0,0,1,4,0,0,11,13,3,0.0,0,0
defect4j,lang,org/apache/commons/lang3/StringUtils,39,4983,        return true;,10,2,0,0,0,1,0,0,0,15,12,3,0.0,0,0
defect4j,lang,org/apache/commons/lang3/StringUtils,39,5009,        int sz = str.length();,2,0,0,1,2,0,4,0,0,6,22,5,0.0,0,0
defect4j,lang,org/apache/commons/lang3/StringUtils,39,5011,            if ((Character.isWhitespace(str.charAt(i)) == false)) {,2,0,0,4,9,0,0,0,0,4,55,12,0.0,0,0
defect4j,lang,org/apache/commons/lang3/StringUtils,39,5036,        if (str == null || isEmpty(str)) {,4,2,0,2,5,1,8,0,0,16,34,3,0.0,0,0
defect4j,lang,org/apache/commons/lang3/StringUtils,39,5040,        for (int i = 0; i < sz; i++) {,8,1,0,1,3,0,0,0,0,10,30,4,0.0,0,0
defect4j,lang,org/apache/commons/lang3/StringUtils,39,5041,            if (Character.isLowerCase(str.charAt(i)) == false) {,0,1,0,3,7,0,10,0,0,12,52,6,0.0,0,0
defect4j,lang,org/apache/commons/lang3/StringUtils,39,5042,                return false;,2,1,0,0,0,1,0,0,0,4,13,3,0.0,0,0
defect4j,lang,org/apache/commons/lang3/StringUtils,39,5045,        return true;,4,0,0,0,0,1,8,0,0,12,12,5,0.0,0,0
defect4j,lang,org/apache/commons/lang3/StringUtils,39,5066,        if (str == null || isEmpty(str)) {,6,2,0,2,5,0,8,4,0,21,34,3,0.0,0,0
defect4j,lang,org/apache/commons/lang3/StringUtils,39,5071,            if (Character.isUpperCase(str.charAt(i)) == false) {,6,2,1,3,7,0,10,0,0,22,52,3,0.0,0,0
defect4j,lang,org/apache/commons/lang3/StringUtils,39,5097,        return str == null ? EMPTY : str;,6,1,0,0,0,1,0,0,0,7,33,5,0.0,0,0
defect4j,lang,org/apache/commons/lang3/StringUtils,39,5118,        return str == null ? defaultStr : str;,10,2,0,0,0,1,0,0,0,12,38,3,0.0,0,0
defect4j,lang,org/apache/commons/lang3/StringUtils,39,5139,        return StringUtils.isEmpty(str) ? defaultStr : str;,8,0,0,1,2,1,14,0,0,22,51,3,0.0,0,0
defect4j,lang,org/apache/commons/lang3/StringUtils,39,5162,        return new StringBuilder(str).reverse().toString();,2,0,0,3,6,1,4,2,0,8,51,5,0.0,0,0
defect4j,lang,org/apache/commons/lang3/StringUtils,39,5185,        if (str == null) {,4,1,0,1,3,0,0,2,0,7,18,3,0.0,0,0
defect4j,lang,org/apache/commons/lang3/StringUtils,39,5191,        ArrayUtils.reverse(strs);,8,1,0,1,2,0,6,0,0,16,25,3,0.0,0,0
defect4j,lang,org/apache/commons/lang3/StringUtils,39,5230,"        return abbreviate(str, 0, maxWidth);",2,1,0,1,2,1,6,0,0,9,36,3,0.0,0,0
defect4j,lang,org/apache/commons/lang3/StringUtils,39,5269,        if (str == null) {,2,2,0,1,3,0,10,0,0,15,18,3,0.0,0,0
defect4j,lang,org/apache/commons/lang3/StringUtils,39,5270,            return null;,2,0,0,0,0,1,0,0,0,2,12,5,0.0,0,0
defect4j,lang,org/apache/commons/lang3/StringUtils,39,5272,        if (maxWidth < 4) {,12,2,0,1,3,0,0,0,0,15,19,3,0.0,0,0
defect4j,lang,org/apache/commons/lang3/StringUtils,39,5275,        if (str.length() <= maxWidth) {,2,1,0,2,5,0,4,0,0,7,31,4,0.0,0,0
defect4j,lang,org/apache/commons/lang3/StringUtils,39,5278,        if (offset > str.length()) {,2,1,0,2,5,0,4,0,0,7,28,4,0.0,0,0
defect4j,lang,org/apache/commons/lang3/StringUtils,39,5279,            offset = str.length();,2,0,0,1,2,0,4,2,0,9,22,4,0.0,0,0
defect4j,lang,org/apache/commons/lang3/StringUtils,39,5281,        if ((str.length() - offset) < (maxWidth - 3)) {,2,0,0,4,9,0,0,0,0,2,47,4,0.0,0,0
defect4j,lang,org/apache/commons/lang3/StringUtils,39,5282,            offset = str.length() - (maxWidth - 3);,4,2,0,2,4,0,4,0,0,11,39,6,0.0,0,0
defect4j,lang,org/apache/commons/lang3/StringUtils,39,5284,        if (offset <= 4) {,2,1,0,1,3,0,0,0,0,3,18,4,0.0,0,0
defect4j,lang,org/apache/commons/lang3/StringUtils,39,5285,"            return str.substring(0, maxWidth - 3) + ""..."";",2,0,0,1,2,1,4,0,0,6,46,8,0.0,0,0
defect4j,lang,org/apache/commons/lang3/StringUtils,39,5287,        if (maxWidth < 7) {,0,0,0,1,3,0,12,0,0,12,19,14,0.0,0,0
defect4j,lang,org/apache/commons/lang3/StringUtils,39,5288,"            throw new IllegalArgumentException(""Minimum abbreviation width with offset is 7"");",2,0,0,1,2,0,0,0,0,2,82,11,0.0,0,0
defect4j,lang,org/apache/commons/lang3/StringUtils,39,5290,        if ((offset + (maxWidth - 3)) < str.length()) {,6,4,0,4,9,0,4,0,0,14,47,4,0.0,0,0
defect4j,lang,org/apache/commons/lang3/StringUtils,39,5291,"            return ""..."" + abbreviate(str.substring(offset), maxWidth - 3);",2,0,0,2,4,1,0,0,0,2,63,5,0.0,0,0
defect4j,lang,org/apache/commons/lang3/StringUtils,39,5293,"        return ""..."" + str.substring(str.length() - (maxWidth - 3));",0,1,1,3,6,1,0,0,0,9,60,7,0.0,0,0
defect4j,lang,org/apache/commons/lang3/StringUtils,39,5324,        if (str1 == null) {,2,1,0,1,3,0,0,0,0,3,19,4,0.0,0,0
defect4j,lang,org/apache/commons/lang3/StringUtils,39,5325,            return str2;,2,0,0,0,0,1,0,0,0,2,12,6,0.0,0,0
defect4j,lang,org/apache/commons/lang3/StringUtils,39,5327,        if (str2 == null) {,2,1,0,1,3,0,0,0,0,3,19,4,0.0,0,0
defect4j,lang,org/apache/commons/lang3/StringUtils,39,5328,            return str1;,2,0,0,0,0,1,0,0,0,2,12,6,0.0,0,0
defect4j,lang,org/apache/commons/lang3/StringUtils,39,5330,"        int at = indexOfDifference(str1, str2);",2,0,0,1,2,0,6,0,0,8,39,5,0.0,0,0
defect4j,lang,org/apache/commons/lang3/StringUtils,39,5332,            return EMPTY;,4,0,0,0,0,1,10,0,0,14,13,3,0.0,0,0
defect4j,lang,org/apache/commons/lang3/StringUtils,39,5361,        if (str1 == str2) {,4,1,0,1,3,0,0,0,0,5,19,4,0.0,0,0
defect4j,lang,org/apache/commons/lang3/StringUtils,39,5364,        if (str1 == null || str2 == null) {,4,3,0,1,3,0,0,0,0,7,35,4,0.0,0,0
defect4j,lang,org/apache/commons/lang3/StringUtils,39,5369,            if (str1.charAt(i) != str2.charAt(i)) {,2,1,0,3,7,0,12,0,0,15,39,3,0.0,0,0
defect4j,lang,org/apache/commons/lang3/StringUtils,39,5370,                break;,2,0,0,0,0,0,8,0,0,10,6,5,0.0,0,0
defect4j,lang,org/apache/commons/lang3/StringUtils,39,5374,            return i;,2,0,0,0,0,1,0,0,0,2,9,6,0.0,0,0
defect4j,lang,org/apache/commons/lang3/StringUtils,39,5411,        if (strs == null || strs.length <= 1) {,12,3,0,1,3,0,4,0,0,19,39,3,0.0,0,0
defect4j,lang,org/apache/commons/lang3/StringUtils,39,5415,        boolean allStringsNull = true;,2,0,0,0,0,0,0,0,0,3,30,5,0.0,0,0
defect4j,lang,org/apache/commons/lang3/StringUtils,39,5417,        int shortestStrLen = Integer.MAX_VALUE;,6,0,0,0,0,0,0,0,0,6,39,5,0.0,0,0
defect4j,lang,org/apache/commons/lang3/StringUtils,39,5418,        int longestStrLen = 0;,2,1,1,0,0,0,0,0,0,7,22,3,0.0,0,0
defect4j,lang,org/apache/commons/lang3/StringUtils,39,5423,        for (int i = 0; i < arrayLen; i++) {,8,1,0,1,3,0,0,0,0,10,36,4,0.0,0,0
defect4j,lang,org/apache/commons/lang3/StringUtils,39,5424,            if (strs[i] == null) {,6,3,1,2,5,0,10,0,0,23,22,3,0.0,0,0
defect4j,lang,org/apache/commons/lang3/StringUtils,39,5425,                anyStringNull = true;,2,0,0,0,0,0,6,0,0,10,21,3,0.0,0,0
defect4j,lang,org/apache/commons/lang3/StringUtils,39,5426,                shortestStrLen = 0;,8,1,0,0,0,0,0,0,0,11,19,3,0.0,0,0
defect4j,lang,org/apache/commons/lang3/StringUtils,39,5428,                allStringsNull = false;,2,0,0,0,0,0,0,0,0,4,23,8,0.0,0,0
defect4j,lang,org/apache/commons/lang3/StringUtils,39,5429,"                shortestStrLen = Math.min(strs[i].length(), shortestStrLen);",2,0,1,3,6,0,8,0,0,15,60,8,0.0,0,0
defect4j,lang,org/apache/commons/lang3/StringUtils,39,5430,"                longestStrLen = Math.max(strs[i].length(), longestStrLen);",2,0,1,3,6,0,8,0,0,15,58,8,0.0,0,0
defect4j,lang,org/apache/commons/lang3/StringUtils,39,5435,        if (allStringsNull || (longestStrLen == 0 && !anyStringNull)) {,8,4,0,2,5,0,4,0,0,17,63,3,0.0,0,0
defect4j,lang,org/apache/commons/lang3/StringUtils,39,5436,            return -1;,2,0,0,0,0,1,0,0,0,3,10,6,0.0,0,0
defect4j,lang,org/apache/commons/lang3/StringUtils,39,5440,        if (shortestStrLen == 0) {,6,2,1,1,3,0,6,0,0,17,26,3,0.0,0,0
defect4j,lang,org/apache/commons/lang3/StringUtils,39,5445,        int firstDiff = -1;,12,9,0,0,0,0,8,0,0,30,19,3,0.0,0,0
defect4j,lang,org/apache/commons/lang3/StringUtils,39,5446,        for (int stringPos = 0; stringPos < shortestStrLen; stringPos++) {,12,2,0,1,3,0,0,0,0,15,66,3,0.0,0,0
defect4j,lang,org/apache/commons/lang3/StringUtils,39,5447,            char comparisonChar = strs[0].charAt(stringPos);,2,0,1,2,4,0,4,0,0,8,48,7,0.0,0,0
defect4j,lang,org/apache/commons/lang3/StringUtils,39,5449,                if (strs[arrayPos].charAt(stringPos) != comparisonChar) {,2,1,1,3,7,0,8,0,0,15,57,3,0.0,0,0
defect4j,lang,org/apache/commons/lang3/StringUtils,39,5450,                    firstDiff = stringPos;,4,3,0,0,0,0,0,0,0,7,22,4,0.0,0,0
defect4j,lang,org/apache/commons/lang3/StringUtils,39,5454,            if (firstDiff != -1) {,2,1,0,1,3,0,0,0,0,4,22,6,0.0,0,0
defect4j,lang,org/apache/commons/lang3/StringUtils,39,5459,        if (firstDiff == -1 && shortestStrLen != longestStrLen) {,6,3,0,1,3,0,0,0,0,10,57,4,0.0,0,0
defect4j,lang,org/apache/commons/lang3/StringUtils,39,5463,            return shortestStrLen;,2,0,0,0,0,1,0,0,0,2,22,6,0.0,0,0
defect4j,lang,org/apache/commons/lang3/StringUtils,39,5465,        return firstDiff;,2,0,0,0,0,1,0,0,0,2,17,4,0.0,0,0
defect4j,lang,org/apache/commons/lang3/StringUtils,39,5502,        if (strs == null || strs.length == 0) {,2,0,0,1,3,0,0,0,0,2,39,4,0.0,0,0
defect4j,lang,org/apache/commons/lang3/StringUtils,39,5503,            return EMPTY;,6,1,0,0,0,1,24,0,0,32,13,3,0.0,0,0
defect4j,lang,org/apache/commons/lang3/StringUtils,39,5505,        int smallestIndexOfDiff = indexOfDifference(strs);,2,0,0,1,2,0,4,0,0,6,50,5,0.0,0,0
defect4j,lang,org/apache/commons/lang3/StringUtils,39,5506,        if (smallestIndexOfDiff == -1) {,2,1,0,1,3,0,0,0,0,4,32,4,0.0,0,0
defect4j,lang,org/apache/commons/lang3/StringUtils,39,5508,            if (strs[0] == null) {,0,1,1,2,5,0,0,0,0,3,22,6,0.0,0,0
defect4j,lang,org/apache/commons/lang3/StringUtils,39,5509,                return EMPTY;,4,0,0,0,0,1,0,0,0,4,13,5,0.0,0,0
defect4j,lang,org/apache/commons/lang3/StringUtils,39,5511,            return strs[0];,0,0,1,1,2,1,0,0,0,2,15,7,0.0,0,0
defect4j,lang,org/apache/commons/lang3/StringUtils,39,5512,        } else if (smallestIndexOfDiff == 0) {,2,0,0,1,4,0,0,0,0,2,38,4,0.0,0,0
defect4j,lang,org/apache/commons/lang3/StringUtils,39,5517,"            return strs[0].substring(0, smallestIndexOfDiff);",0,0,1,2,4,1,4,0,0,6,49,8,0.0,0,0
defect4j,lang,org/apache/commons/lang3/StringUtils,39,5559,"            throw new IllegalArgumentException(""Strings must not be null"");",2,0,0,1,2,0,18,2,0,24,63,3,0.0,0,0
defect4j,lang,org/apache/commons/lang3/StringUtils,39,5580,        int m = t.length(); // length of t,2,0,0,1,2,0,4,0,0,6,34,5,0.0,0,0
defect4j,lang,org/apache/commons/lang3/StringUtils,39,5582,        if (n == 0) {,2,1,0,1,3,0,0,0,0,3,13,4,0.0,0,0
defect4j,lang,org/apache/commons/lang3/StringUtils,39,5583,            return m;,2,0,0,0,0,1,0,0,0,2,9,6,0.0,0,0
defect4j,lang,org/apache/commons/lang3/StringUtils,39,5584,        } else if (m == 0) {,2,1,0,1,4,0,8,0,0,11,20,3,0.0,0,0
defect4j,lang,org/apache/commons/lang3/StringUtils,39,5585,            return n;,2,0,0,0,0,1,0,0,0,2,9,7,0.0,0,0
defect4j,lang,org/apache/commons/lang3/StringUtils,39,5588,        if (n > m) {,4,1,0,1,3,0,0,0,0,5,12,4,0.0,0,0
defect4j,lang,org/apache/commons/lang3/StringUtils,39,5590,            String tmp = s;,4,0,0,0,0,0,0,2,0,6,15,6,0.0,0,0
defect4j,lang,org/apache/commons/lang3/StringUtils,39,5591,            s = t;,4,0,0,0,0,0,0,0,0,5,6,6,0.0,0,0
defect4j,lang,org/apache/commons/lang3/StringUtils,39,5592,            t = tmp;,4,0,0,0,0,0,0,0,0,5,8,6,0.0,0,0
defect4j,lang,org/apache/commons/lang3/StringUtils,39,5593,            n = m;,4,1,0,0,0,0,0,4,0,9,6,4,0.0,0,0
defect4j,lang,org/apache/commons/lang3/StringUtils,39,5594,            m = t.length();,2,0,0,1,2,0,4,0,0,7,15,6,0.0,0,0
defect4j,lang,org/apache/commons/lang3/StringUtils,39,5609,        for (i = 0; i<=n; i++) {,26,2,0,1,3,0,0,0,0,33,24,3,0.0,0,0
defect4j,lang,org/apache/commons/lang3/StringUtils,39,5613,        for (j = 1; j<=m; j++) {,8,1,0,1,3,0,0,0,0,11,24,4,0.0,0,0
defect4j,lang,org/apache/commons/lang3/StringUtils,39,5614,            t_j = t.charAt(j-1);,4,2,0,1,2,0,14,0,0,22,20,5,0.0,0,0
defect4j,lang,org/apache/commons/lang3/StringUtils,39,5617,            for (i=1; i<=n; i++) {,0,0,0,1,3,0,8,0,0,8,22,7,0.0,0,0
defect4j,lang,org/apache/commons/lang3/StringUtils,39,5624,            _d = p;,4,0,0,0,0,0,0,0,0,5,7,6,0.0,0,0
defect4j,lang,org/apache/commons/lang3/StringUtils,39,5625,            p = d;,2,0,0,0,0,0,0,0,0,2,6,6,0.0,0,0
defect4j,lang,org/apache/commons/lang3/StringUtils,39,5631,        return p[n];,4,1,1,1,2,1,4,0,0,13,12,3,0.0,0,0
defect4j,lang,org/apache/commons/lang3/StringUtils,39,5720,        if (str == null || prefix == null) {,8,3,0,1,3,0,0,0,0,12,36,3,0.0,0,0
defect4j,lang,org/apache/commons/lang3/StringUtils,39,5721,            return (str == null && prefix == null);,4,3,0,1,2,1,0,0,0,7,39,7,0.0,0,0
defect4j,lang,org/apache/commons/lang3/StringUtils,39,5723,        if (prefix.length() > str.length()) {,0,1,0,3,7,0,8,0,0,9,37,4,0.0,0,0
defect4j,lang,org/apache/commons/lang3/StringUtils,39,5726,"        return str.regionMatches(ignoreCase, 0, prefix, 0, prefix.length());",0,0,0,2,4,1,22,0,0,23,68,5,0.0,0,0
defect4j,lang,org/apache/commons/lang3/StringUtils,39,5749,            return false;,2,0,0,0,0,1,0,0,0,2,13,6,0.0,0,0
defect4j,lang,org/apache/commons/lang3/StringUtils,39,5751,        for (int i = 0; i < searchStrings.length; i++) {,12,1,0,1,3,0,0,0,0,14,48,4,0.0,0,0
defect4j,lang,org/apache/commons/lang3/StringUtils,39,5752,            String searchString = searchStrings[i];,2,0,0,1,2,0,0,0,0,2,39,5,0.0,0,0
defect4j,lang,org/apache/commons/lang3/StringUtils,39,5754,                return true;,2,0,0,0,0,1,0,0,0,4,12,3,0.0,0,0
defect4j,lang,org/apache/commons/lang3/StringUtils,39,5831,            return false;,8,1,0,0,0,1,0,0,0,12,13,3,0.0,0,0
defect4j,lang,org/apache/commons/lang3/StringUtils,39,5833,        int strOffset = str.length() - suffix.length();,2,1,0,2,4,0,8,0,0,11,47,5,0.0,0,0
defect4j,lang,org/apache/commons/lang/StringUtils,40,1045,        if (str == null || searchStr == null) {,4,3,0,1,3,0,0,0,0,7,39,4,1.0,0,0
defect4j,lang,org/apache/commons/lang/StringUtils,40,1018,        return str.indexOf(searchStr) >= 0;,0,1,0,1,2,1,6,0,0,7,35,4,0.5,0,0
defect4j,lang,org/apache/commons/lang/StringUtils,40,1015,        if (str == null || searchStr == null) {,4,3,0,1,3,0,6,0,0,13,39,4,0.33333,0,0
defect4j,lang,org/apache/commons/lang/ClassUtils,41,170,            return StringUtils.EMPTY;,6,1,0,0,0,1,0,0,0,7,25,4,1.0,0,0
defect4j,lang,org/apache/commons/lang/ClassUtils,41,230,            return StringUtils.EMPTY;,4,1,0,0,0,4,0,4,0,12,25,1,1.0,1,1
defect4j,lang,org/apache/commons/lang/ClassUtils,41,201,"            out = out.replace(INNER_CLASS_SEPARATOR_CHAR, PACKAGE_SEPARATOR_CHAR);",2,0,0,1,2,0,8,0,0,11,70,6,0.16667,1,1
defect4j,lang,org/apache/commons/lang/ClassUtils,41,245,        if (className == null) {,2,1,0,1,3,0,0,0,0,3,24,4,0.16667,1,0
defect4j,lang,org/apache/commons/lang/ClassUtils,41,253,        if (i == -1) {,2,1,0,1,3,0,0,0,0,4,14,4,0.16667,1,1
defect4j,lang,org/apache/commons/lang/StringEscapeUtils,42,498,        if (writer == null ) {,4,1,0,1,3,0,6,0,0,12,22,4,0.5,0,0
defect4j,lang,org/apache/commons/lang/StringEscapeUtils,42,501,        if (string == null) {,2,1,0,1,3,0,0,0,0,3,21,4,0.5,0,0
defect4j,lang,org/apache/commons/lang/StringEscapeUtils,42,504,"        Entities.HTML40.escape(writer, string);",4,0,0,1,2,0,6,0,0,10,39,5,0.5,0,0
defect4j,lang,org/apache/commons/lang/Entities,42,832,"                    writer.write(""&#"");",0,0,0,1,2,0,4,0,0,5,19,11,0.5,0,0
defect4j,lang,org/apache/commons/lang/Entities,42,833,"                    writer.write(Integer.toString(c, 10));",6,3,0,2,4,0,10,0,0,19,38,3,0.5,0,0
defect4j,lang,org/apache/commons/lang/Entities,42,961,"                                        entityValue = Integer.parseInt(entityContent.substring(1), 10);",2,0,0,2,4,0,8,0,0,11,63,18,0.25,0,0
defect4j,lang,org/apache/commons/lang/text/ExtendedMessageFormat,43,112,"        this(pattern, Locale.getDefault(), registry);",4,0,0,2,4,0,4,0,0,8,45,4,0.5,0,0
defect4j,lang,org/apache/commons/lang/text/ExtendedMessageFormat,43,148,        ArrayList foundFormats = new ArrayList();,4,0,0,1,2,0,0,0,0,5,41,5,0.33333,0,0
defect4j,lang,org/apache/commons/lang/text/ExtendedMessageFormat,43,150,        StringBuffer stripCustom = new StringBuffer(pattern.length());,2,0,0,2,4,0,4,4,0,10,62,4,0.33333,0,0
defect4j,lang,org/apache/commons/lang/text/ExtendedMessageFormat,43,152,        ParsePosition pos = new ParsePosition(0);,2,0,0,1,2,0,0,4,0,6,41,4,0.33333,0,0
defect4j,lang,org/apache/commons/lang/text/ExtendedMessageFormat,43,153,        char[] c = pattern.toCharArray();,2,0,0,2,4,0,4,0,0,6,33,5,0.33333,0,0
defect4j,lang,org/apache/commons/lang/text/ExtendedMessageFormat,43,154,        int fmtCount = 0;,2,0,0,0,0,0,0,0,0,2,17,5,0.33333,0,0
defect4j,lang,org/apache/commons/lang/text/ExtendedMessageFormat,43,155,        while (pos.getIndex() < pattern.length()) {,4,2,0,3,7,0,8,12,0,27,43,3,0.33333,0,0
defect4j,lang,org/apache/commons/lang/text/ExtendedMessageFormat,43,156,            switch (c[pos.getIndex()]) {,2,0,1,3,7,0,10,4,0,18,28,3,0.33333,0,0
defect4j,lang,org/apache/commons/lang/text/ExtendedMessageFormat,43,187,                stripCustom.append(c[pos.getIndex()]);,0,0,1,3,6,0,8,0,0,10,38,8,0.33333,0,0
defect4j,lang,org/apache/commons/lang/text/ExtendedMessageFormat,43,188,                next(pos);,0,0,0,1,2,0,4,0,0,4,10,8,0.33333,0,0
defect4j,lang,org/apache/commons/lang/text/ExtendedMessageFormat,43,403,        pos.setIndex(pos.getIndex() + 1);,0,1,0,2,4,0,8,0,0,9,33,5,0.33333,0,0
defect4j,lang,org/apache/commons/lang/text/ExtendedMessageFormat,43,404,        return pos;,2,0,0,0,0,1,0,0,0,2,11,4,0.33333,0,0
defect4j,lang,org/apache/commons/lang/text/ExtendedMessageFormat,43,143,        if (registry == null) {,4,1,0,1,3,0,0,2,0,7,23,4,0.16667,0,0
defect4j,lang,org/apache/commons/lang/text/ExtendedMessageFormat,43,144,            super.applyPattern(pattern);,4,0,0,1,2,0,0,0,0,4,28,7,0.16667,0,0
defect4j,lang,org/apache/commons/lang/text/ExtendedMessageFormat,43,145,            toPattern = super.toPattern();,6,1,0,1,2,0,0,0,0,8,30,4,0.16667,0,0
defect4j,lang,org/apache/commons/lang/NumberUtils,44,139,        if (val == null) {,2,1,0,1,3,0,0,0,0,3,18,4,0.5,0,0
defect4j,lang,org/apache/commons/lang/NumberUtils,44,142,        if (val.length() == 0) {,2,1,0,2,5,0,4,4,0,11,24,3,0.5,0,0
defect4j,lang,org/apache/commons/lang/NumberUtils,44,152,"        if (val.startsWith(""0x"") || val.startsWith(""-0x"")) {",0,1,0,3,7,0,8,0,0,11,52,4,0.5,0,0
defect4j,lang,org/apache/commons/lang/NumberUtils,44,155,        char lastChar = val.charAt(val.length() - 1);,2,1,0,2,4,0,8,0,0,11,45,5,0.5,0,0
defect4j,lang,org/apache/commons/lang/NumberUtils,44,159,        int decPos = val.indexOf('.');,4,1,0,1,2,0,4,0,0,10,30,1,0.5,0,0
defect4j,lang,org/apache/commons/lang/NumberUtils,44,162,        if (decPos > -1) {,2,1,0,1,3,0,0,0,0,4,18,4,0.5,0,0
defect4j,lang,org/apache/commons/lang/NumberUtils,44,174,            if (expPos > -1) {,2,1,0,1,3,0,0,0,0,4,18,6,0.5,0,0
defect4j,lang,org/apache/commons/lang/NumberUtils,44,177,                mant = val;,6,0,0,0,0,3,2,2,0,15,11,1,0.5,0,0
defect4j,lang,org/apache/commons/lang/NumberUtils,44,179,            dec = null;,2,0,0,0,0,0,0,0,0,3,11,6,0.5,0,0
defect4j,lang,org/apache/commons/lang/NumberUtils,44,182,            if (expPos > -1 && expPos < val.length() - 1) {,8,5,0,2,5,0,8,0,0,22,47,3,0.5,0,0
defect4j,lang,org/apache/commons/lang/NumberUtils,44,185,                exp = null;,2,0,0,0,0,0,0,0,0,3,11,8,0.5,0,0
defect4j,lang,org/apache/commons/lang/NumberUtils,44,189,            boolean allZeros = isAllZeros(mant) && isAllZeros(exp);,2,1,0,2,4,0,8,0,0,11,55,7,0.5,0,0
defect4j,lang,org/apache/commons/lang/NumberUtils,44,193,                    if (dec == null,2,1,0,0,1,0,0,0,0,3,15,9,0.5,0,0
defect4j,lang,org/apache/commons/lang/NumberUtils,44,297,        if (s == null) {,2,1,0,1,3,0,0,0,0,3,16,4,0.5,0,0
defect4j,lang,org/apache/commons/lang/NumberUtils,44,300,        for (int i = s.length() - 1; i >= 0; i--) {,6,3,0,2,5,0,10,0,0,21,43,4,0.5,0,0
defect4j,lang,org/apache/commons/lang/NumberUtils,44,301,            if (s.charAt(i) != '0') {,0,1,0,2,5,0,6,0,0,8,25,6,0.5,0,0
defect4j,lang,org/apache/commons/lang/NumberUtils,44,75,        } catch (NumberFormatException nfe) {,8,0,0,1,4,0,8,2,0,19,37,3,0.0,0,0
defect4j,lang,org/apache/commons/lang/NumberUtils,44,76,            return defaultValue;,2,0,0,0,0,1,0,0,0,2,20,7,0.0,0,0
defect4j,lang,org/apache/commons/lang/NumberUtils,44,153,            return createInteger(val);,0,0,0,1,2,1,4,2,0,7,26,3,0.0,0,0
defect4j,lang,org/apache/commons/lang/NumberUtils,44,164,            if (expPos > -1) {,2,1,0,1,3,0,0,0,0,4,18,6,0.0,0,0
defect4j,lang,org/apache/commons/lang/NumberUtils,44,165,                if (expPos < decPos) {,6,1,0,1,3,0,0,0,0,7,22,3,0.0,0,0
defect4j,lang,org/apache/commons/lang/NumberUtils,44,166,"                    throw new NumberFormatException(val + "" is not a valid number."");",2,1,0,1,2,0,0,2,0,6,65,11,0.0,0,0
defect4j,lang,org/apache/commons/lang/NumberUtils,44,168,"                dec = val.substring(decPos + 1, expPos);",4,1,0,1,2,0,6,0,0,12,40,8,0.0,0,0
defect4j,lang,org/apache/commons/lang/NumberUtils,44,170,                dec = val.substring(decPos + 1);,4,1,0,1,2,0,4,0,0,10,32,8,0.0,0,0
defect4j,lang,org/apache/commons/lang/NumberUtils,44,172,"            mant = val.substring(0, decPos);",2,0,0,1,2,0,6,0,0,9,32,6,0.0,0,0
defect4j,lang,org/apache/commons/lang/NumberUtils,44,175,"                mant = val.substring(0, expPos);",2,0,0,1,2,0,6,0,0,9,32,8,0.0,0,0
defect4j,lang,org/apache/commons/lang/NumberUtils,44,183,"                exp = val.substring(expPos + 1, val.length() - 1);",4,2,0,2,4,0,8,0,0,15,50,8,0.0,0,0
defect4j,lang,org/apache/commons/lang/NumberUtils,44,197,                            return createLong(numeric);,4,3,0,1,2,1,12,0,0,19,27,5,0.0,0,0
defect4j,lang,org/apache/commons/lang/NumberUtils,44,198,                        } catch (NumberFormatException nfe) {,2,0,0,1,4,0,0,2,0,4,37,11,0.0,0,0
defect4j,lang,org/apache/commons/lang/NumberUtils,44,201,                        return createBigInteger(numeric);,2,0,0,1,2,1,4,2,0,8,33,1,0.0,0,0
defect4j,lang,org/apache/commons/lang/NumberUtils,44,204,"                    throw new NumberFormatException(val + "" is not a valid number."");",4,1,0,1,2,0,0,2,0,8,65,3,0.0,0,0
defect4j,lang,org/apache/commons/lang/NumberUtils,44,208,                        Float f = NumberUtils.createFloat(numeric);,2,0,0,1,2,0,6,2,0,10,43,9,0.0,0,0
defect4j,lang,org/apache/commons/lang/NumberUtils,44,209,                        if (!(f.isInfinite() || (f.floatValue() == 0.0F && !allZeros))) {,2,3,0,5,11,0,8,0,0,15,65,9,0.0,0,0
defect4j,lang,org/apache/commons/lang/NumberUtils,44,212,                            return f;,4,0,0,0,0,4,4,2,0,13,9,1,0.0,0,0
defect4j,lang,org/apache/commons/lang/NumberUtils,44,215,                    } catch (NumberFormatException e) {,2,0,0,1,4,0,0,2,0,4,35,9,0.0,0,0
defect4j,lang,org/apache/commons/lang/NumberUtils,44,222,                        Double d = NumberUtils.createDouble(numeric);,2,0,0,1,2,0,6,2,0,10,45,9,0.0,0,0
defect4j,lang,org/apache/commons/lang/NumberUtils,44,223,                        if (!(d.isInfinite() || (d.floatValue() == 0.0D && !allZeros))) {,4,4,0,5,11,0,8,0,0,18,65,4,0.0,0,0
defect4j,lang,org/apache/commons/lang/NumberUtils,44,224,                            return d;,6,0,0,0,0,1,0,0,0,6,9,3,0.0,0,0
defect4j,lang,org/apache/commons/lang/NumberUtils,44,231,                    } catch (NumberFormatException e) {,2,0,0,1,4,0,0,2,0,4,35,9,0.0,0,0
defect4j,lang,org/apache/commons/lang/NumberUtils,44,243,"                exp = val.substring(expPos + 1, val.length());",4,1,0,2,4,0,8,0,0,14,46,8,0.0,0,0
defect4j,lang,org/apache/commons/lang/NumberUtils,44,247,            if (dec == null && exp == null) {,4,3,0,1,3,0,0,0,0,7,33,6,0.0,0,0
defect4j,lang,org/apache/commons/lang/NumberUtils,44,251,                } catch (NumberFormatException nfe) {,6,0,0,1,4,3,0,6,0,16,37,1,0.0,0,0
defect4j,lang,org/apache/commons/lang/NumberUtils,44,265,                    Float f = createFloat(val);,12,1,0,1,2,5,12,6,0,38,27,1,0.0,0,0
defect4j,lang,org/apache/commons/lang/NumberUtils,44,271,                },2,0,0,0,1,3,0,4,0,9,1,2,0.0,0,0
defect4j,lang,org/apache/commons/lang/NumberUtils,44,269,                } catch (NumberFormatException nfe) {,4,3,0,1,4,0,4,2,0,13,37,3,0.0,0,0
defect4j,lang,org/apache/commons/lang/NumberUtils,44,273,                    Double d = createDouble(val);,2,0,0,1,2,0,4,2,0,8,29,10,0.0,0,0
defect4j,lang,org/apache/commons/lang/NumberUtils,44,275,                        return d;,2,0,0,0,0,1,0,0,0,3,9,9,0.0,0,0
defect4j,lang,org/apache/commons/lang/NumberUtils,44,298,            return true;,0,0,0,0,0,1,4,0,0,5,12,1,0.0,0,0
defect4j,lang,org/apache/commons/lang/NumberUtils,44,305,        return s.length() > 0;,0,1,0,1,2,1,4,0,0,5,22,4,0.0,0,0
defect4j,lang,org/apache/commons/lang/NumberUtils,44,329,        return Double.valueOf(val);,4,1,0,1,2,1,6,0,0,12,27,3,0.0,0,0
defect4j,lang,org/apache/commons/lang/NumberUtils,44,376,        BigDecimal bd = new BigDecimal(val);,4,1,0,1,2,0,4,4,0,13,36,3,0.0,0,0
defect4j,lang,org/apache/commons/lang/NumberUtils,44,391,        if (b < a) {,4,1,0,1,3,0,6,2,0,13,12,4,0.0,0,0
defect4j,lang,org/apache/commons/lang/NumberUtils,44,392,            a = b;,4,0,0,0,0,0,0,0,0,5,6,6,0.0,0,0
defect4j,lang,org/apache/commons/lang/NumberUtils,44,395,            a = c;,4,0,0,0,0,0,0,0,0,5,6,6,0.0,0,0
defect4j,lang,org/apache/commons/lang/NumberUtils,44,397,        return a;,4,4,0,0,0,1,8,0,0,16,9,4,0.0,0,0
defect4j,lang,org/apache/commons/lang/NumberUtils,44,409,        if (b < a) {,6,1,0,1,3,0,0,0,0,7,12,3,0.0,0,0
defect4j,lang,org/apache/commons/lang/NumberUtils,44,410,            a = b;,2,0,0,0,0,0,6,0,0,9,6,4,0.0,0,0
defect4j,lang,org/apache/commons/lang/NumberUtils,44,412,        if (c < a) {,10,2,0,1,3,0,0,0,0,13,12,3,0.0,0,0
defect4j,lang,org/apache/commons/lang/NumberUtils,44,415,        return a;,2,0,0,0,0,1,0,0,0,2,9,4,0.0,0,0
defect4j,lang,org/apache/commons/lang/NumberUtils,44,427,        if (b > a) {,4,0,0,1,3,0,2,0,0,7,12,6,0.0,0,0
defect4j,lang,org/apache/commons/lang/NumberUtils,44,428,            a = b;,4,0,0,0,0,0,4,0,0,9,6,3,0.0,0,0
defect4j,lang,org/apache/commons/lang/NumberUtils,44,430,        if (c > a) {,4,1,0,1,3,0,0,0,0,5,12,4,0.0,0,0
defect4j,lang,org/apache/commons/lang/NumberUtils,44,431,            a = c;,4,0,0,0,0,0,0,0,0,5,6,6,0.0,0,0
defect4j,lang,org/apache/commons/lang/NumberUtils,44,433,        return a;,2,1,0,0,0,1,0,0,0,3,9,4,0.0,0,0
defect4j,lang,org/apache/commons/lang/NumberUtils,44,445,        if (b > a) {,4,1,0,1,3,0,0,0,0,5,12,4,0.0,0,0
defect4j,lang,org/apache/commons/lang/NumberUtils,44,446,            a = b;,18,1,0,0,0,0,8,0,0,30,6,3,0.0,0,0
defect4j,lang,org/apache/commons/lang/NumberUtils,44,449,            a = c;,2,0,0,0,0,2,8,2,0,15,6,1,0.0,0,0
defect4j,lang,org/apache/commons/lang/NumberUtils,44,451,        return a;,2,0,0,0,0,1,4,2,0,8,9,4,0.0,0,0
defect4j,lang,org/apache/commons/lang/NumberUtils,44,491,        if (lhs < rhs) {,4,1,0,1,3,0,4,0,0,9,16,9,0.0,0,0
defect4j,lang,org/apache/commons/lang/NumberUtils,44,492,            return -1;,0,0,1,0,0,1,10,2,0,24,10,3,0.0,0,0
defect4j,lang,org/apache/commons/lang/NumberUtils,44,494,        if (lhs > rhs) {,4,1,0,1,3,0,0,0,0,5,16,4,0.0,0,0
defect4j,lang,org/apache/commons/lang/NumberUtils,44,502,        long rhsBits = Double.doubleToLongBits(rhs);,6,1,0,1,2,0,18,0,0,26,44,3,0.0,0,0
defect4j,lang,org/apache/commons/lang/NumberUtils,44,504,            return 0;,4,1,1,0,0,1,0,0,0,10,9,3,0.0,0,0
defect4j,lang,org/apache/commons/lang/NumberUtils,44,512,        if (lhsBits < rhsBits) {,4,1,0,1,3,0,0,0,0,5,24,4,0.0,0,0
defect4j,lang,org/apache/commons/lang/NumberUtils,44,513,            return -1;,0,0,0,0,0,1,4,0,0,5,10,3,0.0,0,0
defect4j,lang,org/apache/commons/lang/NumberUtils,44,552,        if (lhs < rhs) {,12,1,0,1,3,1,0,6,0,20,16,2,0.0,0,0
defect4j,lang,org/apache/commons/lang/NumberUtils,44,556,            return +1;,0,0,0,0,0,1,8,0,0,9,10,3,0.0,0,0
defect4j,lang,org/apache/commons/lang/NumberUtils,44,562,        int lhsBits = Float.floatToIntBits(lhs);,2,0,0,1,2,0,6,0,0,8,40,5,0.0,0,0
defect4j,lang,org/apache/commons/lang/NumberUtils,44,564,        if (lhsBits == rhsBits) {,6,1,0,1,3,0,6,0,0,13,25,3,0.0,0,0
defect4j,lang,org/apache/commons/lang/NumberUtils,44,565,            return 0;,2,0,0,0,0,1,0,2,0,5,9,7,0.0,0,0
defect4j,lang,org/apache/commons/lang/NumberUtils,44,574,            return -1;,6,1,0,0,0,1,0,2,0,9,10,3,0.0,0,0
defect4j,lang,org/apache/commons/lang/NumberUtils,44,596,        for (int i = 0; i < str.length(); i++) {,6,1,0,2,5,0,4,0,0,12,40,4,0.0,0,0
defect4j,lang,org/apache/commons/lang/NumberUtils,44,598,                return false;,2,0,0,0,0,2,0,2,0,5,13,9,0.0,0,0
defect4j,lang,org/apache/commons/lang/NumberUtils,44,618,        if (StringUtils.isEmpty(str)) {,2,1,0,2,5,1,18,2,0,25,31,1,0.0,0,0
defect4j,lang,org/apache/commons/lang/NumberUtils,44,621,        char[] chars = str.toCharArray();,2,0,0,2,4,0,4,0,0,8,33,6,0.0,0,0
defect4j,lang,org/apache/commons/lang/NumberUtils,44,622,        int sz = chars.length;,8,0,0,0,0,3,4,2,0,17,22,1,0.0,0,0
defect4j,lang,org/apache/commons/lang/NumberUtils,44,623,        boolean hasExp = false;,4,0,0,0,0,0,2,0,0,8,23,3,0.0,0,0
defect4j,lang,org/apache/commons/lang/NumberUtils,44,624,        boolean hasDecPoint = false;,2,0,0,0,0,0,0,0,0,2,28,8,0.0,0,0
defect4j,lang,org/apache/commons/lang/NumberUtils,44,628,        int start = (chars[0] == '-') ? 1 : 0;,2,1,1,2,4,0,0,0,0,6,38,5,0.0,0,0
defect4j,lang,org/apache/commons/lang/NumberUtils,44,629,        if (sz > start + 1) {,6,0,0,1,3,3,2,2,0,15,21,1,0.0,0,0
defect4j,lang,org/apache/commons/lang/NumberUtils,44,630,            if (chars[start] == '0' && chars[start + 1] == 'x') {,2,0,0,3,7,0,0,0,0,2,53,6,0.0,0,0
defect4j,lang,org/apache/commons/lang/NumberUtils,44,631,                int i = start + 2;,4,1,0,0,0,0,8,0,0,13,18,3,0.0,0,0
defect4j,lang,org/apache/commons/lang/NumberUtils,44,633,"                    return false; // str == ""0x""",2,1,0,0,0,1,0,0,0,4,28,5,0.0,0,0
defect4j,lang,org/apache/commons/lang/NumberUtils,44,637,                    if ((chars[i] < '0' || chars[i] > '9'),10,3,0,3,7,3,14,0,0,34,38,1,0.0,0,0
defect4j,lang,org/apache/commons/lang/NumberUtils,44,640,                        return false;,2,2,0,0,0,1,6,0,0,13,13,4,0.0,0,0
defect4j,lang,org/apache/commons/lang/NumberUtils,44,643,                return true;,2,0,1,0,0,1,8,2,0,17,12,5,0.0,0,0
defect4j,lang,org/apache/commons/lang/NumberUtils,44,646,"        sz--; // don't want to loop to the last char, check it afterwords",0,1,0,0,0,0,4,0,0,5,65,4,0.0,0,0
defect4j,lang,org/apache/commons/lang/NumberUtils,44,648,        int i = start;,4,0,0,0,0,0,0,0,0,4,14,5,0.0,0,0
defect4j,lang,org/apache/commons/lang/NumberUtils,44,651,        while (i < sz || (i < sz + 1 && allowSigns && !foundDigit)) {,16,6,0,2,5,3,2,0,0,29,61,1,0.0,0,0
defect4j,lang,org/apache/commons/lang/NumberUtils,44,652,            if (chars[i] >= '0' && chars[i] <= '9') {,2,4,1,3,7,0,0,0,0,16,41,3,0.0,0,0
defect4j,lang,org/apache/commons/lang/NumberUtils,44,653,                foundDigit = true;,2,0,0,0,0,0,0,0,0,4,18,8,0.0,0,0
defect4j,lang,org/apache/commons/lang/NumberUtils,44,654,                allowSigns = false;,4,1,0,0,0,0,12,4,0,21,19,3,0.0,0,0
defect4j,lang,org/apache/commons/lang/NumberUtils,44,656,            } else if (chars[i] == '.') {,0,1,1,2,6,0,0,0,0,6,29,7,0.0,0,0
defect4j,lang,org/apache/commons/lang/NumberUtils,44,659,                    return false;,0,0,0,0,0,1,0,0,0,1,13,11,0.0,0,0
defect4j,lang,org/apache/commons/lang/NumberUtils,44,661,                hasDecPoint = true;,2,0,0,0,0,0,0,0,0,4,19,9,0.0,0,0
defect4j,lang,org/apache/commons/lang/NumberUtils,44,662,            } else if (chars[i] == 'e' || chars[i] == 'E') {,0,0,0,3,8,0,0,0,0,11,48,4,0.0,0,0
defect4j,lang,org/apache/commons/lang/NumberUtils,44,664,                if (hasExp) {,2,0,0,1,3,0,0,0,0,2,13,10,0.0,0,0
defect4j,lang,org/apache/commons/lang/NumberUtils,44,668,                if (!foundDigit) {,6,1,0,1,3,0,0,0,0,7,18,4,0.0,0,0
defect4j,lang,org/apache/commons/lang/NumberUtils,44,672,                allowSigns = true;,4,0,0,0,0,3,2,0,0,11,18,1,0.0,0,0
defect4j,lang,org/apache/commons/lang/NumberUtils,44,674,                if (!allowSigns) {,16,2,0,1,3,0,8,0,0,28,18,3,0.0,0,0
defect4j,lang,org/apache/commons/lang/NumberUtils,44,677,                allowSigns = false;,8,1,0,0,0,0,4,0,0,15,19,4,0.0,0,0
defect4j,lang,org/apache/commons/lang/NumberUtils,44,680,                return false;,2,1,0,0,0,1,0,0,0,4,13,3,0.0,0,0
defect4j,lang,org/apache/commons/lang/NumberUtils,44,682,            i++;,2,0,0,0,0,0,0,0,0,3,4,6,0.0,0,0
defect4j,lang,org/apache/commons/lang/NumberUtils,44,684,        if (i < chars.length) {,6,1,0,1,3,0,0,0,0,7,23,4,0.0,0,0
defect4j,lang,org/apache/commons/lang/NumberUtils,44,689,            if (chars[i] == 'e' || chars[i] == 'E') {,0,3,1,3,7,0,0,0,0,13,41,6,0.0,0,0
defect4j,lang,org/apache/commons/lang/NumberUtils,44,691,                return false;,2,0,0,0,0,1,6,0,0,9,13,3,0.0,0,0
defect4j,lang,org/apache/commons/lang/NumberUtils,44,693,            if (!allowSigns,0,0,0,0,1,0,10,0,0,10,15,5,0.0,0,0
defect4j,lang,org/apache/commons/lang/NumberUtils,44,698,                return foundDigit;,4,0,0,0,0,1,0,0,0,5,18,5,0.0,0,0
defect4j,lang,org/apache/commons/lang/NumberUtils,44,700,            if (chars[i] == 'l',0,1,1,1,3,0,0,0,0,6,19,7,0.0,0,0
defect4j,lang,org/apache/commons/lang/NumberUtils,44,703,                return foundDigit && !hasExp;,4,1,0,0,0,1,0,0,0,6,29,8,0.0,0,0
defect4j,lang,org/apache/commons/lang/NumberUtils,44,710,        return !allowSigns && foundDigit;,4,1,0,0,0,1,0,0,0,6,33,4,0.0,0,0
defect4j,lang,org/apache/commons/lang/StringUtils,45,167,        super();,0,0,0,1,2,0,14,0,0,15,8,4,0.0,0,0
defect4j,lang,org/apache/commons/lang/StringUtils,45,191,        return str == null || str.length() == 0;,2,3,0,1,2,1,4,0,0,9,40,4,0.0,0,0
defect4j,lang,org/apache/commons/lang/StringUtils,45,229,        if (str == null || (strLen = str.length()) == 0) {,6,4,0,3,7,0,4,0,0,15,50,4,0.0,0,0
defect4j,lang,org/apache/commons/lang/StringUtils,45,232,        for (int i = 0; i < strLen; i++) {,8,1,0,1,3,0,0,0,0,10,34,4,0.0,0,0
defect4j,lang,org/apache/commons/lang/StringUtils,45,233,            if ((Character.isWhitespace(str.charAt(i)) == false)) {,0,1,0,4,9,0,10,0,0,12,55,7,0.0,0,0
defect4j,lang,org/apache/commons/lang/StringUtils,45,234,                return false;,4,0,0,0,0,1,0,0,0,6,13,1,0.0,0,0
defect4j,lang,org/apache/commons/lang/StringUtils,45,237,        return true;,12,4,0,0,0,8,4,10,0,38,12,1,0.0,0,0
defect4j,lang,org/apache/commons/lang/StringUtils,45,336,        return isEmpty(ts) ? null : ts;,2,0,0,1,2,1,4,0,0,8,31,4,0.0,0,0
defect4j,lang,org/apache/commons/lang/StringUtils,45,361,        return str == null ? EMPTY : str.trim();,2,0,0,1,2,1,4,0,0,7,40,6,0.0,0,0
defect4j,lang,org/apache/commons/lang/StringUtils,45,416,        if (str == null) {,2,0,0,1,3,2,4,2,0,10,18,2,0.0,0,0
defect4j,lang,org/apache/commons/lang/StringUtils,45,417,            return null;,4,0,0,0,0,4,2,2,0,12,12,1,0.0,0,0
defect4j,lang,org/apache/commons/lang/StringUtils,45,420,        return str.length() == 0 ? null : str;,2,0,0,1,2,1,0,0,0,2,38,5,0.0,0,0
defect4j,lang,org/apache/commons/lang/StringUtils,45,479,"        str = stripStart(str, stripChars);",2,0,0,1,2,0,6,0,0,9,34,4,0.0,0,0
defect4j,lang,org/apache/commons/lang/StringUtils,45,480,"        return stripEnd(str, stripChars);",2,0,0,1,2,1,6,2,0,11,33,3,0.0,0,0
defect4j,lang,org/apache/commons/lang/StringUtils,45,510,            return str;,4,0,0,0,0,1,6,2,0,12,11,1,0.0,0,0
defect4j,lang,org/apache/commons/lang/StringUtils,45,513,        if (stripChars == null) {,12,2,0,1,3,0,10,0,0,26,25,3,0.0,0,0
defect4j,lang,org/apache/commons/lang/StringUtils,45,515,                start++;,2,0,0,0,0,0,0,0,0,3,8,8,0.0,0,0
defect4j,lang,org/apache/commons/lang/StringUtils,45,517,        } else if (stripChars.length() == 0) {,2,1,0,2,6,0,10,2,0,15,38,1,0.0,0,0
defect4j,lang,org/apache/commons/lang/StringUtils,45,518,            return str;,2,0,0,0,0,1,0,2,0,6,11,4,0.0,0,0
defect4j,lang,org/apache/commons/lang/StringUtils,45,520,            while ((start != strLen) && (stripChars.indexOf(str.charAt(start)) != -1)) {,6,3,0,5,11,0,10,0,0,20,76,4,0.0,0,0
defect4j,lang,org/apache/commons/lang/StringUtils,45,554,            return str;,2,0,0,0,0,1,0,0,0,2,11,6,0.0,0,0
defect4j,lang,org/apache/commons/lang/StringUtils,45,561,        } else if (stripChars.length() == 0) {,10,1,0,2,6,0,0,0,0,12,38,4,0.0,0,0
defect4j,lang,org/apache/commons/lang/StringUtils,45,564,            while ((end != 0) && (stripChars.indexOf(str.charAt(end - 1)) != -1)) {,4,4,0,5,11,0,14,0,0,23,71,3,0.0,0,0
defect4j,lang,org/apache/commons/lang/StringUtils,45,627,        for (int i = 0; i < strsLen; i++) {,12,1,0,1,3,3,0,4,0,22,35,1,0.0,0,0
defect4j,lang,org/apache/commons/lang/StringUtils,45,630,        return newArr;,14,2,0,0,0,7,4,0,0,29,14,1,0.0,0,0
defect4j,lang,org/apache/commons/lang/StringUtils,45,656,        return str1 == null ? str2 == null : str1.equals(str2);,4,2,0,1,2,1,6,0,0,12,55,5,0.0,0,0
defect4j,lang,org/apache/commons/lang/StringUtils,45,706,        if (isEmpty(str)) {,6,4,0,2,5,0,4,0,0,15,19,4,0.0,0,0
defect4j,lang,org/apache/commons/lang/StringUtils,45,739,            return -1;,0,0,0,0,0,1,4,0,0,5,10,5,0.0,0,0
defect4j,lang,org/apache/commons/lang/StringUtils,45,741,"        return str.indexOf(searchChar, startPos);",6,0,0,1,2,1,8,0,0,16,41,1,0.0,0,0
defect4j,lang,org/apache/commons/lang/StringUtils,45,767,        if (str == null || searchStr == null) {,10,4,0,1,3,0,0,0,0,15,39,1,0.0,0,0
defect4j,lang,org/apache/commons/lang/StringUtils,45,768,            return -1;,2,0,0,0,0,1,0,0,0,3,10,5,0.0,0,0
defect4j,lang,org/apache/commons/lang/StringUtils,45,802,            return INDEX_NOT_FOUND;,2,1,0,0,0,1,0,0,0,3,23,7,0.0,0,0
defect4j,lang,org/apache/commons/lang/StringUtils,45,812,                return index;,2,0,0,0,0,1,0,0,0,2,13,8,0.0,0,0
defect4j,lang,org/apache/commons/lang/StringUtils,45,814,            found++;,2,0,0,0,0,0,0,0,0,3,8,6,0.0,0,0
defect4j,lang,org/apache/commons/lang/StringUtils,45,816,        return index;,2,0,0,0,0,1,4,2,0,8,13,4,0.0,0,0
defect4j,lang,org/apache/commons/lang/StringUtils,45,851,        if (str == null || searchStr == null) {,4,3,0,1,3,0,0,0,0,7,39,4,0.0,0,0
defect4j,lang,org/apache/commons/lang/StringUtils,45,855,        if (searchStr.length() == 0 && startPos >= str.length()) {,0,0,0,3,7,0,6,0,0,6,58,9,0.0,0,0
defect4j,lang,org/apache/commons/lang/StringUtils,45,856,            return str.length();,0,0,0,1,2,1,10,0,0,10,20,3,0.0,0,0
defect4j,lang,org/apache/commons/lang/StringUtils,45,883,        if (isEmpty(str)) {,2,1,0,2,5,0,4,0,0,7,19,4,0.0,0,0
defect4j,lang,org/apache/commons/lang/StringUtils,45,918,            return -1;,2,0,0,0,0,1,0,0,0,4,10,5,0.0,0,0
defect4j,lang,org/apache/commons/lang/StringUtils,45,947,            return -1;,4,1,0,0,0,1,0,0,0,5,10,4,0.0,0,0
defect4j,lang,org/apache/commons/lang/StringUtils,45,981,        if (str == null || searchStr == null) {,6,3,0,1,3,0,0,0,0,9,39,3,0.0,0,0
defect4j,lang,org/apache/commons/lang/StringUtils,45,982,            return -1;,2,0,0,0,0,4,2,2,0,11,10,1,0.0,0,0
defect4j,lang,org/apache/commons/lang/StringUtils,45,984,"        return str.lastIndexOf(searchStr, startPos);",4,1,0,1,2,1,8,2,0,15,44,3,0.0,0,0
defect4j,lang,org/apache/commons/lang/StringUtils,45,1037,        if (str == null || searchStr == null) {,6,1,0,1,3,0,6,0,0,14,39,5,0.0,0,0
defect4j,lang,org/apache/commons/lang/StringUtils,45,1070,"        return contains(str.toUpperCase(), searchStr.toUpperCase());",6,0,1,3,6,1,10,0,0,20,60,3,0.0,0,0
defect4j,lang,org/apache/commons/lang/StringUtils,45,1101,        for (int i = 0; i < str.length(); i++) {,4,1,0,2,5,0,6,0,0,12,40,8,0.0,0,0
defect4j,lang,org/apache/commons/lang/StringUtils,45,1102,            char ch = str.charAt(i);,2,0,0,1,2,0,4,0,0,8,24,6,0.0,0,0
defect4j,lang,org/apache/commons/lang/StringUtils,45,1104,                if (searchChars[j] == ch) {,2,1,1,2,5,0,6,0,0,13,27,3,0.0,0,0
defect4j,lang,org/apache/commons/lang/StringUtils,45,1105,                    return i;,6,2,0,0,0,1,12,0,0,21,9,3,0.0,0,0
defect4j,lang,org/apache/commons/lang/StringUtils,45,1109,        return -1;,8,2,0,0,0,1,0,2,0,14,10,1,0.0,0,0
defect4j,lang,org/apache/commons/lang/StringUtils,45,1136,            return -1;,2,0,0,0,0,4,8,4,0,19,10,1,0.0,0,0
defect4j,lang,org/apache/commons/lang/StringUtils,45,1170,        for (int i = 0; i < str.length(); i++) {,8,2,1,2,5,0,4,0,0,18,40,3,0.0,0,0
defect4j,lang,org/apache/commons/lang/StringUtils,45,1241,            return -1;,2,0,0,0,0,1,0,2,0,4,10,6,0.0,0,0
defect4j,lang,org/apache/commons/lang/StringUtils,45,1243,        outer : for (int i = 0; i < str.length(); i++) {,4,0,0,2,5,0,4,0,0,8,48,10,0.0,0,0
defect4j,lang,org/apache/commons/lang/StringUtils,45,1244,            char ch = str.charAt(i);,4,1,0,1,2,0,0,0,0,5,24,6,0.0,0,0
defect4j,lang,org/apache/commons/lang/StringUtils,45,1252,        return -1;,2,0,0,0,0,1,0,0,0,4,10,13,0.0,0,0
defect4j,lang,org/apache/commons/lang/StringUtils,45,1281,        for (int i = 0; i < str.length(); i++) {,2,0,0,2,5,0,14,0,0,16,40,3,0.0,0,0
defect4j,lang,org/apache/commons/lang/StringUtils,45,1286,        return -1;,2,0,0,0,0,4,2,2,0,10,10,2,0.0,0,0
defect4j,lang,org/apache/commons/lang/StringUtils,45,1314,        if ((valid == null) || (str == null)) {,0,0,0,3,7,0,8,0,0,8,39,5,0.0,0,0
defect4j,lang,org/apache/commons/lang/StringUtils,45,1317,        if (str.length() == 0) {,0,0,0,2,5,0,2,0,0,2,24,5,0.0,0,0
defect4j,lang,org/apache/commons/lang/StringUtils,45,1318,            return true;,4,1,0,0,0,1,0,0,0,7,12,3,0.0,0,0
defect4j,lang,org/apache/commons/lang/StringUtils,45,1320,        if (valid.length == 0) {,10,1,0,1,3,0,0,0,0,13,24,4,0.0,0,0
defect4j,lang,org/apache/commons/lang/StringUtils,45,1321,            return false;,2,1,0,0,0,1,0,0,0,3,13,4,0.0,0,0
defect4j,lang,org/apache/commons/lang/StringUtils,45,1323,"        return indexOfAnyBut(str, valid) == -1;",0,1,0,1,2,1,6,0,0,8,39,4,0.0,0,0
defect4j,lang,org/apache/commons/lang/StringUtils,45,1349,        if (str == null || validChars == null) {,6,1,0,1,3,0,0,0,0,7,40,4,0.0,0,0
defect4j,lang,org/apache/commons/lang/StringUtils,45,1350,            return false;,2,0,0,0,0,4,14,2,0,23,13,1,0.0,0,0
defect4j,lang,org/apache/commons/lang/StringUtils,45,1352,"        return containsOnly(str, validChars.toCharArray());",2,0,0,2,4,1,4,0,0,6,51,5,0.0,0,0
defect4j,lang,org/apache/commons/lang/StringUtils,45,1380,        if (str == null || invalidChars == null) {,4,3,0,1,3,0,8,0,0,17,42,3,0.0,0,0
defect4j,lang,org/apache/commons/lang/StringUtils,45,1386,            char ch = str.charAt(i);,14,1,0,1,2,0,10,2,0,28,24,3,0.0,0,0
defect4j,lang,org/apache/commons/lang/StringUtils,45,1387,            for (int j = 0; j < validSize; j++) {,16,2,0,1,3,0,0,0,0,20,37,1,0.0,0,0
defect4j,lang,org/apache/commons/lang/StringUtils,45,1419,        if (str == null || invalidChars == null) {,4,3,0,1,3,0,0,0,0,7,42,4,0.0,0,0
defect4j,lang,org/apache/commons/lang/StringUtils,45,1457,        int sz = searchStrs.length;,8,0,0,0,0,3,2,0,0,13,27,1,0.0,0,0
defect4j,lang,org/apache/commons/lang/StringUtils,45,1462,        int tmp = 0;,2,1,0,0,0,0,0,0,0,3,12,4,0.0,0,0
defect4j,lang,org/apache/commons/lang/StringUtils,45,1464,            String search = searchStrs[i];,2,0,1,1,2,0,0,2,0,8,30,6,0.0,0,0
defect4j,lang,org/apache/commons/lang/StringUtils,45,1465,            if (search == null) {,2,0,0,1,3,0,0,0,0,2,21,4,0.0,0,0
defect4j,lang,org/apache/commons/lang/StringUtils,45,1466,                continue;,12,4,0,0,0,0,4,0,0,21,9,3,0.0,0,0
defect4j,lang,org/apache/commons/lang/StringUtils,45,1468,            tmp = str.indexOf(search);,4,1,0,1,2,0,6,2,0,16,26,3,0.0,0,0
defect4j,lang,org/apache/commons/lang/StringUtils,45,1474,                ret = tmp;,2,1,0,0,0,0,6,0,0,9,10,3,0.0,0,0
defect4j,lang,org/apache/commons/lang/StringUtils,45,1510,        int sz = searchStrs.length;,6,0,0,0,0,0,0,0,0,6,27,5,0.0,0,0
defect4j,lang,org/apache/commons/lang/StringUtils,45,1511,        int ret = -1;,2,0,0,0,0,0,0,0,0,3,13,5,0.0,0,0
defect4j,lang,org/apache/commons/lang/StringUtils,45,1513,        for (int i = 0; i < sz; i++) {,10,1,0,1,3,0,0,0,0,12,30,3,0.0,0,0
defect4j,lang,org/apache/commons/lang/StringUtils,45,1523,        return ret;,4,3,0,0,0,1,0,0,0,9,11,8,0.0,0,0
defect4j,lang,org/apache/commons/lang/StringUtils,45,1558,        if (start < 0) {,2,1,0,1,3,0,0,0,0,3,16,4,0.0,0,0
defect4j,lang,org/apache/commons/lang/StringUtils,45,1559,            start = str.length() + start; // remember start is negative,10,2,1,1,2,0,6,0,0,25,59,1,0.0,0,0
defect4j,lang,org/apache/commons/lang/StringUtils,45,1562,        if (start < 0) {,4,1,1,1,3,0,0,2,0,11,16,3,0.0,0,0
defect4j,lang,org/apache/commons/lang/StringUtils,45,1613,        if (end < 0) {,2,1,0,1,3,0,0,0,0,3,14,4,0.0,0,0
defect4j,lang,org/apache/commons/lang/StringUtils,45,1614,            end = str.length() + end; // remember end is negative,4,1,0,1,2,0,4,0,0,10,53,6,0.0,0,0
defect4j,lang,org/apache/commons/lang/StringUtils,45,1621,        if (end > str.length()) {,2,0,0,2,5,0,0,4,0,7,25,3,0.0,0,0
defect4j,lang,org/apache/commons/lang/StringUtils,45,1622,            end = str.length();,2,0,0,1,2,0,4,0,0,7,19,6,0.0,0,0
defect4j,lang,org/apache/commons/lang/StringUtils,45,1630,        if (start < 0) {,2,1,0,1,3,0,0,0,0,3,16,4,0.0,0,0
defect4j,lang,org/apache/commons/lang/StringUtils,45,1631,            start = 0;,4,0,0,0,0,0,6,0,0,12,10,3,0.0,0,0
defect4j,lang,org/apache/commons/lang/StringUtils,45,1663,        if (str == null) {,2,1,0,1,3,0,0,0,0,3,18,4,0.0,0,0
defect4j,lang,org/apache/commons/lang/StringUtils,45,1666,        if (len < 0) {,2,1,0,1,3,0,0,0,0,3,14,4,0.0,0,0
defect4j,lang,org/apache/commons/lang/StringUtils,45,1669,        if (str.length() <= len) {,2,1,0,2,5,0,4,0,0,7,26,4,0.0,0,0
defect4j,lang,org/apache/commons/lang/StringUtils,45,1670,            return str;,2,0,0,0,0,1,0,0,0,2,11,8,0.0,0,0
defect4j,lang,org/apache/commons/lang/StringUtils,45,1696,        if (str == null) {,2,1,0,1,3,0,0,0,0,3,18,4,0.0,0,0
defect4j,lang,org/apache/commons/lang/StringUtils,45,1699,        if (len < 0) {,6,2,0,1,3,0,8,0,0,17,14,3,0.0,0,0
defect4j,lang,org/apache/commons/lang/StringUtils,45,1703,            return str;,6,0,0,0,0,1,0,0,0,6,11,3,0.0,0,0
defect4j,lang,org/apache/commons/lang/StringUtils,45,1733,        if (str == null) {,8,1,0,1,3,0,0,0,0,10,18,6,0.0,0,0
defect4j,lang,org/apache/commons/lang/StringUtils,45,1734,            return null;,2,1,1,0,0,1,0,0,0,7,12,8,0.0,0,0
defect4j,lang,org/apache/commons/lang/StringUtils,45,1736,        if (len < 0 || pos > str.length()) {,8,4,0,2,5,0,6,0,0,18,36,4,0.0,0,0
defect4j,lang,org/apache/commons/lang/StringUtils,45,1737,            return EMPTY;,4,0,0,0,0,1,0,0,0,4,13,6,0.0,0,0
defect4j,lang,org/apache/commons/lang/StringUtils,45,1740,            pos = 0;,6,0,0,0,0,0,0,4,0,11,8,5,0.0,0,0
defect4j,lang,org/apache/commons/lang/StringUtils,45,1742,        if (str.length() <= (pos + len)) {,2,0,0,3,7,0,0,0,0,2,34,7,0.0,0,0
defect4j,lang,org/apache/commons/lang/StringUtils,45,1777,            return str;,8,0,0,0,0,1,0,0,0,9,11,5,0.0,0,0
defect4j,lang,org/apache/commons/lang/StringUtils,45,1779,        if (separator.length() == 0) {,2,0,0,2,5,1,4,0,0,7,30,4,0.0,0,0
defect4j,lang,org/apache/commons/lang/StringUtils,45,1780,            return EMPTY;,2,0,0,0,0,1,0,0,0,2,13,6,0.0,0,0
defect4j,lang,org/apache/commons/lang/StringUtils,45,1782,        int pos = str.indexOf(separator);,2,0,0,1,2,0,16,0,0,18,33,3,0.0,0,0
defect4j,lang,org/apache/commons/lang/StringUtils,45,1783,        if (pos == -1) {,2,1,0,1,3,0,0,0,0,4,16,4,0.0,0,0
defect4j,lang,org/apache/commons/lang/StringUtils,45,1784,            return str;,2,0,0,0,0,1,10,0,0,12,11,3,0.0,0,0
defect4j,lang,org/apache/commons/lang/StringUtils,45,1817,            return str;,2,0,0,0,0,1,0,0,0,2,11,6,0.0,0,0
defect4j,lang,org/apache/commons/lang/StringUtils,45,1822,        int pos = str.indexOf(separator);,2,0,0,1,2,0,6,0,0,8,33,5,0.0,0,0
defect4j,lang,org/apache/commons/lang/StringUtils,45,1824,            return EMPTY;,2,0,0,0,0,1,0,0,0,2,13,6,0.0,0,0
defect4j,lang,org/apache/commons/lang/StringUtils,45,1855,        if (isEmpty(str) || isEmpty(separator)) {,2,1,0,3,7,0,14,2,0,19,41,3,0.0,0,0
defect4j,lang,org/apache/commons/lang/StringUtils,45,1856,            return str;,4,0,0,0,0,1,0,0,0,5,11,3,0.0,0,0
defect4j,lang,org/apache/commons/lang/StringUtils,45,1860,            return str;,2,0,0,0,0,1,0,0,0,2,11,6,0.0,0,0
defect4j,lang,org/apache/commons/lang/StringUtils,45,1894,            return str;,0,4,0,0,0,1,12,0,0,16,11,4,0.0,0,0
defect4j,lang,org/apache/commons/lang/StringUtils,45,1899,        int pos = str.lastIndexOf(separator);,2,0,0,1,2,0,6,0,0,8,37,5,0.0,0,0
defect4j,lang,org/apache/commons/lang/StringUtils,45,1900,        if (pos == -1 || pos == (str.length() - separator.length())) {,4,4,0,4,9,0,8,0,0,17,62,4,0.0,0,0
defect4j,lang,org/apache/commons/lang/StringUtils,45,1901,            return EMPTY;,2,0,0,0,0,1,0,0,0,2,13,4,0.0,0,0
defect4j,lang,org/apache/commons/lang/StringUtils,45,1903,        return str.substring(pos + separator.length());,4,2,0,2,4,1,8,0,0,14,47,3,0.0,0,0
defect4j,lang,org/apache/commons/lang/StringUtils,45,1961,        if (str == null || open == null || close == null) {,6,5,0,1,3,0,0,0,0,11,51,4,0.0,0,0
defect4j,lang,org/apache/commons/lang/StringUtils,45,1962,            return null;,2,1,0,0,0,1,0,0,0,3,12,4,0.0,0,0
defect4j,lang,org/apache/commons/lang/StringUtils,45,1965,        if (start != -1) {,2,1,0,1,3,0,0,0,0,4,18,4,0.0,0,0
defect4j,lang,org/apache/commons/lang/StringUtils,45,1966,"            int end = str.indexOf(close, start + open.length());",4,1,0,2,4,0,10,0,0,15,52,7,0.0,0,0
defect4j,lang,org/apache/commons/lang/StringUtils,45,1967,            if (end != -1) {,2,1,0,1,3,0,0,0,0,4,16,6,0.0,0,0
defect4j,lang,org/apache/commons/lang/StringUtils,45,1968,"                return str.substring(start + open.length(), end);",2,1,0,2,4,1,14,0,0,17,49,3,0.0,0,0
defect4j,lang,org/apache/commons/lang/StringUtils,45,1997,        if (str == null || isEmpty(open) || isEmpty(close)) {,8,5,1,3,7,0,4,0,0,19,53,12,0.0,0,0
defect4j,lang,org/apache/commons/lang/StringUtils,45,2000,        int strLen = str.length();,2,0,1,1,2,0,4,0,0,10,26,3,0.0,0,0
defect4j,lang,org/apache/commons/lang/StringUtils,45,2002,            return ArrayUtils.EMPTY_STRING_ARRAY;,4,0,0,0,0,1,0,0,0,5,37,10,0.0,0,0
defect4j,lang,org/apache/commons/lang/StringUtils,45,2004,        int closeLen = close.length();,6,0,0,1,2,0,0,0,0,7,30,6,0.0,0,0
defect4j,lang,org/apache/commons/lang/StringUtils,45,2005,        int openLen = open.length();,2,0,0,1,2,0,4,0,0,6,28,5,0.0,0,0
defect4j,lang,org/apache/commons/lang/StringUtils,45,2006,        List list = new ArrayList();,2,0,0,1,2,0,0,4,0,6,28,4,0.0,0,0
defect4j,lang,org/apache/commons/lang/StringUtils,45,2007,        int pos = 0;,4,0,1,0,0,0,4,0,0,11,12,3,0.0,0,0
defect4j,lang,org/apache/commons/lang/StringUtils,45,2008,        while (pos < (strLen - closeLen)) {,10,2,0,2,5,1,0,2,0,15,35,2,0.0,0,0
defect4j,lang,org/apache/commons/lang/StringUtils,45,2010,            if (start < 0) {,4,1,0,1,3,0,0,0,0,6,16,3,0.0,0,0
defect4j,lang,org/apache/commons/lang/StringUtils,45,2015,            if (end < 0) {,4,1,0,1,3,0,6,0,0,11,14,3,0.0,0,0
defect4j,lang,org/apache/commons/lang/StringUtils,45,2016,                break;,4,1,0,0,0,0,6,0,0,11,6,3,0.0,0,0
defect4j,lang,org/apache/commons/lang/StringUtils,45,2019,            pos = end + closeLen;,6,1,0,0,0,0,0,0,0,8,21,6,0.0,0,0
defect4j,lang,org/apache/commons/lang/StringUtils,45,2021,        if (list.isEmpty()) {,4,3,0,2,5,0,4,0,0,11,21,4,0.0,0,0
defect4j,lang,org/apache/commons/lang/StringUtils,45,2024,        return (String[]) list.toArray(new String [list.size()]);,0,0,0,5,10,1,14,4,0,18,57,3,0.0,0,0
defect4j,lang,org/apache/commons/lang/StringUtils,45,2052,"        return substringBetween(str, tag, tag);",2,0,0,1,2,1,0,0,0,2,39,8,0.0,0,0
defect4j,lang,org/apache/commons/lang/StringUtils,45,2110,"        return split(str, null, -1);",0,0,0,1,2,1,12,0,0,15,28,4,0.0,0,0
defect4j,lang,org/apache/commons/lang/StringUtils,45,2341,        if (str == null) {,2,1,0,1,3,0,0,0,0,3,18,4,0.0,0,0
defect4j,lang,org/apache/commons/lang/StringUtils,45,2345,        int len = str.length();,8,1,0,1,2,0,4,0,0,13,23,3,0.0,0,0
defect4j,lang,org/apache/commons/lang/StringUtils,45,2356,        int separatorLength = separator.length();,2,0,0,1,2,0,4,0,0,6,41,5,0.0,0,0
defect4j,lang,org/apache/commons/lang/StringUtils,45,2358,        ArrayList substrings = new ArrayList();,2,0,0,1,2,0,0,4,0,6,39,4,0.0,0,0
defect4j,lang,org/apache/commons/lang/StringUtils,45,2359,        int numberOfSubstrings = 0;,2,0,0,0,0,0,0,0,0,2,27,5,0.0,0,0
defect4j,lang,org/apache/commons/lang/StringUtils,45,2360,        int beg = 0;,2,0,0,0,0,0,0,0,0,2,12,5,0.0,0,0
defect4j,lang,org/apache/commons/lang/StringUtils,45,2361,        int end = 0;,2,1,0,0,0,0,0,0,0,4,12,6,0.0,0,0
defect4j,lang,org/apache/commons/lang/StringUtils,45,2365,            if (end > -1) {,2,1,0,1,3,0,0,0,0,4,15,6,0.0,0,0
defect4j,lang,org/apache/commons/lang/StringUtils,45,2366,                if (end > beg) {,8,4,0,1,3,0,4,0,0,16,16,3,0.0,0,0
defect4j,lang,org/apache/commons/lang/StringUtils,45,2367,                    numberOfSubstrings += 1;,2,0,1,0,0,0,0,0,0,7,24,6,0.0,0,0
defect4j,lang,org/apache/commons/lang/StringUtils,45,2369,                    if (numberOfSubstrings == max) {,4,1,0,1,3,0,0,0,0,5,32,10,0.0,0,0
defect4j,lang,org/apache/commons/lang/StringUtils,45,2375,"                        substrings.add(str.substring(beg, end));",4,3,1,2,4,0,16,0,0,25,40,3,0.0,0,0
defect4j,lang,org/apache/commons/lang/StringUtils,45,2380,                        beg = end + separatorLength;,10,2,0,0,0,0,0,0,0,13,28,3,0.0,0,0
defect4j,lang,org/apache/commons/lang/StringUtils,45,2384,                    if (preserveAllTokens) {,6,0,0,1,3,0,0,2,0,9,24,1,0.0,0,0
defect4j,lang,org/apache/commons/lang/StringUtils,45,2386,                        if (numberOfSubstrings == max) {,8,1,0,1,3,0,0,0,0,11,32,3,0.0,0,0
defect4j,lang,org/apache/commons/lang/StringUtils,45,2387,                            end = len;,2,0,0,0,0,0,0,0,0,2,10,5,0.0,0,0
defect4j,lang,org/apache/commons/lang/StringUtils,45,2388,                            substrings.add(str.substring(beg));,0,0,0,2,4,0,10,0,0,10,35,15,0.0,0,0
defect4j,lang,org/apache/commons/lang/StringUtils,45,2390,                            substrings.add(EMPTY);,0,0,0,1,2,0,6,0,0,6,22,15,0.0,0,0
defect4j,lang,org/apache/commons/lang/StringUtils,45,2398,                end = len;,2,0,0,0,0,0,6,0,0,8,10,5,0.0,0,0
defect4j,lang,org/apache/commons/lang/StringUtils,45,2485,        if (str == null) {,2,1,0,1,3,0,0,0,0,3,18,4,0.0,0,0
defect4j,lang,org/apache/commons/lang/StringUtils,45,2486,            return null;,4,4,0,0,0,1,8,0,0,17,12,4,0.0,0,0
defect4j,lang,org/apache/commons/lang/StringUtils,45,2488,        int len = str.length();,2,0,0,1,2,0,4,0,0,6,23,5,0.0,0,0
defect4j,lang,org/apache/commons/lang/StringUtils,45,2489,        if (len == 0) {,10,7,0,1,3,0,18,4,0,39,15,3,0.0,0,0
defect4j,lang,org/apache/commons/lang/StringUtils,45,2490,            return ArrayUtils.EMPTY_STRING_ARRAY;,4,0,0,0,0,1,0,0,0,4,37,7,0.0,0,0
defect4j,lang,org/apache/commons/lang/StringUtils,45,2492,        List list = new ArrayList();,8,0,0,1,2,0,0,4,0,12,28,4,0.0,0,0
defect4j,lang,org/apache/commons/lang/StringUtils,45,2494,        boolean match = false;,2,0,0,0,0,0,0,0,0,3,22,5,0.0,0,0
defect4j,lang,org/apache/commons/lang/StringUtils,45,2496,        while (i < len) {,10,1,0,1,3,0,0,0,0,12,17,3,0.0,0,0
defect4j,lang,org/apache/commons/lang/StringUtils,45,2497,            if (str.charAt(i) == separatorChar) {,2,1,0,2,5,0,6,0,0,9,37,6,0.0,0,0
defect4j,lang,org/apache/commons/lang/StringUtils,45,2499,"                    list.add(str.substring(start, i));",4,1,0,2,4,0,0,0,0,6,34,3,0.0,0,0
defect4j,lang,org/apache/commons/lang/StringUtils,45,2500,                    match = false;,2,0,0,0,0,0,0,0,0,5,14,3,0.0,0,0
defect4j,lang,org/apache/commons/lang/StringUtils,45,2504,                continue;,0,0,0,0,0,0,0,0,0,1,9,6,0.0,0,0
defect4j,lang,org/apache/commons/lang/StringUtils,45,2506,            lastMatch = false;,2,0,0,0,0,0,2,0,0,4,18,7,0.0,0,0
defect4j,lang,org/apache/commons/lang/StringUtils,45,2507,            match = true;,4,1,0,0,0,0,0,0,0,6,13,4,0.0,0,0
defect4j,lang,org/apache/commons/lang/StringUtils,45,2508,            i++;,4,0,0,0,0,0,0,0,0,6,4,3,0.0,0,0
defect4j,lang,org/apache/commons/lang/StringUtils,45,2513,        return (String[]) list.toArray(new String[list.size()]);,2,0,0,5,10,1,14,4,0,20,56,3,0.0,0,0
defect4j,lang,org/apache/commons/lang/StringUtils,45,2612,        if (str == null) {,2,0,0,1,3,0,0,0,0,3,18,6,0.0,0,0
defect4j,lang,org/apache/commons/lang/StringUtils,45,2616,        if (len == 0) {,6,1,0,1,3,0,0,0,0,8,15,1,0.0,0,0
defect4j,lang,org/apache/commons/lang/StringUtils,45,2617,            return ArrayUtils.EMPTY_STRING_ARRAY;,8,1,0,0,0,1,0,0,0,9,37,4,0.0,0,0
defect4j,lang,org/apache/commons/lang/StringUtils,45,2620,        int sizePlus1 = 1;,2,0,0,0,0,0,0,0,0,2,18,5,0.0,0,0
defect4j,lang,org/apache/commons/lang/StringUtils,45,2621,"        int i = 0, start = 0;",6,0,0,0,0,0,0,0,0,7,21,3,0.0,0,0
defect4j,lang,org/apache/commons/lang/StringUtils,45,2622,        boolean match = false;,2,0,0,0,0,0,0,0,0,3,22,5,0.0,0,0
defect4j,lang,org/apache/commons/lang/StringUtils,45,2623,        boolean lastMatch = false;,2,0,0,0,0,0,0,0,0,3,26,5,0.0,0,0
defect4j,lang,org/apache/commons/lang/StringUtils,45,2624,        if (separatorChars == null) {,10,3,0,1,3,0,0,0,0,13,29,4,0.0,0,0
defect4j,lang,org/apache/commons/lang/StringUtils,45,2628,                    if (match || preserveAllTokens) {,4,1,0,1,3,0,0,0,0,5,33,10,0.0,0,0
defect4j,lang,org/apache/commons/lang/StringUtils,45,2630,                        if (sizePlus1++ == max) {,10,2,0,1,3,0,8,2,0,24,25,3,0.0,0,0
defect4j,lang,org/apache/commons/lang/StringUtils,45,2634,"                        list.add(str.substring(start, i));",2,1,0,2,4,0,12,0,0,15,34,4,0.0,0,0
defect4j,lang,org/apache/commons/lang/StringUtils,45,2635,                        match = false;,4,1,0,0,0,0,0,0,0,7,14,3,0.0,0,0
defect4j,lang,org/apache/commons/lang/StringUtils,45,2642,                i++;,10,4,0,0,0,0,10,0,0,25,4,3,0.0,0,0
defect4j,lang,org/apache/commons/lang/StringUtils,45,2646,            char sep = separatorChars.charAt(0);,2,0,0,1,2,0,4,0,0,6,36,8,0.0,0,0
defect4j,lang,org/apache/commons/lang/StringUtils,45,2648,                if (str.charAt(i) == sep) {,0,0,0,2,5,0,12,0,0,12,27,5,0.0,0,0
defect4j,lang,org/apache/commons/lang/StringUtils,45,2650,                        lastMatch = true;,2,0,0,0,0,0,0,0,0,4,17,13,0.0,0,0
defect4j,lang,org/apache/commons/lang/StringUtils,45,2651,                        if (sizePlus1++ == max) {,4,1,0,1,3,0,0,0,0,6,25,13,0.0,0,0
defect4j,lang,org/apache/commons/lang/StringUtils,45,2653,                            lastMatch = false;,2,0,0,0,0,0,0,0,0,4,18,15,0.0,0,0
defect4j,lang,org/apache/commons/lang/StringUtils,45,2656,                        match = false;,2,1,0,0,0,0,0,0,0,3,14,4,0.0,0,0
defect4j,lang,org/apache/commons/lang/StringUtils,45,2658,                    start = ++i;,4,0,0,0,0,0,0,0,0,6,12,11,0.0,0,0
defect4j,lang,org/apache/commons/lang/StringUtils,45,2662,                match = true;,2,0,0,0,0,0,0,0,0,5,13,4,0.0,0,0
defect4j,lang,org/apache/commons/lang/StringUtils,45,2663,                i++;,2,0,0,0,0,0,0,0,0,2,4,7,0.0,0,0
defect4j,lang,org/apache/commons/lang/StringUtils,45,2668,                if (separatorChars.indexOf(str.charAt(i)) >= 0) {,2,0,0,3,7,0,0,0,0,2,49,5,0.0,0,0
defect4j,lang,org/apache/commons/lang/StringUtils,45,2670,                        lastMatch = true;,2,0,0,0,0,0,4,0,0,6,17,5,0.0,0,0
defect4j,lang,org/apache/commons/lang/StringUtils,45,2671,                        if (sizePlus1++ == max) {,6,2,0,1,3,0,4,0,0,14,25,1,0.0,0,0
defect4j,lang,org/apache/commons/lang/StringUtils,45,2672,                            i = len;,4,1,0,0,0,0,0,0,0,5,8,5,0.0,0,0
defect4j,lang,org/apache/commons/lang/StringUtils,45,2675,"                        list.add(str.substring(start, i));",2,0,1,2,4,0,16,0,0,32,34,3,0.0,0,0
defect4j,lang,org/apache/commons/lang/StringUtils,45,2676,                        match = false;,4,0,0,0,0,0,0,0,0,6,14,0,0.0,0,0
defect4j,lang,org/apache/commons/lang/StringUtils,45,2681,                lastMatch = false;,2,0,0,0,0,0,0,0,0,4,18,9,0.0,0,0
defect4j,lang,org/apache/commons/lang/StringUtils,45,2682,                match = true;,2,0,0,0,0,0,0,0,0,4,13,9,0.0,0,0
defect4j,lang,org/apache/commons/lang/StringUtils,45,2683,                i++;,6,1,0,0,0,0,0,0,0,7,4,5,0.0,0,0
defect4j,lang,org/apache/commons/lang/StringUtils,45,2686,        if (match || (preserveAllTokens && lastMatch)) {,10,3,0,2,5,0,4,2,0,19,48,4,0.0,0,0
defect4j,lang,org/apache/commons/lang/StringUtils,45,2689,        return (String[]) list.toArray(new String[list.size()]);,0,0,0,5,10,1,26,4,0,30,56,3,0.0,0,0
defect4j,lang,org/apache/commons/lang/StringUtils,45,2758,        if (str == null) {,8,2,0,1,3,0,0,0,0,10,18,3,0.0,0,0
defect4j,lang,org/apache/commons/lang/StringUtils,45,2759,            return null;,6,2,0,0,0,1,0,0,0,8,12,3,0.0,0,0
defect4j,lang,org/apache/commons/lang/StringUtils,45,2761,        if (str.length() == 0) {,0,1,0,2,5,0,4,0,0,5,24,4,0.0,0,0
defect4j,lang,org/apache/commons/lang/StringUtils,45,2762,            return ArrayUtils.EMPTY_STRING_ARRAY;,16,2,1,0,0,1,6,2,0,33,37,3,0.0,0,0
defect4j,lang,org/apache/commons/lang/StringUtils,45,2764,        char[] c = str.toCharArray();,2,0,0,2,4,0,4,0,0,6,29,5,0.0,0,0
defect4j,lang,org/apache/commons/lang/StringUtils,45,2767,        int currentType = Character.getType(c[tokenStart]);,4,0,1,2,4,0,4,0,0,13,51,3,0.0,0,0
defect4j,lang,org/apache/commons/lang/StringUtils,45,2769,            int type = Character.getType(c[pos]);,2,0,1,2,4,0,4,0,0,10,37,7,0.0,0,0
defect4j,lang,org/apache/commons/lang/StringUtils,45,2771,                continue;,6,0,0,0,0,2,0,4,0,13,9,1,0.0,0,0
defect4j,lang,org/apache/commons/lang/StringUtils,45,2774,                int newTokenStart = pos - 1;,4,1,0,0,0,0,0,0,0,5,28,9,0.0,0,0
defect4j,lang,org/apache/commons/lang/StringUtils,45,2775,                if (newTokenStart != tokenStart) {,4,1,0,1,3,0,0,0,0,5,34,8,0.0,0,0
defect4j,lang,org/apache/commons/lang/StringUtils,45,2777,                    tokenStart = newTokenStart;,4,0,0,0,0,0,0,0,0,5,27,10,0.0,0,0
defect4j,lang,org/apache/commons/lang/StringUtils,45,2781,                tokenStart = pos;,6,1,0,0,0,0,6,0,0,14,17,3,0.0,0,0
defect4j,lang,org/apache/commons/lang/StringUtils,45,2783,            currentType = type;,4,0,0,0,0,0,0,0,0,5,19,6,0.0,0,0
defect4j,lang,org/apache/commons/lang/StringUtils,45,2785,"        list.add(new String(c, tokenStart, c.length - tokenStart));",10,1,0,2,4,0,4,2,0,17,59,5,0.0,0,0
defect4j,lang,org/apache/commons/lang/StringUtils,45,2860,        if (array == null) {,6,2,0,1,3,0,0,0,0,8,20,3,0.0,0,0
defect4j,lang,org/apache/commons/lang/StringUtils,45,2864,"        return join(array, separator, 0, array.length);",12,4,0,1,2,1,18,0,0,36,47,1,0.0,0,0
defect4j,lang,org/apache/commons/lang/StringUtils,45,2894,        if (array == null) {,2,1,0,1,3,0,0,0,0,3,20,4,0.0,0,0
defect4j,lang,org/apache/commons/lang/StringUtils,45,2895,            return null;,6,0,0,0,0,1,4,0,0,10,12,5,0.0,0,0
defect4j,lang,org/apache/commons/lang/StringUtils,45,2897,        int bufSize = (endIndex - startIndex);,6,1,0,1,2,0,0,0,0,7,38,5,0.0,0,0
defect4j,lang,org/apache/commons/lang/StringUtils,45,2902,        bufSize *= ((array[startIndex] == null ? 16 : array[startIndex].toString().length()) + 1);,4,3,1,6,12,0,4,0,0,21,90,3,0.0,0,0
defect4j,lang,org/apache/commons/lang/StringUtils,45,2905,        for (int i = startIndex; i < endIndex; i++) {,12,1,0,1,3,0,8,2,0,24,45,3,0.0,0,0
defect4j,lang,org/apache/commons/lang/StringUtils,45,2906,            if (i > startIndex) {,4,1,0,1,3,0,0,0,0,5,21,6,0.0,0,0
defect4j,lang,org/apache/commons/lang/StringUtils,45,2907,                buf.append(separator);,12,1,0,1,2,0,0,0,0,14,22,7,0.0,0,0
defect4j,lang,org/apache/commons/lang/StringUtils,45,2909,            if (array[i] != null) {,2,1,0,2,5,0,0,0,0,3,23,4,0.0,0,0
defect4j,lang,org/apache/commons/lang/StringUtils,45,2941,        if (array == null) {,2,1,0,1,3,0,0,0,0,3,20,4,0.0,0,0
defect4j,lang,org/apache/commons/lang/StringUtils,45,2975,        if (array == null) {,2,1,0,1,3,0,0,0,0,3,20,4,0.0,0,0
defect4j,lang,org/apache/commons/lang/StringUtils,45,2979,            separator = EMPTY;,4,0,0,0,0,0,0,0,0,5,18,6,0.0,0,0
defect4j,lang,org/apache/commons/lang/StringUtils,45,2984,        int bufSize = (endIndex - startIndex);,6,1,0,1,2,0,0,0,0,7,38,5,0.0,0,0
defect4j,lang,org/apache/commons/lang/StringUtils,45,2985,        if (bufSize <= 0) {,2,1,0,1,3,0,0,0,0,3,19,4,0.0,0,0
defect4j,lang,org/apache/commons/lang/StringUtils,45,2986,            return EMPTY;,6,3,0,0,0,1,10,0,0,20,13,4,0.0,0,0
defect4j,lang,org/apache/commons/lang/StringUtils,45,2992,        StringBuffer buf = new StringBuffer(bufSize);,2,0,0,1,2,0,0,8,0,10,45,4,0.0,0,0
defect4j,lang,org/apache/commons/lang/StringUtils,45,2995,            if (i > startIndex) {,4,0,0,1,3,0,0,4,0,8,21,4,0.0,0,0
defect4j,lang,org/apache/commons/lang/StringUtils,45,2998,            if (array[i] != null) {,0,1,1,2,5,0,0,0,0,5,23,6,0.0,0,0
defect4j,lang,org/apache/commons/lang/StringUtils,45,3026,            return EMPTY;,2,0,0,0,0,1,0,0,0,2,13,6,0.0,0,0
defect4j,lang,org/apache/commons/lang/StringUtils,45,3028,        Object first = iterator.next();,4,0,0,1,2,0,4,2,0,10,31,3,0.0,0,0
defect4j,lang,org/apache/commons/lang/StringUtils,45,3034,"        StringBuffer buf = new StringBuffer(256); // Java default is 16, probably too small",4,0,0,1,2,0,0,4,0,8,83,3,0.0,0,0
defect4j,lang,org/apache/commons/lang/StringUtils,45,3035,        if (first != null) {,4,3,0,1,3,0,6,2,0,15,20,3,0.0,0,0
defect4j,lang,org/apache/commons/lang/StringUtils,45,3039,        while (iterator.hasNext()) {,2,0,0,2,5,0,4,0,0,6,28,3,0.0,0,0
defect4j,lang,org/apache/commons/lang/StringUtils,45,3042,            if (obj != null) {,2,1,0,1,3,0,0,0,0,3,18,6,0.0,0,0
defect4j,lang,org/apache/commons/lang/StringUtils,45,3066,        if (iterator == null) {,8,1,0,1,3,0,0,0,0,10,23,4,0.0,0,0
defect4j,lang,org/apache/commons/lang/StringUtils,45,3069,        if (!iterator.hasNext()) {,2,0,0,2,5,0,4,0,0,8,26,4,0.0,0,0
defect4j,lang,org/apache/commons/lang/StringUtils,45,3070,            return EMPTY;,2,0,0,0,0,1,0,0,0,2,13,6,0.0,0,0
defect4j,lang,org/apache/commons/lang/StringUtils,45,3078,"        StringBuffer buf = new StringBuffer(256); // Java default is 16, probably too small",2,0,0,1,2,0,0,4,0,6,83,4,0.0,0,0
defect4j,lang,org/apache/commons/lang/StringUtils,45,3084,            if (separator != null) {,2,1,0,1,3,0,0,0,0,3,24,6,0.0,0,0
defect4j,lang,org/apache/commons/lang/StringUtils,45,3085,                buf.append(separator);,4,0,0,1,2,0,0,0,0,4,22,5,0.0,0,0
defect4j,lang,org/apache/commons/lang/StringUtils,45,3087,            Object obj = iterator.next();,2,0,0,1,2,0,16,2,0,20,29,5,0.0,0,0
defect4j,lang,org/apache/commons/lang/StringUtils,45,3110,        if (collection == null) {,0,0,0,1,3,0,6,0,0,6,25,9,0.0,0,0
defect4j,lang,org/apache/commons/lang/StringUtils,45,3111,            return null;,4,1,0,0,0,1,0,0,0,7,12,3,0.0,0,0
defect4j,lang,org/apache/commons/lang/StringUtils,45,3131,        if (collection == null) {,2,1,0,1,3,0,0,0,0,3,25,4,0.0,0,0
defect4j,lang,org/apache/commons/lang/StringUtils,45,3134,"        return join(collection.iterator(), separator);",0,0,0,2,4,1,6,0,0,8,46,5,0.0,0,0
defect4j,lang,org/apache/commons/lang/StringUtils,45,3167,            return null;,0,0,0,0,0,1,10,0,0,10,12,9,0.0,0,0
defect4j,lang,org/apache/commons/lang/StringUtils,45,3188,            return str;,2,0,0,0,0,1,0,0,0,2,11,6,0.0,0,0
defect4j,lang,org/apache/commons/lang/StringUtils,45,3190,        int sz = str.length();,14,2,0,1,2,0,14,0,0,31,22,3,0.0,0,0
defect4j,lang,org/apache/commons/lang/StringUtils,45,3191,        char[] chs = new char[sz];,2,0,1,2,4,0,18,0,0,22,26,3,0.0,0,0
defect4j,lang,org/apache/commons/lang/StringUtils,45,3192,        int count = 0;,2,0,0,0,0,0,0,0,0,2,14,5,0.0,0,0
defect4j,lang,org/apache/commons/lang/StringUtils,45,3193,        for (int i = 0; i < sz; i++) {,8,1,0,1,3,0,8,0,0,19,30,3,0.0,0,0
defect4j,lang,org/apache/commons/lang/StringUtils,45,3195,                chs[count++] = str.charAt(i);,4,0,1,2,4,0,12,0,0,21,29,3,0.0,0,0
defect4j,lang,org/apache/commons/lang/StringUtils,45,3198,        if (count == sz) {,4,0,0,1,3,0,0,0,0,6,18,6,0.0,0,0
defect4j,lang,org/apache/commons/lang/StringUtils,45,3199,            return str;,2,0,0,0,0,1,0,0,0,2,11,6,0.0,0,0
defect4j,lang,org/apache/commons/lang/StringUtils,45,3231,        if (isEmpty(str) || isEmpty(remove)) {,4,0,0,3,7,0,0,0,0,5,38,6,0.0,0,0
defect4j,lang,org/apache/commons/lang/StringUtils,45,3267,            return str;,4,0,0,0,0,1,0,0,0,4,11,6,0.0,0,0
defect4j,lang,org/apache/commons/lang/StringUtils,45,3269,"        if (startsWithIgnoreCase(str, remove)) {",0,0,0,2,5,0,6,0,0,7,40,3,0.0,0,0
defect4j,lang,org/apache/commons/lang/StringUtils,45,3272,        return str;,2,0,0,0,0,1,0,0,0,2,11,4,0.0,0,0
defect4j,lang,org/apache/commons/lang/StringUtils,45,3337,"        if (endsWithIgnoreCase(str, remove)) {",2,0,0,2,5,0,6,2,0,10,38,3,0.0,0,0
defect4j,lang,org/apache/commons/lang/StringUtils,45,3338,"            return str.substring(0, str.length() - remove.length());",0,1,0,3,6,1,12,0,0,13,56,7,0.0,0,0
defect4j,lang,org/apache/commons/lang/StringUtils,45,3340,        return str;,2,0,0,0,0,1,0,0,0,2,11,4,0.0,0,0
defect4j,lang,org/apache/commons/lang/StringUtils,45,3367,        if (isEmpty(str) || isEmpty(remove)) {,2,0,0,3,7,0,0,0,0,2,38,6,0.0,0,0
defect4j,lang,org/apache/commons/lang/StringUtils,45,3368,            return str;,4,0,0,0,0,1,6,0,0,10,11,5,0.0,0,0
defect4j,lang,org/apache/commons/lang/StringUtils,45,3370,"        return replace(str, remove, EMPTY, -1);",4,4,0,1,2,1,16,0,0,27,39,3,0.0,0,0
defect4j,lang,org/apache/commons/lang/StringUtils,45,3394,            return str;,2,0,0,0,0,1,0,0,0,2,11,6,0.0,0,0
defect4j,lang,org/apache/commons/lang/StringUtils,45,3397,        int pos = 0;,2,0,0,0,0,0,0,0,0,2,12,5,0.0,0,0
defect4j,lang,org/apache/commons/lang/StringUtils,45,3400,                chars[pos++] = chars[i];,8,1,1,2,4,0,4,0,0,21,24,3,0.0,0,0
defect4j,lang,org/apache/commons/lang/StringUtils,45,3403,"        return new String(chars, 0, pos);",8,0,0,1,2,1,8,4,0,21,33,4,0.0,0,0
defect4j,lang,org/apache/commons/lang/StringUtils,45,3432,"        return replace(text, searchString, replacement, 1);",0,1,0,1,2,1,20,0,0,21,51,3,0.0,0,0
defect4j,lang,org/apache/commons/lang/StringUtils,45,3492,            return text;,2,0,0,0,0,1,0,0,0,2,12,6,0.0,0,0
defect4j,lang,org/apache/commons/lang/StringUtils,45,3494,        int start = 0;,2,0,0,0,0,0,0,0,0,2,14,5,0.0,0,0
defect4j,lang,org/apache/commons/lang/StringUtils,45,3496,        if (end == -1) {,4,2,0,1,3,0,0,0,0,7,16,4,0.0,0,0
defect4j,lang,org/apache/commons/lang/StringUtils,45,3497,            return text;,2,0,0,0,0,1,0,0,0,2,12,6,0.0,0,0
defect4j,lang,org/apache/commons/lang/StringUtils,45,3499,        int replLength = searchString.length();,2,0,0,1,2,0,4,0,0,6,39,5,0.0,0,0
defect4j,lang,org/apache/commons/lang/StringUtils,45,3500,        int increase = replacement.length() - replLength;,4,1,0,1,2,1,6,0,0,12,49,3,0.0,0,0
defect4j,lang,org/apache/commons/lang/StringUtils,45,3503,        StringBuffer buf = new StringBuffer(text.length() + increase);,4,1,0,2,4,0,4,4,0,13,62,4,0.0,0,0
defect4j,lang,org/apache/commons/lang/StringUtils,45,3504,        while (end != -1) {,2,1,0,1,3,0,0,0,0,4,19,4,0.0,0,0
defect4j,lang,org/apache/commons/lang/StringUtils,45,3505,"            buf.append(text.substring(start, end)).append(replacement);",0,0,0,3,6,0,16,0,0,16,59,7,0.0,0,0
defect4j,lang,org/apache/commons/lang/StringUtils,45,3507,            if (--max == 0) {,2,1,0,1,3,0,6,0,0,10,17,3,0.0,0,0
defect4j,lang,org/apache/commons/lang/StringUtils,45,3508,                break;,6,3,0,0,0,0,0,0,0,9,6,3,0.0,0,0
defect4j,lang,org/apache/commons/lang/StringUtils,45,3513,        return buf.toString();,2,1,1,1,2,1,4,0,0,11,22,3,0.0,0,0
defect4j,lang,org/apache/commons/lang/StringUtils,45,3556,"        return replaceEach(text, searchList, replacementList, false, 0);",2,1,0,1,2,1,8,0,0,12,64,3,0.0,0,0
defect4j,lang,org/apache/commons/lang/StringUtils,45,3607,        int timeToLive = searchList == null ? 0 : searchList.length;,8,1,0,0,0,0,6,0,0,15,60,3,0.0,0,0
defect4j,lang,org/apache/commons/lang/StringUtils,45,3666,        if (text == null || text.length() == 0 || searchList == null || ,4,8,0,1,3,0,4,0,0,16,63,4,0.0,0,0
defect4j,lang,org/apache/commons/lang/StringUtils,45,3673,        if (timeToLive < 0) {,2,1,0,1,3,0,0,0,0,3,21,4,0.0,0,0
defect4j,lang,org/apache/commons/lang/StringUtils,45,3677,        int searchLength = searchList.length;,2,0,0,0,0,0,0,0,0,2,37,4,0.0,0,0
defect4j,lang,org/apache/commons/lang/StringUtils,45,3678,        int replacementLength = replacementList.length;,10,1,0,0,0,0,0,0,0,11,47,3,0.0,0,0
defect4j,lang,org/apache/commons/lang/StringUtils,45,3689,        boolean[] noMoreMatchesForReplIndex = new boolean[searchLength];,2,0,1,2,4,0,0,0,0,4,64,5,0.0,0,0
defect4j,lang,org/apache/commons/lang/StringUtils,45,3692,        int textIndex = -1;,2,0,0,0,0,0,6,0,0,9,19,3,0.0,0,0
defect4j,lang,org/apache/commons/lang/StringUtils,45,3694,        int tempIndex = -1;,2,0,0,0,0,0,0,0,0,3,19,5,0.0,0,0
defect4j,lang,org/apache/commons/lang/StringUtils,45,3699,            if (noMoreMatchesForReplIndex[i] || searchList[i] == null || ,6,5,1,2,5,0,0,0,0,19,60,3,0.0,0,0
defect4j,lang,org/apache/commons/lang/StringUtils,45,3704,            tempIndex = text.indexOf(searchList[i]);,2,0,1,2,4,0,4,0,0,11,40,6,0.0,0,0
defect4j,lang,org/apache/commons/lang/StringUtils,45,3707,            if (tempIndex == -1) {,8,3,0,1,3,0,0,0,0,12,22,3,0.0,0,0
defect4j,lang,org/apache/commons/lang/StringUtils,45,3711,                    textIndex = tempIndex;,4,0,0,0,0,0,0,0,0,5,22,10,0.0,0,0
defect4j,lang,org/apache/commons/lang/StringUtils,45,3712,                    replaceIndex = i;,4,0,0,0,0,0,0,0,0,5,17,10,0.0,0,0
defect4j,lang,org/apache/commons/lang/StringUtils,45,3719,        if (textIndex == -1) {,4,1,0,1,3,0,0,0,0,6,22,4,0.0,0,0
defect4j,lang,org/apache/commons/lang/StringUtils,45,3723,        int start = 0;,2,0,0,0,0,0,10,0,0,12,14,3,0.0,0,0
defect4j,lang,org/apache/commons/lang/StringUtils,45,3730,            int greater = replacementList[i].length() - searchList[i].length();,2,1,1,4,8,0,4,0,0,15,67,7,0.0,0,0
defect4j,lang,org/apache/commons/lang/StringUtils,45,3732,                increase += 3 * greater; // assume 3 matches,4,1,0,0,0,0,0,0,0,6,44,8,0.0,0,0
defect4j,lang,org/apache/commons/lang/StringUtils,45,3736,"        increase = Math.min(increase, text.length() / 5);",4,1,0,2,4,0,10,4,0,20,49,3,0.0,0,0
defect4j,lang,org/apache/commons/lang/StringUtils,45,3738,        StringBuffer buf = new StringBuffer(text.length() + increase);,4,1,0,2,4,0,4,4,0,13,62,4,0.0,0,0
defect4j,lang,org/apache/commons/lang/StringUtils,45,3740,        while (textIndex != -1) {,2,1,0,1,3,0,0,0,0,4,25,4,0.0,0,0
defect4j,lang,org/apache/commons/lang/StringUtils,45,3742,            for (int i = start; i < textIndex; i++) {,12,1,0,1,3,0,4,0,0,18,41,3,0.0,0,0
defect4j,lang,org/apache/commons/lang/StringUtils,45,3743,                buf.append(text.charAt(i));,4,1,1,2,4,0,10,0,0,24,27,3,0.0,0,0
defect4j,lang,org/apache/commons/lang/StringUtils,45,3745,            buf.append(replacementList[replaceIndex]);,2,1,0,2,4,0,0,0,0,3,42,4,0.0,0,0
defect4j,lang,org/apache/commons/lang/StringUtils,45,3747,            start = textIndex + searchList[replaceIndex].length();,4,1,1,2,4,0,2,0,0,12,54,6,0.0,0,0
defect4j,lang,org/apache/commons/lang/StringUtils,45,3749,            textIndex = -1;,2,0,0,0,0,0,0,0,0,4,15,6,0.0,0,0
defect4j,lang,org/apache/commons/lang/StringUtils,45,3750,            replaceIndex = -1;,2,0,0,0,0,0,0,0,0,4,18,6,0.0,0,0
defect4j,lang,org/apache/commons/lang/StringUtils,45,3751,            tempIndex = -1;,2,0,0,0,0,0,0,0,0,4,15,6,0.0,0,0
defect4j,lang,org/apache/commons/lang/StringUtils,45,3755,                if (noMoreMatchesForReplIndex[i] || searchList[i] == null || ,0,4,1,2,5,0,0,0,0,12,60,8,0.0,0,0
defect4j,lang,org/apache/commons/lang/StringUtils,45,3760,"                tempIndex = text.indexOf(searchList[i], start);",2,0,1,2,4,0,6,0,0,13,47,8,0.0,0,0
defect4j,lang,org/apache/commons/lang/StringUtils,45,3764,                    noMoreMatchesForReplIndex[i] = true;,8,2,1,1,2,0,0,0,0,17,36,3,0.0,0,0
defect4j,lang,org/apache/commons/lang/StringUtils,45,3768,                        replaceIndex = i;,4,0,0,0,0,0,0,0,0,5,17,12,0.0,0,0
defect4j,lang,org/apache/commons/lang/StringUtils,45,3775,        int textLength = text.length();,4,1,0,1,2,0,4,0,0,9,31,3,0.0,0,0
defect4j,lang,org/apache/commons/lang/StringUtils,45,3777,            buf.append(text.charAt(i));,0,1,0,2,4,0,22,0,0,23,27,3,0.0,0,0
defect4j,lang,org/apache/commons/lang/StringUtils,45,3781,            return result;,2,0,0,0,0,1,0,0,0,3,14,6,0.0,0,0
defect4j,lang,org/apache/commons/lang/StringUtils,45,3810,        if (str == null) {,2,1,0,1,3,0,0,0,0,3,18,4,0.0,0,0
defect4j,lang,org/apache/commons/lang/StringUtils,45,3853,        if (isEmpty(str) || isEmpty(searchChars)) {,0,1,0,3,7,0,8,0,0,9,43,4,0.0,0,0
defect4j,lang,org/apache/commons/lang/StringUtils,45,3854,            return str;,2,0,0,0,0,1,0,0,0,2,11,6,0.0,0,0
defect4j,lang,org/apache/commons/lang/StringUtils,45,3856,        if (replaceChars == null) {,4,1,0,1,3,0,4,0,0,9,27,3,0.0,0,0
defect4j,lang,org/apache/commons/lang/StringUtils,45,3857,            replaceChars = EMPTY;,4,0,0,0,0,0,0,0,0,5,21,6,0.0,0,0
defect4j,lang,org/apache/commons/lang/StringUtils,45,3859,        boolean modified = false;,10,1,0,0,0,0,0,0,0,13,25,3,0.0,0,0
defect4j,lang,org/apache/commons/lang/StringUtils,45,3860,        int replaceCharsLength = replaceChars.length();,4,1,0,1,2,0,4,0,0,9,47,3,0.0,0,0
defect4j,lang,org/apache/commons/lang/StringUtils,45,3861,        int strLength = str.length();,16,3,0,1,2,0,8,4,0,32,29,3,0.0,0,0
defect4j,lang,org/apache/commons/lang/StringUtils,45,3862,        StringBuffer buf = new StringBuffer(strLength);,6,0,1,1,2,0,0,4,0,15,47,3,0.0,0,0
defect4j,lang,org/apache/commons/lang/StringUtils,45,3864,            char ch = str.charAt(i);,2,0,0,1,2,0,10,0,0,13,24,3,0.0,0,0
defect4j,lang,org/apache/commons/lang/StringUtils,45,3866,            if (index >= 0) {,4,1,0,1,3,0,4,0,0,10,17,3,0.0,0,0
defect4j,lang,org/apache/commons/lang/StringUtils,45,3868,                if (index < replaceCharsLength) {,4,1,0,1,3,0,0,0,0,5,33,8,0.0,0,0
defect4j,lang,org/apache/commons/lang/StringUtils,45,3869,                    buf.append(replaceChars.charAt(index));,0,0,0,2,4,0,10,0,0,10,39,11,0.0,0,0
defect4j,lang,org/apache/commons/lang/StringUtils,45,3875,        if (modified) {,4,0,0,1,3,0,0,0,0,4,15,3,0.0,0,0
defect4j,lang,org/apache/commons/lang/StringUtils,45,3878,        return str;,2,0,0,0,0,1,0,0,0,2,11,4,0.0,0,0
defect4j,lang,org/apache/commons/lang/StringUtils,45,3946,        if (str == null) {,2,1,0,1,3,0,0,0,0,3,18,4,0.0,0,0
defect4j,lang,org/apache/commons/lang/StringUtils,45,3949,        if (overlay == null) {,2,1,0,1,3,0,0,0,0,3,22,4,0.0,0,0
defect4j,lang,org/apache/commons/lang/StringUtils,45,3950,            overlay = EMPTY;,6,1,0,0,0,0,0,0,0,9,16,3,0.0,0,0
defect4j,lang,org/apache/commons/lang/StringUtils,45,3953,        if (start < 0) {,8,1,0,1,3,0,0,0,0,9,16,3,0.0,0,0
defect4j,lang,org/apache/commons/lang/StringUtils,45,3956,        if (start > len) {,4,1,0,1,3,0,0,0,0,5,18,4,0.0,0,0
defect4j,lang,org/apache/commons/lang/StringUtils,45,3957,            start = len;,4,0,0,0,0,0,0,0,0,5,12,6,0.0,0,0
defect4j,lang,org/apache/commons/lang/StringUtils,45,3959,        if (end < 0) {,2,1,0,1,3,0,0,0,0,3,14,4,0.0,0,0
defect4j,lang,org/apache/commons/lang/StringUtils,45,3960,            end = 0;,2,0,0,0,0,0,0,0,0,3,8,6,0.0,0,0
defect4j,lang,org/apache/commons/lang/StringUtils,45,3963,            end = len;,4,0,0,0,0,0,0,0,0,5,10,6,0.0,0,0
defect4j,lang,org/apache/commons/lang/StringUtils,45,3965,        if (start > end) {,4,1,0,1,3,0,0,0,0,5,18,4,0.0,0,0
defect4j,lang,org/apache/commons/lang/StringUtils,45,3966,            int temp = start;,2,1,0,0,0,0,0,0,0,3,17,4,0.0,0,0
defect4j,lang,org/apache/commons/lang/StringUtils,45,3967,            start = end;,4,0,0,0,0,0,0,0,0,5,12,6,0.0,0,0
defect4j,lang,org/apache/commons/lang/StringUtils,45,3968,            end = temp;,2,1,0,0,0,0,0,0,0,3,11,4,0.0,0,0
defect4j,lang,org/apache/commons/lang/StringUtils,45,4009,        if (str.length() == 1) {,2,1,0,2,5,0,8,0,0,11,24,4,0.0,0,0
defect4j,lang,org/apache/commons/lang/StringUtils,45,4010,            char ch = str.charAt(0);,2,0,0,1,2,0,4,0,0,6,24,7,0.0,0,0
defect4j,lang,org/apache/commons/lang/StringUtils,45,4012,                return EMPTY;,2,0,0,0,0,1,0,0,0,2,13,8,0.0,0,0
defect4j,lang,org/apache/commons/lang/StringUtils,45,4017,        int lastIdx = str.length() - 1;,2,1,0,1,2,0,4,0,0,7,31,5,0.0,0,0
defect4j,lang,org/apache/commons/lang/StringUtils,45,4018,        char last = str.charAt(lastIdx);,4,1,1,1,2,0,6,0,0,15,32,3,0.0,0,0
defect4j,lang,org/apache/commons/lang/StringUtils,45,4020,        if (last == CharUtils.LF) {,8,1,0,1,3,0,0,0,0,9,27,4,0.0,0,0
defect4j,lang,org/apache/commons/lang/StringUtils,45,4022,                lastIdx--;,4,0,0,0,0,0,6,0,0,11,10,3,0.0,0,0
defect4j,lang,org/apache/commons/lang/StringUtils,45,4024,        } else if (last != CharUtils.CR) {,10,2,0,1,4,0,4,0,0,18,34,3,0.0,0,0
defect4j,lang,org/apache/commons/lang/StringUtils,45,4025,            lastIdx++;,8,1,0,0,0,0,4,0,0,15,10,4,0.0,0,0
defect4j,lang,org/apache/commons/lang/StringUtils,45,4058,            return str;,2,0,0,0,0,1,0,0,0,2,11,6,0.0,0,0
defect4j,lang,org/apache/commons/lang/StringUtils,45,4077,"        return chompLast(str, ""\n"");",0,0,1,1,2,1,4,0,0,13,28,6,0.0,0,0
defect4j,lang,org/apache/commons/lang/StringUtils,45,4094,        String sub = str.substring(str.length() - sep.length());,8,3,0,3,6,0,16,2,0,29,56,3,0.0,0,0
defect4j,lang,org/apache/commons/lang/StringUtils,45,4098,        return str;,2,0,0,0,0,1,0,0,0,2,11,4,0.0,0,0
defect4j,lang,org/apache/commons/lang/StringUtils,45,4116,            return sep;,2,0,0,0,0,1,0,0,0,2,11,6,0.0,0,0
defect4j,lang,org/apache/commons/lang/StringUtils,45,4117,        } else if (idx != -1) {,2,1,0,1,4,0,0,0,0,4,23,5,0.0,0,0
defect4j,lang,org/apache/commons/lang/StringUtils,45,4120,            return EMPTY;,4,1,0,0,0,1,0,0,0,5,13,6,0.0,0,0
defect4j,lang,org/apache/commons/lang/StringUtils,45,4136,        int idx = str.indexOf(sep);,14,4,0,1,2,0,0,0,0,18,27,6,0.0,0,0
defect4j,lang,org/apache/commons/lang/StringUtils,45,4138,            return str;,2,0,0,0,0,1,0,0,0,2,11,6,0.0,0,0
defect4j,lang,org/apache/commons/lang/StringUtils,45,4140,        return str.substring(idx + sep.length());,2,1,0,2,4,1,8,0,0,11,41,5,0.0,0,0
defect4j,lang,org/apache/commons/lang/StringUtils,45,4158,            return EMPTY;,2,0,0,0,0,1,0,0,0,2,13,6,0.0,0,0
defect4j,lang,org/apache/commons/lang/StringUtils,45,4189,        if (str == null) {,2,1,0,1,3,0,0,0,0,3,18,4,0.0,0,0
defect4j,lang,org/apache/commons/lang/StringUtils,45,4190,            return null;,2,2,0,0,0,1,4,0,0,8,12,4,0.0,0,0
defect4j,lang,org/apache/commons/lang/StringUtils,45,4192,        int strLen = str.length();,2,0,0,1,2,0,4,0,0,7,26,3,0.0,0,0
defect4j,lang,org/apache/commons/lang/StringUtils,45,4193,        if (strLen < 2) {,2,1,0,1,3,0,0,0,0,3,17,4,0.0,0,0
defect4j,lang,org/apache/commons/lang/StringUtils,45,4197,"        String ret = str.substring(0, lastIdx);",2,0,0,1,2,0,6,2,0,10,39,4,0.0,0,0
defect4j,lang,org/apache/commons/lang/StringUtils,45,4199,        if (last == CharUtils.LF) {,6,1,0,1,3,0,0,0,0,7,27,4,0.0,0,0
defect4j,lang,org/apache/commons/lang/StringUtils,45,4201,"                return ret.substring(0, lastIdx - 1);",2,1,0,1,2,1,4,0,0,7,37,9,0.0,0,0
defect4j,lang,org/apache/commons/lang/StringUtils,45,4204,        return ret;,2,0,0,0,0,1,0,0,0,2,11,4,0.0,0,0
defect4j,lang,org/apache/commons/lang/StringUtils,45,4219,        if (lastIdx <= 0) {,2,1,0,1,3,0,0,0,0,3,19,4,0.0,0,0
defect4j,lang,org/apache/commons/lang/StringUtils,45,4220,            return EMPTY;,2,0,0,0,0,1,0,0,0,2,13,6,0.0,0,0
defect4j,lang,org/apache/commons/lang/StringUtils,45,4223,        if (last == CharUtils.LF) {,8,2,0,1,3,0,0,0,0,10,27,4,0.0,0,0
defect4j,lang,org/apache/commons/lang/StringUtils,45,4224,            if (str.charAt(lastIdx - 1) == CharUtils.CR) {,0,0,0,2,5,0,0,0,0,1,46,4,0.0,0,0
defect4j,lang,org/apache/commons/lang/StringUtils,45,4225,                lastIdx--;,2,0,0,0,0,0,0,0,0,3,10,8,0.0,0,0
defect4j,lang,org/apache/commons/lang/StringUtils,45,4228,            lastIdx++;,2,0,0,0,0,0,0,0,0,3,10,6,0.0,0,0
defect4j,lang,org/apache/commons/lang/StringUtils,45,4278,        if (str == null) {,2,1,0,1,3,0,0,0,0,3,18,4,0.0,0,0
defect4j,lang,org/apache/commons/lang/StringUtils,45,4281,        if (repeat <= 0) {,8,2,0,1,3,0,10,0,0,20,18,3,0.0,0,0
defect4j,lang,org/apache/commons/lang/StringUtils,45,4282,            return EMPTY;,12,2,0,0,0,1,6,0,0,22,13,3,0.0,0,0
defect4j,lang,org/apache/commons/lang/StringUtils,45,4284,        int inputLength = str.length();,2,0,0,1,2,0,4,0,0,6,31,5,0.0,0,0
defect4j,lang,org/apache/commons/lang/StringUtils,45,4285,        if (repeat == 1 || inputLength == 0) {,4,3,0,1,3,0,0,0,0,7,38,4,0.0,0,0
defect4j,lang,org/apache/commons/lang/StringUtils,45,4288,        if (inputLength == 1 && repeat <= PAD_LIMIT) {,6,3,0,1,3,0,0,0,0,9,46,4,0.0,0,0
defect4j,lang,org/apache/commons/lang/StringUtils,45,4292,        int outputLength = inputLength * repeat;,8,2,0,0,0,0,0,0,0,10,40,3,0.0,0,0
defect4j,lang,org/apache/commons/lang/StringUtils,45,4295,                char ch = str.charAt(0);,8,5,0,1,2,0,4,0,0,17,24,3,0.0,0,0
defect4j,lang,org/apache/commons/lang/StringUtils,45,4296,                char[] output1 = new char[outputLength];,2,0,1,2,4,0,0,0,0,4,40,6,0.0,0,0
defect4j,lang,org/apache/commons/lang/StringUtils,45,4300,                return new String(output1);,2,0,0,1,2,1,0,2,0,4,27,6,0.0,0,0
defect4j,lang,org/apache/commons/lang/StringUtils,45,4303,                char ch1 = str.charAt(1);,2,0,0,1,2,0,4,0,0,6,25,6,0.0,0,0
defect4j,lang,org/apache/commons/lang/StringUtils,45,4304,                char[] output2 = new char[outputLength];,2,0,1,2,4,0,0,0,0,4,40,6,0.0,0,0
defect4j,lang,org/apache/commons/lang/StringUtils,45,4305,"                for (int i = repeat * 2 - 2; i >= 0; i--, i--) {",18,3,0,1,3,1,0,0,0,24,48,3,0.0,0,0
defect4j,lang,org/apache/commons/lang/StringUtils,45,4311,                StringBuffer buf = new StringBuffer(outputLength);,4,1,1,1,2,0,4,0,0,14,50,6,0.0,0,0
defect4j,lang,org/apache/commons/lang/StringUtils,45,4312,                for (int i = 0; i < repeat; i++) {,10,1,0,1,3,0,0,0,0,12,34,3,0.0,0,0
defect4j,lang,org/apache/commons/lang/StringUtils,45,4343,        if (repeat < 0) {,4,1,0,1,3,0,0,0,0,5,17,5,0.0,0,0
defect4j,lang,org/apache/commons/lang/StringUtils,45,4344,"            throw new IndexOutOfBoundsException(""Cannot pad a negative amount: "" + repeat);",6,1,1,1,2,0,0,2,0,15,79,3,0.0,0,0
defect4j,lang,org/apache/commons/lang/StringUtils,45,4348,            buf[i] = padChar;,2,0,1,1,2,0,0,0,0,7,17,6,0.0,0,0
defect4j,lang,org/apache/commons/lang/StringUtils,45,4350,        return new String(buf);,10,1,0,1,2,1,0,2,0,14,23,3,0.0,0,0
defect4j,lang,org/apache/commons/lang/StringUtils,45,4373,"        return rightPad(str, size, ' ');",2,1,0,1,2,1,0,0,0,3,32,4,0.0,0,0
defect4j,lang,org/apache/commons/lang/StringUtils,45,4398,        if (str == null) {,6,2,0,1,3,0,0,0,0,8,18,4,0.0,0,0
defect4j,lang,org/apache/commons/lang/StringUtils,45,4401,        int pads = size - str.length();,4,1,1,1,2,0,8,0,0,22,31,3,0.0,0,0
defect4j,lang,org/apache/commons/lang/StringUtils,45,4402,        if (pads <= 0) {,2,1,0,1,3,0,6,0,0,9,16,4,0.0,0,0
defect4j,lang,org/apache/commons/lang/StringUtils,45,4403,            return str; // returns original String when possible,2,0,0,0,0,1,0,0,0,2,52,6,0.0,0,0
defect4j,lang,org/apache/commons/lang/StringUtils,45,4435,        if (str == null) {,2,1,0,1,3,0,0,0,0,3,18,4,0.0,0,0
defect4j,lang,org/apache/commons/lang/StringUtils,45,4439,"            padStr = "" "";",2,0,0,0,0,0,0,0,0,4,13,6,0.0,0,0
defect4j,lang,org/apache/commons/lang/StringUtils,45,4442,        int strLen = str.length();,4,1,0,1,2,0,0,0,0,5,26,5,0.0,0,0
defect4j,lang,org/apache/commons/lang/StringUtils,45,4443,        int pads = size - strLen;,6,1,0,0,0,0,0,0,0,7,25,5,0.0,0,0
defect4j,lang,org/apache/commons/lang/StringUtils,45,4444,        if (pads <= 0) {,2,1,0,1,3,0,0,0,0,3,16,4,0.0,0,0
defect4j,lang,org/apache/commons/lang/StringUtils,45,4447,        if (padLen == 1 && pads <= PAD_LIMIT) {,6,3,0,1,3,0,0,0,0,9,39,4,0.0,0,0
defect4j,lang,org/apache/commons/lang/StringUtils,45,4448,"            return rightPad(str, size, padStr.charAt(0));",2,0,0,2,4,1,0,0,0,3,45,3,0.0,0,0
defect4j,lang,org/apache/commons/lang/StringUtils,45,4451,        if (pads == padLen) {,4,1,0,1,3,0,0,0,0,5,21,4,0.0,0,0
defect4j,lang,org/apache/commons/lang/StringUtils,45,4453,        } else if (pads < padLen) {,2,0,0,1,4,0,0,0,0,2,27,6,0.0,0,0
defect4j,lang,org/apache/commons/lang/StringUtils,45,4456,            char[] padding = new char[pads];,2,0,0,2,4,0,4,0,0,6,32,5,0.0,0,0
defect4j,lang,org/apache/commons/lang/StringUtils,45,4458,            for (int i = 0; i < pads; i++) {,10,2,0,1,3,0,0,0,0,13,32,5,0.0,0,0
defect4j,lang,org/apache/commons/lang/StringUtils,45,4459,                padding[i] = padChars[i % padLen];,4,1,1,2,4,0,0,0,0,12,34,9,0.0,0,0
defect4j,lang,org/apache/commons/lang/StringUtils,45,4461,            return str.concat(new String(padding));,2,0,0,2,4,1,4,2,0,8,39,8,0.0,0,0
defect4j,lang,org/apache/commons/lang/StringUtils,45,4510,        if (str == null) {,2,1,0,1,3,0,0,0,0,3,18,4,0.0,0,0
defect4j,lang,org/apache/commons/lang/StringUtils,45,4513,        int pads = size - str.length();,2,0,0,1,2,0,0,0,0,3,31,6,0.0,0,0
defect4j,lang,org/apache/commons/lang/StringUtils,45,4515,            return str; // returns original String when possible,8,1,1,0,0,1,0,0,0,12,52,3,0.0,0,0
defect4j,lang,org/apache/commons/lang/StringUtils,45,4547,        if (str == null) {,2,1,0,1,3,0,0,0,0,3,18,4,0.0,0,0
defect4j,lang,org/apache/commons/lang/StringUtils,45,4548,            return null;,2,0,0,0,0,1,0,4,0,6,12,4,0.0,0,0
defect4j,lang,org/apache/commons/lang/StringUtils,45,4557,            return str; // returns original String when possible,8,0,0,0,0,2,0,4,0,13,52,3,0.0,0,0
defect4j,lang,org/apache/commons/lang/StringUtils,45,4559,        if (padLen == 1 && pads <= PAD_LIMIT) {,2,1,0,1,3,0,0,0,0,3,39,4,0.0,0,0
defect4j,lang,org/apache/commons/lang/StringUtils,45,4563,        if (pads == padLen) {,6,2,0,1,3,0,0,0,0,8,21,4,0.0,0,0
defect4j,lang,org/apache/commons/lang/StringUtils,45,4565,        } else if (pads < padLen) {,4,1,0,1,4,0,0,0,0,5,27,5,0.0,0,0
defect4j,lang,org/apache/commons/lang/StringUtils,45,4568,            char[] padding = new char[pads];,2,0,1,2,4,0,0,0,0,4,32,8,0.0,0,0
defect4j,lang,org/apache/commons/lang/StringUtils,45,4569,            char[] padChars = padStr.toCharArray();,2,0,0,2,4,0,4,0,0,6,39,8,0.0,0,0
defect4j,lang,org/apache/commons/lang/StringUtils,45,4570,            for (int i = 0; i < pads; i++) {,14,1,0,1,3,0,4,0,0,20,32,3,0.0,0,0
defect4j,lang,org/apache/commons/lang/StringUtils,45,4573,            return new String(padding).concat(str);,8,1,0,2,4,1,4,2,0,17,39,3,0.0,0,0
defect4j,lang,org/apache/commons/lang/StringUtils,45,4615,"        return center(str, size, ' ');",0,0,1,1,2,1,8,0,0,18,30,3,0.0,0,0
defect4j,lang,org/apache/commons/lang/StringUtils,45,4643,        if (str == null || size <= 0) {,6,3,0,1,3,0,0,2,0,11,31,3,0.0,0,0
defect4j,lang,org/apache/commons/lang/StringUtils,45,4644,            return str;,4,0,0,0,0,1,4,0,0,8,11,3,0.0,0,0
defect4j,lang,org/apache/commons/lang/StringUtils,45,4646,        int strLen = str.length();,2,0,0,1,2,0,4,0,0,6,26,5,0.0,0,0
defect4j,lang,org/apache/commons/lang/StringUtils,45,4647,        int pads = size - strLen;,4,1,0,0,0,0,0,0,0,5,25,4,0.0,0,0
defect4j,lang,org/apache/commons/lang/StringUtils,45,4648,        if (pads <= 0) {,2,1,0,1,3,0,0,0,0,3,16,4,0.0,0,0
defect4j,lang,org/apache/commons/lang/StringUtils,45,4649,            return str;,4,0,0,0,0,1,0,0,0,4,11,6,0.0,0,0
defect4j,lang,org/apache/commons/lang/StringUtils,45,4651,"        str = leftPad(str, strLen + pads / 2, padChar);",6,2,0,1,2,0,6,0,0,15,47,4,0.0,0,0
defect4j,lang,org/apache/commons/lang/StringUtils,45,4652,"        str = rightPad(str, size, padChar);",4,1,0,1,2,0,0,0,0,5,35,8,0.0,0,0
defect4j,lang,org/apache/commons/lang/StringUtils,45,4683,        if (str == null || size <= 0) {,4,3,0,1,3,0,0,0,0,7,31,4,0.0,0,0
defect4j,lang,org/apache/commons/lang/StringUtils,45,4684,            return str;,2,0,0,0,0,1,0,0,0,2,11,6,0.0,0,0
defect4j,lang,org/apache/commons/lang/StringUtils,45,4686,        if (isEmpty(padStr)) {,4,1,1,2,5,0,4,0,0,14,22,6,0.0,0,0
defect4j,lang,org/apache/commons/lang/StringUtils,45,4687,"            padStr = "" "";",4,0,0,0,0,0,0,0,0,6,13,5,0.0,0,0
defect4j,lang,org/apache/commons/lang/StringUtils,45,4691,        if (pads <= 0) {,4,2,0,1,3,0,0,0,0,6,16,4,0.0,0,0
defect4j,lang,org/apache/commons/lang/StringUtils,45,4692,            return str;,2,0,0,0,0,1,0,0,0,2,11,6,0.0,0,0
defect4j,lang,org/apache/commons/lang/StringUtils,45,4694,"        str = leftPad(str, strLen + pads / 2, padStr);",6,2,0,1,2,0,6,0,0,15,46,4,0.0,0,0
defect4j,lang,org/apache/commons/lang/StringUtils,45,4695,"        str = rightPad(str, size, padStr);",4,1,0,1,2,0,8,0,0,14,34,3,0.0,0,0
defect4j,lang,org/apache/commons/lang/StringUtils,45,4721,        if (str == null) {,8,1,0,1,3,0,0,0,0,9,18,3,0.0,0,0
defect4j,lang,org/apache/commons/lang/StringUtils,45,4747,        return str.toUpperCase(locale);,2,0,0,1,2,1,0,0,0,4,31,15,0.0,0,0
defect4j,lang,org/apache/commons/lang/StringUtils,45,4770,        if (str == null) {,2,1,0,1,3,0,0,0,0,3,18,4,0.0,0,0
defect4j,lang,org/apache/commons/lang/StringUtils,45,4821,        if (str == null || (strLen = str.length()) == 0) {,4,3,0,3,7,0,4,0,0,12,50,4,0.0,0,0
defect4j,lang,org/apache/commons/lang/StringUtils,45,4824,        return new StringBuffer(strLen),2,0,0,1,2,1,0,2,0,4,31,8,0.0,0,0
defect4j,lang,org/apache/commons/lang/StringUtils,45,4868,        return new StringBuffer(strLen),2,0,0,1,2,1,8,2,0,13,31,5,0.0,0,0
defect4j,lang,org/apache/commons/lang/StringUtils,45,4916,        if (str == null || (strLen = str.length()) == 0) {,4,3,0,3,7,0,4,0,0,12,50,4,0.0,0,0
defect4j,lang,org/apache/commons/lang/StringUtils,45,4917,            return str;,2,0,0,0,0,1,0,0,0,2,11,6,0.0,0,0
defect4j,lang,org/apache/commons/lang/StringUtils,45,4919,        StringBuffer buffer = new StringBuffer(strLen);,4,0,0,1,2,0,0,4,0,8,47,4,0.0,0,0
defect4j,lang,org/apache/commons/lang/StringUtils,45,4922,        for (int i = 0; i < strLen; i++) {,8,1,0,1,3,0,0,0,0,10,34,4,0.0,0,0
defect4j,lang,org/apache/commons/lang/StringUtils,45,4923,            ch = str.charAt(i);,4,0,0,1,2,0,0,0,0,5,19,6,0.0,0,0
defect4j,lang,org/apache/commons/lang/StringUtils,45,4924,            if (Character.isUpperCase(ch)) {,10,1,0,2,5,1,6,4,0,23,32,3,0.0,0,0
defect4j,lang,org/apache/commons/lang/StringUtils,45,4926,            } else if (Character.isTitleCase(ch)) {,4,1,1,2,6,0,6,0,0,18,39,3,0.0,0,0
defect4j,lang,org/apache/commons/lang/StringUtils,45,4928,            } else if (Character.isLowerCase(ch)) {,0,0,0,2,6,0,4,0,0,6,39,4,0.0,0,0
defect4j,lang,org/apache/commons/lang/StringUtils,45,4977,        int count = 0;,2,1,0,0,0,0,8,0,0,13,14,4,0.0,0,0
defect4j,lang,org/apache/commons/lang/StringUtils,45,4978,        int idx = 0;,12,3,0,0,0,0,0,2,0,17,12,3,0.0,0,0
defect4j,lang,org/apache/commons/lang/StringUtils,45,4979,"        while ((idx = str.indexOf(sub, idx)) != -1) {",2,1,0,3,7,0,8,0,0,13,45,4,0.0,0,0
defect4j,lang,org/apache/commons/lang/StringUtils,45,4980,            count++;,2,0,0,0,0,0,0,0,0,3,8,6,0.0,0,0
defect4j,lang,org/apache/commons/lang/StringUtils,45,4981,            idx += sub.length();,2,0,0,1,2,0,4,0,0,7,20,6,0.0,0,0
defect4j,lang,org/apache/commons/lang/StringUtils,45,4983,        return count;,8,3,0,0,0,1,0,0,0,11,13,3,0.0,0,0
defect4j,lang,org/apache/commons/lang/StringUtils,45,5007,        if (str == null) {,2,1,0,1,3,0,0,0,0,3,18,4,0.0,0,0
defect4j,lang,org/apache/commons/lang/StringUtils,45,5010,        int sz = str.length();,2,0,0,1,2,0,4,0,0,7,22,3,0.0,0,0
defect4j,lang,org/apache/commons/lang/StringUtils,45,5011,        for (int i = 0; i < sz; i++) {,8,1,0,1,3,0,0,0,0,10,30,4,0.0,0,0
defect4j,lang,org/apache/commons/lang/StringUtils,45,5012,            if (Character.isLetter(str.charAt(i)) == false) {,0,1,0,3,7,0,10,0,0,12,49,6,0.0,0,0
defect4j,lang,org/apache/commons/lang/StringUtils,45,5041,        if (str == null) {,2,1,0,1,3,0,0,0,0,3,18,4,0.0,0,0
defect4j,lang,org/apache/commons/lang/StringUtils,45,5042,            return false;,6,1,0,0,0,1,0,0,0,8,13,3,0.0,0,0
defect4j,lang,org/apache/commons/lang/StringUtils,45,5045,        for (int i = 0; i < sz; i++) {,8,1,0,1,3,0,0,0,0,10,30,4,0.0,0,0
defect4j,lang,org/apache/commons/lang/StringUtils,45,5047,                return false;,4,0,0,0,0,1,0,4,0,9,13,3,0.0,0,0
defect4j,lang,org/apache/commons/lang/StringUtils,45,5050,        return true;,4,0,0,0,0,1,0,0,0,5,12,8,0.0,0,0
defect4j,lang,org/apache/commons/lang/StringUtils,45,5075,            return false;,8,1,0,0,0,1,0,0,0,10,13,4,0.0,0,0
defect4j,lang,org/apache/commons/lang/StringUtils,45,5077,        int sz = str.length();,2,0,0,1,2,0,4,0,0,6,22,5,0.0,0,0
defect4j,lang,org/apache/commons/lang/StringUtils,45,5078,        for (int i = 0; i < sz; i++) {,8,1,0,1,3,0,0,0,0,10,30,4,0.0,0,0
defect4j,lang,org/apache/commons/lang/StringUtils,45,5108,        if (str == null) {,2,1,0,1,3,0,0,0,0,3,18,4,0.0,0,0
defect4j,lang,org/apache/commons/lang/StringUtils,45,5111,        int sz = str.length();,2,0,0,1,2,0,4,0,0,6,22,5,0.0,0,0
defect4j,lang,org/apache/commons/lang/StringUtils,45,5112,        for (int i = 0; i < sz; i++) {,10,2,0,1,3,0,6,0,0,19,30,3,0.0,0,0
defect4j,lang,org/apache/commons/lang/StringUtils,45,5113,            if ((Character.isLetterOrDigit(str.charAt(i)) == false) && (str.charAt(i) != ' ')) {,4,3,0,6,13,0,16,0,0,25,84,3,0.0,0,0
defect4j,lang,org/apache/commons/lang/StringUtils,45,5117,        return true;,2,0,0,0,0,1,6,2,0,10,12,4,0.0,0,0
defect4j,lang,org/apache/commons/lang/StringUtils,45,5149,        int sz = str.length();,2,0,0,1,2,0,4,0,0,6,22,5,0.0,0,0
defect4j,lang,org/apache/commons/lang/StringUtils,45,5151,            if (CharUtils.isAsciiPrintable(str.charAt(i)) == false) {,8,2,0,3,7,0,10,0,0,23,57,5,0.0,0,0
defect4j,lang,org/apache/commons/lang/StringUtils,45,5180,        if (str == null) {,10,1,0,1,3,0,0,0,0,12,18,4,0.0,0,0
defect4j,lang,org/apache/commons/lang/StringUtils,45,5183,        int sz = str.length();,4,1,0,1,2,0,4,0,0,9,22,3,0.0,0,0
defect4j,lang,org/apache/commons/lang/StringUtils,45,5185,            if (Character.isDigit(str.charAt(i)) == false) {,0,1,0,3,7,0,10,0,0,12,48,6,0.0,0,0
defect4j,lang,org/apache/commons/lang/StringUtils,45,5216,        if (str == null) {,8,4,0,1,3,0,0,0,0,12,18,3,0.0,0,0
defect4j,lang,org/apache/commons/lang/StringUtils,45,5219,        int sz = str.length();,2,0,0,1,2,0,4,0,0,6,22,5,0.0,0,0
defect4j,lang,org/apache/commons/lang/StringUtils,45,5220,        for (int i = 0; i < sz; i++) {,8,1,0,1,3,0,0,0,0,10,30,4,0.0,0,0
defect4j,lang,org/apache/commons/lang/StringUtils,45,5225,        return true;,2,1,0,0,0,1,0,0,0,5,12,3,0.0,0,0
defect4j,lang,org/apache/commons/lang/StringUtils,45,5249,            return false;,4,0,0,0,0,1,0,4,0,8,13,3,0.0,0,0
defect4j,lang,org/apache/commons/lang/StringUtils,45,5251,        int sz = str.length();,2,0,0,1,2,0,4,0,0,6,22,5,0.0,0,0
defect4j,lang,org/apache/commons/lang/StringUtils,45,5252,        for (int i = 0; i < sz; i++) {,0,0,0,1,3,0,10,0,0,10,30,8,0.0,0,0
defect4j,lang,org/apache/commons/lang/StringUtils,45,5254,                return false;,0,0,0,0,0,1,6,0,0,7,13,6,0.0,0,0
defect4j,lang,org/apache/commons/lang/StringUtils,45,5300,        return str == null ? defaultStr : str;,4,3,0,0,0,1,8,0,0,15,38,4,0.0,0,0
defect4j,lang,org/apache/commons/lang/StringUtils,45,5340,        if (str == null) {,4,2,0,1,3,0,0,0,0,6,18,3,0.0,0,0
defect4j,lang,org/apache/commons/lang/StringUtils,45,5341,            return null;,2,0,0,0,0,1,0,0,0,3,12,6,0.0,0,0
defect4j,lang,org/apache/commons/lang/StringUtils,45,5343,        return new StringBuffer(str).reverse().toString();,2,0,0,3,6,1,4,2,0,8,50,5,0.0,0,0
defect4j,lang,org/apache/commons/lang/StringUtils,45,5371,"        String[] strs = split(str, separatorChar);",14,2,0,2,4,0,20,4,0,43,42,3,0.0,0,0
defect4j,lang,org/apache/commons/lang/StringUtils,45,5372,        ArrayUtils.reverse(strs);,4,1,0,1,2,0,6,0,0,11,25,3,0.0,0,0
defect4j,lang,org/apache/commons/lang/StringUtils,45,5400,            return null;,6,0,0,0,0,1,6,0,0,12,12,3,0.0,0,0
defect4j,lang,org/apache/commons/lang/StringUtils,45,5404,"        String[] strs = split(str, separatorChars);",2,0,0,2,4,0,6,2,0,10,43,4,0.0,0,0
defect4j,lang,org/apache/commons/lang/StringUtils,45,5406,        if (separatorChars == null) {,2,1,0,1,3,0,0,0,0,3,29,4,0.0,0,0
defect4j,lang,org/apache/commons/lang/StringUtils,45,5486,        if (str == null) {,8,2,0,1,3,0,0,0,0,10,18,3,0.0,0,0
defect4j,lang,org/apache/commons/lang/StringUtils,45,5489,        if (maxWidth < 4) {,2,1,0,1,3,0,0,0,0,3,19,4,0.0,0,0
defect4j,lang,org/apache/commons/lang/StringUtils,45,5492,        if (str.length() <= maxWidth) {,2,1,0,2,5,0,4,0,0,7,31,4,0.0,0,0
defect4j,lang,org/apache/commons/lang/StringUtils,45,5495,        if (offset > str.length()) {,2,1,0,2,5,0,4,0,0,7,28,4,0.0,0,0
defect4j,lang,org/apache/commons/lang/StringUtils,45,5496,            offset = str.length();,2,0,0,1,2,0,4,0,0,7,22,6,0.0,0,0
defect4j,lang,org/apache/commons/lang/StringUtils,45,5499,            offset = str.length() - (maxWidth - 3);,4,2,0,2,4,0,4,0,0,11,39,6,0.0,0,0
defect4j,lang,org/apache/commons/lang/StringUtils,45,5501,        if (offset <= 4) {,4,2,0,1,3,0,0,0,0,6,18,4,0.0,0,0
defect4j,lang,org/apache/commons/lang/StringUtils,45,5505,"            throw new IllegalArgumentException(""Minimum abbreviation width with offset is 7"");",6,1,0,1,2,0,4,2,0,15,82,3,0.0,0,0
defect4j,lang,org/apache/commons/lang/StringUtils,45,5508,"            return ""..."" + abbreviate(str.substring(offset), maxWidth - 3);",2,2,0,2,4,1,8,0,0,13,63,6,0.0,0,0
defect4j,lang,org/apache/commons/lang/StringUtils,45,5510,"        return ""..."" + str.substring(str.length() - (maxWidth - 3));",8,6,0,3,6,1,8,0,0,24,60,3,0.0,0,0
defect4j,lang,org/apache/commons/lang/StringUtils,45,5541,        if (str1 == null) {,8,4,0,1,3,0,0,0,0,13,19,3,0.0,0,0
defect4j,lang,org/apache/commons/lang/StringUtils,45,5544,        if (str2 == null) {,2,1,0,1,3,0,0,0,0,3,19,4,0.0,0,0
defect4j,lang,org/apache/commons/lang/StringUtils,45,5545,            return str1;,8,1,0,0,0,1,0,0,0,10,12,4,0.0,0,0
defect4j,lang,org/apache/commons/lang/StringUtils,45,5547,"        int at = indexOfDifference(str1, str2);",4,0,0,1,2,0,6,0,0,10,39,3,0.0,0,0
defect4j,lang,org/apache/commons/lang/StringUtils,45,5548,        if (at == -1) {,2,1,0,1,3,0,0,0,0,4,15,4,0.0,0,0
defect4j,lang,org/apache/commons/lang/StringUtils,45,5549,            return EMPTY;,2,0,0,0,0,1,0,0,0,2,13,6,0.0,0,0
defect4j,lang,org/apache/commons/lang/StringUtils,45,5551,        return str2.substring(at);,2,0,0,1,2,1,6,0,0,8,26,3,0.0,0,0
defect4j,lang,org/apache/commons/lang/StringUtils,45,5578,        if (str1 == str2) {,4,1,0,1,3,0,0,0,0,6,19,4,0.0,0,0
defect4j,lang,org/apache/commons/lang/StringUtils,45,5582,            return 0;,6,2,0,0,0,1,4,0,0,12,9,6,0.0,0,0
defect4j,lang,org/apache/commons/lang/StringUtils,45,5585,        for (i = 0; i < str1.length() && i < str2.length(); ++i) {,8,3,0,3,7,0,8,0,0,21,58,4,0.0,0,0
defect4j,lang,org/apache/commons/lang/StringUtils,45,5590,        if (i < str2.length() || i < str1.length()) {,4,3,0,3,7,0,8,0,0,15,45,4,0.0,0,0
defect4j,lang,org/apache/commons/lang/StringUtils,45,5591,            return i;,4,0,0,0,0,1,0,0,0,5,9,6,0.0,0,0
defect4j,lang,org/apache/commons/lang/StringUtils,45,5628,        if (strs == null || strs.length <= 1) {,6,3,0,1,3,0,0,0,0,9,39,4,0.0,0,0
defect4j,lang,org/apache/commons/lang/StringUtils,45,5632,        boolean allStringsNull = true;,2,0,0,0,0,0,0,0,0,3,30,5,0.0,0,0
defect4j,lang,org/apache/commons/lang/StringUtils,45,5633,        int arrayLen = strs.length;,6,0,0,0,0,0,0,0,0,6,27,5,0.0,0,0
defect4j,lang,org/apache/commons/lang/StringUtils,45,5634,        int shortestStrLen = Integer.MAX_VALUE;,6,0,0,0,0,0,0,0,0,6,39,5,0.0,0,0
defect4j,lang,org/apache/commons/lang/StringUtils,45,5635,        int longestStrLen = 0;,4,0,0,0,0,0,0,0,0,5,22,3,0.0,0,0
defect4j,lang,org/apache/commons/lang/StringUtils,45,5641,            if (strs[i] == null) {,0,1,1,2,5,0,0,0,0,5,22,6,0.0,0,0
defect4j,lang,org/apache/commons/lang/StringUtils,45,5643,                shortestStrLen = 0;,2,0,0,0,0,0,0,0,0,3,19,8,0.0,0,0
defect4j,lang,org/apache/commons/lang/StringUtils,45,5645,                allStringsNull = false;,4,1,0,0,0,0,0,0,0,7,23,3,0.0,0,0
defect4j,lang,org/apache/commons/lang/StringUtils,45,5647,"                longestStrLen = Math.max(strs[i].length(), longestStrLen);",2,0,1,3,6,0,8,0,0,15,58,8,0.0,0,0
defect4j,lang,org/apache/commons/lang/StringUtils,45,5652,        if (allStringsNull || (longestStrLen == 0 && !anyStringNull)) {,6,3,0,2,5,0,8,2,0,20,63,3,0.0,0,0
defect4j,lang,org/apache/commons/lang/StringUtils,45,5657,        if (shortestStrLen == 0) {,2,1,0,1,3,0,0,0,0,3,26,4,0.0,0,0
defect4j,lang,org/apache/commons/lang/StringUtils,45,5663,        for (int stringPos = 0; stringPos < shortestStrLen; stringPos++) {,20,2,0,1,3,0,0,0,0,24,66,3,0.0,0,0
defect4j,lang,org/apache/commons/lang/StringUtils,45,5664,            char comparisonChar = strs[0].charAt(stringPos);,2,0,1,2,4,0,4,0,0,8,48,7,0.0,0,0
defect4j,lang,org/apache/commons/lang/StringUtils,45,5665,            for (int arrayPos = 1; arrayPos < arrayLen; arrayPos++) {,4,3,0,1,3,0,0,0,0,7,57,4,0.0,0,0
defect4j,lang,org/apache/commons/lang/StringUtils,45,5666,                if (strs[arrayPos].charAt(stringPos) != comparisonChar) {,2,1,1,3,7,0,4,0,0,11,57,8,0.0,0,0
defect4j,lang,org/apache/commons/lang/StringUtils,45,5667,                    firstDiff = stringPos;,10,0,0,0,0,0,4,0,0,15,22,3,0.0,0,0
defect4j,lang,org/apache/commons/lang/StringUtils,45,5671,            if (firstDiff != -1) {,2,1,0,1,3,0,0,0,0,4,22,6,0.0,0,0
defect4j,lang,org/apache/commons/lang/StringUtils,45,5672,                break;,2,1,0,0,0,0,0,0,0,3,6,4,0.0,0,0
defect4j,lang,org/apache/commons/lang/StringUtils,45,5676,        if (firstDiff == -1 && shortestStrLen != longestStrLen) {,6,3,0,1,3,0,6,0,0,16,57,3,0.0,0,0
defect4j,lang,org/apache/commons/lang/StringUtils,45,5719,        if (strs == null || strs.length == 0) {,6,3,0,1,3,0,0,0,0,9,39,4,0.0,0,0
defect4j,lang,org/apache/commons/lang/StringUtils,45,5720,            return EMPTY;,2,0,0,0,0,1,0,0,0,2,13,6,0.0,0,0
defect4j,lang,org/apache/commons/lang/StringUtils,45,5726,                return EMPTY;,2,0,0,0,0,1,0,0,0,2,13,8,0.0,0,0
defect4j,lang,org/apache/commons/lang/StringUtils,45,5728,            return strs[0];,2,1,1,1,2,1,0,0,0,5,15,4,0.0,0,0
defect4j,lang,org/apache/commons/lang/StringUtils,45,5729,        } else if (smallestIndexOfDiff == 0) {,4,1,1,1,4,0,0,0,0,7,38,3,0.0,0,0
defect4j,lang,org/apache/commons/lang/StringUtils,45,5775,        if (s == null || t == null) {,6,8,1,1,3,0,0,0,0,22,29,3,0.0,0,0
defect4j,lang,org/apache/commons/lang/StringUtils,45,5796,        int n = s.length(); // length of s,4,1,0,1,2,0,4,0,0,9,34,3,0.0,0,0
defect4j,lang,org/apache/commons/lang/StringUtils,45,5797,        int m = t.length(); // length of t,2,0,0,1,2,0,4,0,0,6,34,5,0.0,0,0
defect4j,lang,org/apache/commons/lang/StringUtils,45,5800,            return m;,2,0,0,0,0,1,0,0,0,2,9,6,0.0,0,0
defect4j,lang,org/apache/commons/lang/StringUtils,45,5801,        } else if (m == 0) {,2,1,0,1,4,0,0,0,0,3,20,5,0.0,0,0
defect4j,lang,org/apache/commons/lang/StringUtils,45,5802,            return n;,2,0,0,0,0,1,0,0,0,2,9,7,0.0,0,0
defect4j,lang,org/apache/commons/lang/StringUtils,45,5807,            String tmp = s;,8,1,0,0,0,0,6,4,0,19,15,3,0.0,0,0
defect4j,lang,org/apache/commons/lang/StringUtils,45,5808,            s = t;,6,1,0,0,0,0,0,0,0,8,6,4,0.0,0,0
defect4j,lang,org/apache/commons/lang/StringUtils,45,5809,            t = tmp;,4,0,0,0,0,0,0,0,0,5,8,6,0.0,0,0
defect4j,lang,org/apache/commons/lang/StringUtils,45,5810,            n = m;,6,1,0,0,0,0,0,0,0,8,6,4,0.0,0,0
defect4j,lang,org/apache/commons/lang/StringUtils,45,5811,            m = t.length();,4,0,0,1,2,0,4,0,0,9,15,3,0.0,0,0
defect4j,lang,org/apache/commons/lang/StringUtils,45,5815,"        int d[] = new int[n+1]; // cost array, horizontally",4,1,0,2,4,0,0,0,0,5,51,5,0.0,0,0
defect4j,lang,org/apache/commons/lang/StringUtils,45,5826,        for (i = 0; i<=n; i++) {,8,1,0,1,3,0,0,0,0,11,24,4,0.0,0,0
defect4j,lang,org/apache/commons/lang/StringUtils,45,5830,        for (j = 1; j<=m; j++) {,10,1,1,1,3,0,2,0,0,24,24,3,0.0,0,0
defect4j,lang,org/apache/commons/lang/StringUtils,45,5834,            for (i=1; i<=n; i++) {,16,2,0,1,3,0,0,0,0,21,22,4,0.0,0,0
defect4j,lang,org/apache/commons/lang/StringUtils,45,5835,                cost = s.charAt(i-1)==t_j ? 0 : 1;,6,2,0,1,2,0,4,0,0,13,34,8,0.0,0,0
defect4j,lang,org/apache/commons/lang/StringUtils,45,5837,"                d[i] = Math.min(Math.min(d[i-1]+1, p[i]+1),  p[i-1]+cost);",6,5,1,6,12,0,8,0,0,32,58,8,0.0,0,0
defect4j,lang,org/apache/commons/lang/StringUtils,45,5841,            _d = p;,4,0,0,0,0,0,0,0,0,5,7,6,0.0,0,0
defect4j,lang,org/apache/commons/lang/StringUtils,45,5843,            d = _d;,4,0,0,0,0,0,0,0,0,6,7,5,0.0,0,0
defect4j,lang,org/apache/commons/lang/StringUtils,45,5848,        return p[n];,0,0,1,1,2,1,0,0,0,5,12,4,0.0,0,0
defect4j,lang,org/apache/commons/lang/StringUtils,45,5937,        if (str == null || prefix == null) {,12,4,0,1,3,0,0,0,0,16,36,4,0.0,0,0
defect4j,lang,org/apache/commons/lang/StringUtils,45,5938,            return (str == null && prefix == null);,6,3,0,1,2,1,0,0,0,9,39,5,0.0,0,0
defect4j,lang,org/apache/commons/lang/StringUtils,45,5940,        if (prefix.length() > str.length()) {,0,1,0,3,7,0,8,0,0,9,37,4,0.0,0,0
defect4j,lang,org/apache/commons/lang/StringUtils,45,6012,        if (str == null || suffix == null) {,4,3,0,1,3,0,0,0,0,7,36,4,0.0,0,0
defect4j,lang,org/apache/commons/lang/StringUtils,45,6013,            return (str == null && suffix == null);,4,3,0,1,2,1,0,0,0,7,39,7,0.0,0,0
defect4j,lang,org/apache/commons/lang/StringUtils,45,6018,        int strOffset = str.length() - suffix.length();,0,0,0,2,4,0,0,2,0,4,47,6,0.0,0,0
defect4j,lang,org/apache/commons/lang/WordUtils,45,142,"        return wrap(str, wrapLength, null, false);",0,0,0,1,2,1,6,0,0,8,42,4,0.0,0,0
defect4j,lang,org/apache/commons/lang/WordUtils,45,164,        if (str == null) {,2,1,0,1,3,0,0,0,0,3,18,4,0.0,0,0
defect4j,lang,org/apache/commons/lang/WordUtils,45,167,        if (newLineStr == null) {,2,1,0,1,3,0,0,0,0,3,25,4,0.0,0,0
defect4j,lang,org/apache/commons/lang/WordUtils,45,168,            newLineStr = SystemUtils.LINE_SEPARATOR;,6,0,0,0,0,0,0,0,0,7,40,6,0.0,0,0
defect4j,lang,org/apache/commons/lang/WordUtils,45,170,        if (wrapLength < 1) {,2,1,0,1,3,0,0,0,0,3,21,4,0.0,0,0
defect4j,lang,org/apache/commons/lang/WordUtils,45,171,            wrapLength = 1;,2,0,0,0,0,0,0,0,0,3,15,6,0.0,0,0
defect4j,lang,org/apache/commons/lang/WordUtils,45,173,        int inputLineLength = str.length();,2,0,0,1,2,0,4,0,0,6,35,5,0.0,0,0
defect4j,lang,org/apache/commons/lang/WordUtils,45,177,        while ((inputLineLength - offset) > wrapLength) {,6,2,0,2,5,0,0,0,0,8,49,4,0.0,0,0
defect4j,lang,org/apache/commons/lang/WordUtils,45,179,                offset++;,2,0,0,0,0,0,0,0,0,3,9,8,0.0,0,0
defect4j,lang,org/apache/commons/lang/WordUtils,45,182,"            int spaceToWrapAt = str.lastIndexOf(' ', wrapLength + offset);",6,1,0,1,2,0,4,0,0,12,62,7,0.0,0,0
defect4j,lang,org/apache/commons/lang/WordUtils,45,184,            if (spaceToWrapAt >= offset) {,4,1,0,1,3,0,0,0,0,5,30,6,0.0,0,0
defect4j,lang,org/apache/commons/lang/WordUtils,45,186,"                wrappedLine.append(str.substring(offset, spaceToWrapAt));",0,0,0,2,4,0,12,0,0,12,57,9,0.0,0,0
defect4j,lang,org/apache/commons/lang/WordUtils,45,188,                offset = spaceToWrapAt + 1;,4,1,0,0,0,0,0,0,0,6,27,8,0.0,0,0
defect4j,lang,org/apache/commons/lang/WordUtils,45,192,                if (wrapLongWords) {,2,0,0,1,3,0,0,0,0,2,20,8,0.0,0,0
defect4j,lang,org/apache/commons/lang/WordUtils,45,194,"                    wrappedLine.append(str.substring(offset, wrapLength + offset));",4,1,0,2,4,0,10,0,0,15,63,11,0.0,0,0
defect4j,lang,org/apache/commons/lang/WordUtils,45,195,                    wrappedLine.append(newLineStr);,2,1,1,1,2,0,6,0,0,13,31,3,0.0,0,0
defect4j,lang,org/apache/commons/lang/WordUtils,45,199,"                    spaceToWrapAt = str.indexOf(' ', wrapLength + offset);",6,1,0,1,2,0,4,0,0,13,54,10,0.0,0,0
defect4j,lang,org/apache/commons/lang/WordUtils,45,200,                    if (spaceToWrapAt >= 0) {,2,1,0,1,3,0,0,0,0,3,25,10,0.0,0,0
defect4j,lang,org/apache/commons/lang/WordUtils,45,201,"                        wrappedLine.append(str.substring(offset, spaceToWrapAt));",2,0,0,2,4,0,4,2,0,8,57,6,0.0,0,0
defect4j,lang,org/apache/commons/lang/WordUtils,45,203,                        offset = spaceToWrapAt + 1;,4,1,0,0,0,0,0,0,0,6,27,12,0.0,0,0
defect4j,lang,org/apache/commons/lang/WordUtils,45,206,                        offset = inputLineLength;,4,0,0,0,0,0,0,0,0,5,25,12,0.0,0,0
defect4j,lang,org/apache/commons/lang/WordUtils,45,213,        wrappedLine.append(str.substring(offset));,2,0,0,2,4,0,14,0,0,16,42,3,0.0,0,0
defect4j,lang,org/apache/commons/lang/WordUtils,45,276,        int delimLen = (delimiters == null ? -1 : delimiters.length);,8,1,0,1,2,0,0,0,0,10,61,5,0.0,0,0
defect4j,lang,org/apache/commons/lang/WordUtils,45,277,        if (str == null || str.length() == 0 || delimLen == 0) {,4,5,0,2,5,0,14,0,0,24,56,3,0.0,0,0
defect4j,lang,org/apache/commons/lang/WordUtils,45,278,            return str;,2,0,0,0,0,1,0,0,0,2,11,6,0.0,0,0
defect4j,lang,org/apache/commons/lang/WordUtils,45,280,        int strLen = str.length();,2,0,0,1,2,0,4,0,0,6,26,5,0.0,0,0
defect4j,lang,org/apache/commons/lang/WordUtils,45,281,        StringBuffer buffer = new StringBuffer(strLen);,6,0,0,1,2,0,0,4,0,12,47,3,0.0,0,0
defect4j,lang,org/apache/commons/lang/WordUtils,45,282,        boolean capitalizeNext = true;,2,0,0,0,0,0,0,0,0,3,30,5,0.0,0,0
defect4j,lang,org/apache/commons/lang/WordUtils,45,283,        for (int i = 0; i < strLen; i++) {,8,1,0,1,3,0,0,0,0,10,34,4,0.0,0,0
defect4j,lang,org/apache/commons/lang/WordUtils,45,284,            char ch = str.charAt(i);,2,0,0,1,2,0,6,0,0,8,24,7,0.0,0,0
defect4j,lang,org/apache/commons/lang/WordUtils,45,288,                capitalizeNext = true;,2,0,0,0,0,0,0,0,0,4,22,8,0.0,0,0
defect4j,lang,org/apache/commons/lang/WordUtils,45,289,            } else if (capitalizeNext) {,2,0,0,1,4,0,0,0,0,2,28,7,0.0,0,0
defect4j,lang,org/apache/commons/lang/WordUtils,45,290,                buffer.append(Character.toTitleCase(ch));,0,0,0,2,4,0,10,0,0,10,41,10,0.0,0,0
defect4j,lang,org/apache/commons/lang/WordUtils,45,291,                capitalizeNext = false;,2,0,0,0,0,0,0,0,0,4,23,9,0.0,0,0
defect4j,lang,org/apache/commons/lang/WordUtils,45,293,                buffer.append(ch);,2,1,0,1,2,0,12,0,0,15,18,3,0.0,0,0
defect4j,lang,org/apache/commons/lang/WordUtils,45,296,        return buffer.toString();,0,0,0,1,2,1,0,0,0,1,25,4,0.0,0,0
defect4j,lang,org/apache/commons/lang/WordUtils,45,350,        int delimLen = (delimiters == null ? -1 : delimiters.length);,10,1,0,1,2,0,0,0,0,12,61,3,0.0,0,0
defect4j,lang,org/apache/commons/lang/WordUtils,45,352,            return str;,2,0,0,0,0,1,0,2,0,4,11,5,0.0,0,0
defect4j,lang,org/apache/commons/lang/WordUtils,45,354,        str = str.toLowerCase();,2,0,0,1,2,0,4,0,0,7,24,4,0.0,0,0
defect4j,lang,org/apache/commons/lang/WordUtils,45,406,        int delimLen = (delimiters == null ? -1 : delimiters.length);,8,1,0,1,2,0,0,0,0,10,61,5,0.0,0,0
defect4j,lang,org/apache/commons/lang/WordUtils,45,407,        if (str == null || str.length() == 0 || delimLen == 0) {,4,5,0,2,5,0,4,0,0,13,56,4,0.0,0,0
defect4j,lang,org/apache/commons/lang/WordUtils,45,408,            return str;,2,0,0,0,0,1,0,0,0,2,11,6,0.0,0,0
defect4j,lang,org/apache/commons/lang/WordUtils,45,410,        int strLen = str.length();,2,0,0,1,2,0,4,0,0,6,26,5,0.0,0,0
defect4j,lang,org/apache/commons/lang/WordUtils,45,411,        StringBuffer buffer = new StringBuffer(strLen);,4,0,0,1,2,0,0,4,0,8,47,4,0.0,0,0
defect4j,lang,org/apache/commons/lang/WordUtils,45,412,        boolean uncapitalizeNext = true;,4,0,0,0,0,0,0,2,0,7,32,3,0.0,0,0
defect4j,lang,org/apache/commons/lang/WordUtils,45,414,            char ch = str.charAt(i);,2,0,0,1,2,0,6,0,0,8,24,7,0.0,0,0
defect4j,lang,org/apache/commons/lang/WordUtils,45,423,                buffer.append(ch);,2,0,0,1,2,0,6,0,0,8,18,3,0.0,0,0
defect4j,lang,org/apache/commons/lang/WordUtils,45,454,        if (str == null || (strLen = str.length()) == 0) {,4,3,0,3,7,0,4,0,0,12,50,4,0.0,0,0
defect4j,lang,org/apache/commons/lang/WordUtils,45,455,            return str;,2,0,0,0,0,1,0,0,0,2,11,6,0.0,0,0
defect4j,lang,org/apache/commons/lang/WordUtils,45,457,        StringBuffer buffer = new StringBuffer(strLen);,4,0,0,1,2,0,0,4,0,8,47,4,0.0,0,0
defect4j,lang,org/apache/commons/lang/WordUtils,45,459,        boolean whitespace = true;,2,0,0,0,0,0,0,0,0,3,26,5,0.0,0,0
defect4j,lang,org/apache/commons/lang/WordUtils,45,460,        char ch = 0;,2,0,0,0,0,0,0,0,0,2,12,5,0.0,0,0
defect4j,lang,org/apache/commons/lang/WordUtils,45,461,        char tmp = 0;,2,0,0,0,0,0,0,0,0,2,13,5,0.0,0,0
defect4j,lang,org/apache/commons/lang/WordUtils,45,463,        for (int i = 0; i < strLen; i++) {,8,1,0,1,3,0,0,0,0,10,34,4,0.0,0,0
defect4j,lang,org/apache/commons/lang/WordUtils,45,464,            ch = str.charAt(i);,0,0,0,1,2,0,10,0,0,10,19,11,0.0,0,0
defect4j,lang,org/apache/commons/lang/WordUtils,45,466,                tmp = Character.toLowerCase(ch);,2,0,0,1,2,0,6,0,0,9,32,8,0.0,0,0
defect4j,lang,org/apache/commons/lang/WordUtils,45,468,                tmp = Character.toLowerCase(ch);,2,0,0,1,2,0,6,0,0,9,32,9,0.0,0,0
defect4j,lang,org/apache/commons/lang/WordUtils,45,470,                if (whitespace) {,2,0,0,1,3,0,0,0,0,2,17,10,0.0,0,0
defect4j,lang,org/apache/commons/lang/WordUtils,45,471,                    tmp = Character.toTitleCase(ch);,4,0,1,1,2,0,10,0,0,20,32,3,0.0,0,0
defect4j,lang,org/apache/commons/lang/WordUtils,45,476,                tmp = ch;,4,0,0,0,0,0,0,0,0,5,9,10,0.0,0,0
defect4j,lang,org/apache/commons/lang/WordUtils,45,479,            whitespace = Character.isWhitespace(ch);,2,0,0,1,2,0,6,0,0,9,40,6,0.0,0,0
defect4j,lang,org/apache/commons/lang/WordUtils,45,539,        if (str == null || str.length() == 0) {,2,3,0,2,5,0,4,0,0,9,39,4,0.0,0,0
defect4j,lang,org/apache/commons/lang/WordUtils,45,540,            return str;,4,1,0,0,0,1,0,0,0,5,11,4,0.0,0,0
defect4j,lang,org/apache/commons/lang/WordUtils,45,542,        if (delimiters != null && delimiters.length == 0) {,6,3,0,1,3,0,6,0,0,16,51,3,0.0,0,0
defect4j,lang,org/apache/commons/lang/WordUtils,45,545,        int strLen = str.length();,12,2,0,1,2,0,4,0,0,19,26,3,0.0,0,0
defect4j,lang,org/apache/commons/lang/WordUtils,45,546,        char[] buf = new char[strLen / 2 + 1];,4,2,0,2,4,0,0,0,0,6,38,5,0.0,0,0
defect4j,lang,org/apache/commons/lang/WordUtils,45,548,        boolean lastWasGap = true;,6,0,0,0,0,0,6,0,0,13,26,3,0.0,0,0
defect4j,lang,org/apache/commons/lang/WordUtils,45,549,        for (int i = 0; i < strLen; i++) {,12,2,1,1,3,0,0,0,0,19,34,3,0.0,0,0
defect4j,lang,org/apache/commons/lang/WordUtils,45,550,            char ch = str.charAt(i);,2,0,0,1,2,0,6,0,0,8,24,7,0.0,0,0
defect4j,lang,org/apache/commons/lang/WordUtils,45,553,                lastWasGap = true;,2,0,0,0,0,0,0,0,0,5,18,3,0.0,0,0
defect4j,lang,org/apache/commons/lang/WordUtils,45,554,            } else if (lastWasGap) {,2,0,0,1,4,0,0,0,0,2,24,7,0.0,0,0
defect4j,lang,org/apache/commons/lang/WordUtils,45,555,                buf[count++] = ch;,4,0,1,1,2,0,0,0,0,8,18,9,0.0,0,0
defect4j,lang,org/apache/commons/lang/WordUtils,45,556,                lastWasGap = false;,2,0,0,0,0,0,0,0,0,4,19,9,0.0,0,0
defect4j,lang,org/apache/commons/lang/WordUtils,45,561,"        return new String(buf, 0, count);",4,0,0,1,2,1,0,2,0,6,33,5,0.0,0,0
defect4j,lang,org/apache/commons/lang/WordUtils,45,573,        if (delimiters == null) {,2,1,0,1,3,0,0,0,0,3,25,4,0.0,0,0
defect4j,lang,org/apache/commons/lang/WordUtils,45,576,"        for (int i = 0, isize = delimiters.length; i < isize; i++) {",16,1,0,1,3,0,0,0,0,19,60,3,0.0,0,0
defect4j,lang,org/apache/commons/lang/WordUtils,45,577,            if (ch == delimiters[i]) {,2,1,1,2,5,0,0,0,0,7,26,6,0.0,0,0
defect4j,lang,org/apache/commons/lang/WordUtils,45,578,                return true;,0,0,1,0,0,1,0,0,0,6,12,8,0.0,0,0
defect4j,lang,org/apache/commons/lang/WordUtils,45,607,        if (str == null) {,4,2,0,1,3,0,4,0,0,10,18,4,0.0,0,0
defect4j,lang,org/apache/commons/lang/WordUtils,45,611,            return StringUtils.EMPTY;,4,0,0,0,0,1,0,0,0,4,25,7,0.0,0,0
defect4j,lang,org/apache/commons/lang/WordUtils,45,618,        if (upper == -1 || upper > str.length()) {,4,3,0,2,5,0,4,0,0,12,42,4,0.0,1,1
defect4j,lang,org/apache/commons/lang/WordUtils,45,623,            upper = lower;,4,0,0,0,0,0,0,0,0,5,14,6,0.0,0,0
defect4j,lang,org/apache/commons/lang/WordUtils,45,626,        StringBuffer result = new StringBuffer();,2,0,0,1,2,0,0,4,0,6,41,4,0.0,0,0
defect4j,lang,org/apache/commons/lang/WordUtils,45,627,"        int index = StringUtils.indexOf(str, "" "", lower);",2,0,0,1,2,0,8,0,0,11,49,5,0.0,0,0
defect4j,lang,org/apache/commons/lang/WordUtils,45,628,        if (index == -1) {,4,1,0,1,3,0,0,0,0,6,18,4,0.0,0,0
defect4j,lang,org/apache/commons/lang/WordUtils,45,629,"            result.append(str.substring(0, upper));",0,0,0,2,4,0,10,0,0,10,39,7,0.0,0,0
defect4j,lang,org/apache/commons/lang/WordUtils,45,632,                result.append(StringUtils.defaultString(appendToEnd));,2,1,0,2,4,0,10,0,0,13,54,4,0.0,0,0
defect4j,lang,org/apache/commons/lang/WordUtils,45,634,        } else if (index > upper) {,4,1,0,1,4,0,0,0,0,5,27,5,0.0,0,0
defect4j,lang,org/apache/commons/lang/StringEscapeUtils,46,244,                            out.write('\\');,6,1,0,1,2,0,4,0,0,12,16,3,1.0,1,0
defect4j,lang,org/apache/commons/lang/StringEscapeUtils,46,245,                        out.write('/');,2,0,1,1,2,0,14,2,0,23,15,3,1.0,1,0
defect4j,lang,org/apache/commons/lang/StringEscapeUtils,46,86,"        return escapeJavaStyleString(str, false);",2,0,0,1,2,4,8,2,0,17,41,1,0.33333,1,0
defect4j,lang,org/apache/commons/lang/StringEscapeUtils,46,159,            StringWriter writer = new StringWriter(str.length() * 2);,2,1,0,2,4,0,4,4,0,11,57,6,0.25,0,0
defect4j,lang,org/apache/commons/lang/StringEscapeUtils,46,161,            return writer.toString();,6,0,0,1,2,1,8,0,0,14,25,3,0.25,0,0
defect4j,lang,org/apache/commons/lang/StringEscapeUtils,46,179,        if (out == null) {,6,1,0,1,3,3,2,2,0,16,18,1,0.25,0,0
defect4j,lang,org/apache/commons/lang/StringEscapeUtils,46,182,        if (str == null) {,2,1,0,1,3,0,0,0,0,3,18,4,0.25,0,0
defect4j,lang,org/apache/commons/lang/StringEscapeUtils,46,186,        sz = str.length();,2,0,0,1,2,0,4,0,0,7,18,4,0.25,0,0
defect4j,lang,org/apache/commons/lang/StringEscapeUtils,46,187,        for (int i = 0; i < sz; i++) {,8,1,0,1,3,0,0,0,0,10,30,4,0.25,0,0
defect4j,lang,org/apache/commons/lang/StringEscapeUtils,46,188,            char ch = str.charAt(i);,2,0,0,1,2,3,2,2,0,10,24,2,0.25,0,0
defect4j,lang,org/apache/commons/lang/StringEscapeUtils,46,191,            if (ch > 0xfff) {,2,1,0,1,3,0,0,0,0,3,17,6,0.25,0,0
defect4j,lang,org/apache/commons/lang/StringEscapeUtils,46,195,            } else if (ch > 0x7f) {,2,1,0,1,4,0,0,0,0,3,23,8,0.25,0,0
defect4j,lang,org/apache/commons/lang/StringEscapeUtils,46,197,            } else if (ch < 32) {,6,2,0,1,4,3,2,2,0,16,21,1,0.25,0,0
defect4j,lang,org/apache/commons/lang/text/StrBuilder,47,158,        return nullText;,2,0,0,0,0,1,0,0,0,2,16,4,1.33333,1,1
defect4j,lang,org/apache/commons/lang/text/StrBuilder,47,1184,            ensureCapacity(size + width);,4,1,0,1,2,0,2,0,0,7,29,7,0.33333,0,0
defect4j,lang,org/apache/commons/lang/text/StrBuilder,47,1186,            int strLen = str.length();,2,0,0,1,2,0,4,0,0,6,26,7,0.33333,0,0
defect4j,lang,org/apache/commons/lang/text/StrBuilder,47,1227,        if (width > 0) {,6,3,0,1,3,0,8,0,0,18,16,4,0.25,0,0
defect4j,lang,org/apache/commons/lang/text/StrBuilder,47,1228,            ensureCapacity(size + width);,6,1,0,1,2,0,8,2,0,17,29,5,0.25,0,0
defect4j,lang,org/apache/commons/lang/text/StrBuilder,47,1229,            String str = (obj == null ? getNullText() : obj.toString());,4,1,0,3,6,0,6,2,0,14,60,6,0.25,0,0
defect4j,lang,org/apache/commons/lang/text/StrBuilder,47,1230,            int strLen = str.length();,2,0,0,1,2,0,4,0,0,6,26,7,0.25,1,0
defect4j,lang,org/apache/commons/lang/builder/EqualsBuilder,48,381,                isEquals = lhs.equals(rhs);,4,0,0,1,2,0,6,2,0,13,27,4,0.05263,1,1
defect4j,lang,org/apache/commons/lang/builder/EqualsBuilder,48,368,        if (isEquals == false) {,2,1,0,1,3,0,0,0,0,4,24,4,0.02222,0,0
defect4j,lang,org/apache/commons/lang/builder/EqualsBuilder,48,371,        if (lhs == rhs) {,6,1,0,1,3,0,6,0,0,15,17,3,0.02222,0,0
defect4j,lang,org/apache/commons/lang/builder/EqualsBuilder,48,374,        if (lhs == null || rhs == null) {,4,3,0,1,3,0,0,0,0,7,33,4,0.02222,0,0
defect4j,lang,org/apache/commons/lang/builder/EqualsBuilder,48,378,        Class lhsClass = lhs.getClass();,2,0,0,1,2,0,4,2,0,8,32,4,0.02222,0,0
defect4j,lang,org/apache/commons/lang/builder/EqualsBuilder,48,379,        if (!lhsClass.isArray()) {,6,1,0,2,5,0,4,0,0,12,26,4,0.02222,0,0
defect4j,lang,org/apache/commons/lang/math/Fraction,49,146,            if (numerator==Integer.MIN_VALUE ||,6,2,0,0,1,0,0,0,0,8,35,6,0.25,0,0
defect4j,lang,org/apache/commons/lang/math/Fraction,49,150,            numerator = -numerator;,2,0,0,0,0,0,0,4,0,6,23,4,0.25,0,0
defect4j,lang,org/apache/commons/lang/math/Fraction,49,151,            denominator = -denominator;,4,0,0,0,0,0,0,0,0,6,27,6,0.25,0,0
defect4j,lang,org/apache/commons/lang/math/Fraction,49,578,        if (u>0) { u=-u; } // make u negative,0,0,0,2,4,0,4,0,0,5,37,5,0.125,1,1
defect4j,lang,org/apache/commons/lang/math/Fraction,49,582,        while ((u&1)==0 && (v&1)==0 && k<31) { // while u and v are both even...,6,7,0,3,7,0,0,0,0,13,72,4,0.125,0,0
defect4j,lang,org/apache/commons/lang/math/Fraction,49,585,        if (k==31) {,2,1,0,1,3,0,0,0,0,3,12,4,0.125,0,0
defect4j,lang,org/apache/commons/lang/math/Fraction,49,590,        int t = ((u&1)==1) ? v : -(u/2)/*B3*/;,8,3,0,3,6,0,0,0,0,12,38,5,0.125,0,0
defect4j,lang,org/apache/commons/lang/math/Fraction,49,596,            while ((t&1)==0) { // while t is even..,4,2,0,2,5,3,6,2,0,17,39,1,0.125,0,0
defect4j,lang,org/apache/commons/lang/math/Fraction,49,600,            if (t>0) {,2,1,0,1,3,0,0,0,0,3,10,6,0.125,0,0
defect4j,lang,org/apache/commons/lang/math/Fraction,49,603,                v = t;,4,0,0,0,0,0,0,0,0,5,6,8,0.125,0,0
defect4j,lang,org/apache/commons/lang/math/Fraction,49,606,            t = (v - u)/2;,6,2,0,1,2,0,0,0,0,9,14,6,0.125,0,0
defect4j,lang,org/apache/commons/lang/math/Fraction,49,609,        } while (t!=0);,2,1,0,1,3,0,0,0,0,3,15,4,0.125,0,0
defect4j,lang,org/apache/commons/lang/math/Fraction,49,610,        return -u*(1<<k); // gcd is u*2^k,2,0,0,1,2,4,0,0,0,5,33,2,0.125,0,0
defect4j,lang,org/apache/commons/lang/math/Fraction,49,571,        if (Math.abs(u) <= 1 || Math.abs(v) <= 1) {,2,1,0,3,7,0,0,0,0,3,43,4,0.11111,0,0
defect4j,lang,org/apache/commons/lang/math/Fraction,49,572,            return 1;,6,0,0,0,0,1,8,0,0,14,9,3,0.11111,0,0
defect4j,lang,org/apache/commons/lang/time/FastDateFormat,50,1708,"        public Pair(Object obj1, Object obj2) {",6,0,0,1,3,1,0,4,0,11,39,3,4.0,0,0
defect4j,lang,org/apache/commons/lang/time/FastDateFormat,50,1709,            mObj1 = obj1;,4,2,0,0,0,0,0,0,0,6,13,10,4.0,0,0
defect4j,lang,org/apache/commons/lang/time/FastDateFormat,50,1711,        },4,1,0,0,1,0,0,0,0,5,1,8,4.0,0,0
defect4j,lang,org/apache/commons/lang/time/FastDateFormat,50,772,            return new UnpaddedNumberField(field);,2,0,0,1,2,1,0,2,0,4,38,6,1.33333,1,1
defect4j,lang,org/apache/commons/lang/time/FastDateFormat,50,954,        return mLocale;,4,0,0,0,0,1,4,0,0,9,15,3,1.33333,1,1
defect4j,lang,org/apache/commons/lang/time/FastDateFormat,50,1186,            mField = field;,2,0,0,0,0,3,0,4,0,9,15,2,1.33333,0,0
defect4j,lang,org/apache/commons/lang/time/FastDateFormat,50,1176,        static final UnpaddedNumberField INSTANCE_YEAR = new UnpaddedNumberField(Calendar.YEAR);,6,0,0,1,2,2,0,4,0,12,88,3,1.33333,0,0
defect4j,lang,org/apache/commons/lang/time/FastDateFormat,50,425,"        return getDateTimeInstance(dateStyle, timeStyle, null, locale);",4,0,0,1,2,1,8,0,0,13,63,3,1.0,0,0
defect4j,lang,org/apache/commons/lang/time/FastDateFormat,50,461,"        Object key = new Pair(new Integer(dateStyle), new Integer(timeStyle));",12,2,0,3,6,0,0,8,0,22,70,4,1.0,0,0
defect4j,lang,org/apache/commons/lang/time/FastDateFormat,50,462,        if (timeZone != null) {,2,1,0,1,3,0,0,0,0,3,23,4,1.0,0,0
defect4j,lang,org/apache/commons/lang/time/FastDateFormat,50,465,        if (locale != null) {,2,1,0,1,3,0,0,0,0,3,21,4,1.0,1,0
defect4j,lang,org/apache/commons/lang/time/FastDateFormat,50,469,        FastDateFormat format = (FastDateFormat) cDateTimeInstanceCache.get(key);,8,5,0,2,4,0,10,4,0,28,73,3,1.0,0,0
defect4j,lang,org/apache/commons/lang/time/FastDateFormat,50,470,        if (format == null) {,4,2,0,1,3,0,10,0,0,16,21,3,1.0,0,0
defect4j,lang,org/apache/commons/lang/time/FastDateFormat,50,471,            if (locale == null) {,4,1,0,1,3,2,4,2,0,13,21,2,1.0,1,0
defect4j,lang,org/apache/commons/lang/time/FastDateFormat,50,475,"                SimpleDateFormat formatter = (SimpleDateFormat) DateFormat.getDateTimeInstance(dateStyle, timeStyle,",2,0,0,1,3,0,8,4,0,14,100,8,1.0,0,0
defect4j,lang,org/apache/commons/lang/time/FastDateFormat,50,477,                String pattern = formatter.toPattern();,6,0,0,1,2,3,4,4,0,18,39,1,1.0,0,0
defect4j,lang,org/apache/commons/lang/time/FastDateFormat,50,478,"                format = getInstance(pattern, timeZone, locale);",2,0,0,1,2,0,8,0,0,11,48,8,1.0,0,0
defect4j,lang,org/apache/commons/lang/time/FastDateFormat,50,479,"                cDateTimeInstanceCache.put(key, format);",2,0,0,1,2,2,8,4,0,16,40,1,1.0,0,0
defect4j,lang,org/apache/commons/lang/time/FastDateFormat,50,485,        return format;,4,1,0,0,0,1,8,0,0,13,14,3,1.0,0,0
defect4j,lang,org/apache/commons/lang/time/FastDateFormat,50,672,                if (tokenLen >= 4) {,2,1,0,1,3,0,0,0,0,3,20,7,1.0,0,0
defect4j,lang,org/apache/commons/lang/time/FastDateFormat,50,675,"                    rule = new TimeZoneNameRule(mTimeZone, mTimeZoneForced, mLocale, TimeZone.SHORT);",12,0,0,1,2,0,0,2,0,15,81,9,1.0,0,0
defect4j,lang,org/apache/commons/lang/time/FastDateFormat,50,1725,            Pair key = (Pair)obj;,2,1,0,1,2,0,0,0,0,4,21,4,1.0,0,0
defect4j,lang,org/apache/commons/lang/time/FastDateFormat,50,1727,            return,2,0,0,0,0,3,0,4,0,9,6,2,1.0,0,0
defect4j,lang,org/apache/commons/lang/time/FastDateFormat,50,1538,"        TimeZoneNameRule(TimeZone timeZone, boolean timeZoneForced, Locale locale, int style) {",10,0,1,1,3,0,10,4,0,26,87,3,1.0,0,0
defect4j,lang,org/apache/commons/lang/time/FastDateFormat,50,1539,            mTimeZone = timeZone;,6,0,0,0,0,3,2,0,0,13,21,1,1.0,0,0
defect4j,lang,org/apache/commons/lang/time/FastDateFormat,50,1540,            mTimeZoneForced = timeZoneForced;,4,0,0,0,0,0,0,0,0,5,33,5,1.0,0,0
defect4j,lang,org/apache/commons/lang/time/FastDateFormat,50,1541,            mLocale = locale;,4,0,0,0,0,0,0,0,0,5,17,5,1.0,0,0
defect4j,lang,org/apache/commons/lang/time/FastDateFormat,50,1542,            mStyle = style;,4,0,0,0,0,0,0,0,0,5,15,5,1.0,0,0
defect4j,lang,org/apache/commons/lang/time/FastDateFormat,50,1544,            if (timeZoneForced) {,2,0,0,1,3,0,0,0,0,2,21,5,1.0,0,0
defect4j,lang,org/apache/commons/lang/time/FastDateFormat,50,1548,                mStandard = null;,4,0,0,0,0,1,12,0,0,18,17,1,1.0,0,0
defect4j,lang,org/apache/commons/lang/time/FastDateFormat,50,1549,                mDaylight = null;,6,1,0,0,0,1,0,2,0,13,17,1,1.0,0,0
defect4j,lang,org/apache/commons/lang/BooleanUtils,51,45,    },4,0,0,0,1,0,0,0,0,4,1,7,0.0,0,0
defect4j,lang,org/apache/commons/lang/BooleanUtils,51,87,        if (bool == null) {,2,1,0,1,3,0,0,0,0,3,19,4,0.0,1,1
defect4j,lang,org/apache/commons/lang/BooleanUtils,51,108,        return !isTrue(bool);,2,0,0,1,2,1,8,0,0,11,21,3,0.0,0,0
defect4j,lang,org/apache/commons/lang/BooleanUtils,51,129,        return bool.booleanValue() ? false : true;,0,0,0,1,2,1,4,0,0,6,42,5,0.0,0,0
defect4j,lang,org/apache/commons/lang/BooleanUtils,51,165,        return bool ? Boolean.TRUE : Boolean.FALSE;,10,0,0,0,0,1,0,0,0,10,43,5,0.0,0,0
defect4j,lang,org/apache/commons/lang/BooleanUtils,51,203,        if (bool == null) {,2,1,0,1,3,0,0,0,0,3,19,4,0.0,0,0
defect4j,lang,org/apache/commons/lang/BooleanUtils,51,204,            return valueIfNull;,4,0,0,0,0,4,0,4,0,11,19,1,0.0,0,0
defect4j,lang,org/apache/commons/lang/BooleanUtils,51,226,        return value == 0 ? false : true;,2,1,0,0,0,1,0,0,0,5,33,5,0.0,0,0
defect4j,lang,org/apache/commons/lang/BooleanUtils,51,244,        return value == 0 ? Boolean.FALSE : Boolean.TRUE;,10,1,0,0,0,1,0,0,0,11,49,5,0.0,0,0
defect4j,lang,org/apache/commons/lang/BooleanUtils,51,264,        if (value == null) {,2,1,0,1,3,0,0,0,0,3,20,4,0.0,0,0
defect4j,lang,org/apache/commons/lang/BooleanUtils,51,265,            return null;,4,1,0,0,0,1,0,0,0,5,12,3,0.0,0,0
defect4j,lang,org/apache/commons/lang/BooleanUtils,51,267,        return value.intValue() == 0 ? Boolean.FALSE : Boolean.TRUE;,8,1,0,1,2,1,4,0,0,13,60,5,0.0,0,0
defect4j,lang,org/apache/commons/lang/BooleanUtils,51,289,        } else if (value == falseValue) {,6,1,0,1,4,0,10,0,0,18,33,4,0.0,0,0
defect4j,lang,org/apache/commons/lang/BooleanUtils,51,290,            return false;,2,0,0,0,0,1,8,2,0,13,13,4,0.0,0,0
defect4j,lang,org/apache/commons/lang/BooleanUtils,51,316,        if (value == null) {,2,1,0,1,3,0,0,0,0,3,20,4,0.0,0,0
defect4j,lang,org/apache/commons/lang/BooleanUtils,51,317,            if (trueValue == null) {,2,1,0,1,3,0,0,0,0,3,24,4,0.0,0,0
defect4j,lang,org/apache/commons/lang/BooleanUtils,51,318,                return true;,4,0,0,0,0,1,0,0,0,6,12,1,0.0,0,0
defect4j,lang,org/apache/commons/lang/BooleanUtils,51,319,            } else if (falseValue == null) {,4,1,0,1,4,2,0,4,0,11,32,1,0.0,0,0
defect4j,lang,org/apache/commons/lang/BooleanUtils,51,322,        } else if (value.equals(trueValue)) {,4,0,0,2,6,0,6,0,0,11,37,1,0.0,0,0
defect4j,lang,org/apache/commons/lang/BooleanUtils,51,323,            return true;,0,0,0,0,0,1,0,0,0,1,12,7,0.0,0,0
defect4j,lang,org/apache/commons/lang/BooleanUtils,51,324,        } else if (value.equals(falseValue)) {,0,0,0,2,6,0,6,0,0,6,38,7,0.0,0,0
defect4j,lang,org/apache/commons/lang/BooleanUtils,51,325,            return false;,2,1,0,0,0,1,0,0,0,4,13,4,0.0,0,0
defect4j,lang,org/apache/commons/lang/BooleanUtils,51,328,"        throw new IllegalArgumentException(""The Integer did not match either specified value"");",2,0,0,1,2,0,4,0,0,6,87,5,0.0,0,0
defect4j,lang,org/apache/commons/lang/BooleanUtils,51,348,        if (value == trueValue) {,4,2,0,1,3,0,12,0,0,20,25,4,0.0,0,0
defect4j,lang,org/apache/commons/lang/BooleanUtils,51,349,            return Boolean.TRUE;,6,0,0,0,0,4,0,4,0,13,20,1,0.0,0,0
defect4j,lang,org/apache/commons/lang/BooleanUtils,51,351,            return Boolean.FALSE;,8,0,0,0,0,1,0,0,0,9,21,4,0.0,0,0
defect4j,lang,org/apache/commons/lang/BooleanUtils,51,352,        } else if (value == nullValue) {,4,1,0,1,4,0,0,0,0,5,32,6,0.0,0,0
defect4j,lang,org/apache/commons/lang/BooleanUtils,51,379,        if (value == null) {,4,2,0,1,3,0,8,0,0,15,20,3,0.0,0,0
defect4j,lang,org/apache/commons/lang/BooleanUtils,51,380,            if (trueValue == null) {,2,0,0,1,3,3,0,0,0,5,24,2,0.0,0,0
defect4j,lang,org/apache/commons/lang/BooleanUtils,51,381,                return Boolean.TRUE;,8,0,0,0,0,4,0,2,0,13,20,1,0.0,0,0
defect4j,lang,org/apache/commons/lang/BooleanUtils,51,382,            } else if (falseValue == null) {,2,1,0,1,4,0,0,0,0,3,32,7,0.0,0,0
defect4j,lang,org/apache/commons/lang/BooleanUtils,51,383,                return Boolean.FALSE;,4,0,0,0,0,1,4,0,0,8,21,4,0.0,0,0
defect4j,lang,org/apache/commons/lang/BooleanUtils,51,384,            } else if (nullValue == null) {,2,1,0,1,4,0,0,0,0,3,31,8,0.0,0,0
defect4j,lang,org/apache/commons/lang/BooleanUtils,51,388,            return Boolean.TRUE;,4,0,0,0,0,1,0,0,0,4,20,8,0.0,0,0
defect4j,lang,org/apache/commons/lang/BooleanUtils,51,390,            return Boolean.FALSE;,6,1,0,0,0,1,0,0,0,7,21,4,0.0,0,0
defect4j,lang,org/apache/commons/lang/BooleanUtils,51,395,"        throw new IllegalArgumentException(""The Integer did not match any specified value"");",0,0,0,1,2,0,4,0,0,5,84,6,0.0,0,0
defect4j,lang,org/apache/commons/lang/BooleanUtils,51,413,        return bool ? 1 : 0;,2,0,0,0,0,1,0,0,0,2,20,5,0.0,0,0
defect4j,lang,org/apache/commons/lang/BooleanUtils,51,429,        return bool ? NumberUtils.INTEGER_ONE : NumberUtils.INTEGER_ZERO;,8,1,0,0,0,1,0,0,0,10,65,4,0.0,0,0
defect4j,lang,org/apache/commons/lang/BooleanUtils,51,447,        if (bool == null) {,2,1,0,1,3,0,0,0,0,3,19,4,0.0,0,0
defect4j,lang,org/apache/commons/lang/BooleanUtils,51,448,            return null;,10,0,0,0,0,1,6,8,0,26,12,3,0.0,0,0
defect4j,lang,org/apache/commons/lang/BooleanUtils,51,467,        return bool ? trueValue : falseValue;,2,0,0,0,0,1,4,0,0,6,37,7,0.0,0,0
defect4j,lang,org/apache/commons/lang/BooleanUtils,51,486,        if (bool == null) {,2,1,0,1,3,0,0,0,0,3,19,4,0.0,0,0
defect4j,lang,org/apache/commons/lang/BooleanUtils,51,489,        return bool.booleanValue() ? trueValue : falseValue;,6,0,0,1,2,1,10,2,0,18,52,3,0.0,0,0
defect4j,lang,org/apache/commons/lang/BooleanUtils,51,508,        return bool ? trueValue : falseValue;,6,0,0,0,0,1,0,0,0,6,37,5,0.0,0,0
defect4j,lang,org/apache/commons/lang/BooleanUtils,51,531,            return nullValue;,2,0,0,0,0,1,0,2,0,4,17,5,0.0,0,0
defect4j,lang,org/apache/commons/lang/BooleanUtils,51,533,        return bool.booleanValue() ? trueValue : falseValue;,10,1,0,1,2,4,20,0,0,37,52,1,0.0,0,0
defect4j,lang,org/apache/commons/lang/BooleanUtils,51,564,            return Boolean.TRUE;,12,1,0,0,0,1,0,2,0,16,20,7,0.0,0,0
defect4j,lang,org/apache/commons/lang/BooleanUtils,51,565,"        } else if (""false"".equalsIgnoreCase(str)) {",2,0,0,2,6,0,0,0,0,2,43,6,0.0,0,0
defect4j,lang,org/apache/commons/lang/BooleanUtils,51,566,            return Boolean.FALSE;,4,0,0,0,0,1,0,0,0,4,21,8,0.0,0,0
defect4j,lang,org/apache/commons/lang/BooleanUtils,51,568,            return Boolean.TRUE;,0,1,0,0,0,1,8,0,0,10,20,10,0.0,0,0
defect4j,lang,org/apache/commons/lang/BooleanUtils,51,569,"        } else if (""off"".equalsIgnoreCase(str)) {",0,0,0,2,6,0,4,0,0,5,41,8,0.0,0,0
defect4j,lang,org/apache/commons/lang/BooleanUtils,51,570,            return Boolean.FALSE;,6,0,0,0,0,1,2,2,0,10,21,3,0.0,0,0
defect4j,lang,org/apache/commons/lang/BooleanUtils,51,572,            return Boolean.TRUE;,8,1,0,0,0,6,8,6,0,33,20,1,0.0,0,0
defect4j,lang,org/apache/commons/lang/BooleanUtils,51,573,"        } else if (""no"".equalsIgnoreCase(str)) {",0,0,0,2,6,0,12,0,0,13,40,3,0.0,0,0
defect4j,lang,org/apache/commons/lang/BooleanUtils,51,577,        return null;,4,3,0,0,0,1,4,0,0,12,12,4,0.0,0,0
defect4j,lang,org/apache/commons/lang/BooleanUtils,51,603,        if (str == null) {,4,3,0,1,3,0,12,0,0,20,18,3,0.0,0,0
defect4j,lang,org/apache/commons/lang/BooleanUtils,51,604,            if (trueString == null) {,2,1,0,1,3,0,0,0,0,3,25,6,0.0,0,0
defect4j,lang,org/apache/commons/lang/BooleanUtils,51,605,                return Boolean.TRUE;,4,0,0,0,0,1,0,0,0,4,20,9,0.0,0,0
defect4j,lang,org/apache/commons/lang/BooleanUtils,51,607,                return Boolean.FALSE;,4,0,0,0,0,1,0,0,0,4,21,10,0.0,0,0
defect4j,lang,org/apache/commons/lang/BooleanUtils,51,611,        } else if (str.equals(trueString)) {,4,6,0,2,6,0,12,0,0,22,36,4,0.0,0,0
defect4j,lang,org/apache/commons/lang/BooleanUtils,51,614,            return Boolean.FALSE;,14,1,1,0,0,1,0,2,0,22,21,3,0.0,0,0
defect4j,lang,org/apache/commons/lang/BooleanUtils,51,615,        } else if (str.equals(nullString)) {,6,1,0,2,6,0,6,0,0,14,36,4,0.0,0,0
defect4j,lang,org/apache/commons/lang/BooleanUtils,51,619,"        throw new IllegalArgumentException(""The String did not match any specified value"");",8,1,0,1,2,0,0,2,0,13,83,1,0.0,0,0
defect4j,lang,org/apache/commons/lang/BooleanUtils,51,656,"        if (str == ""true"") {",2,1,0,1,3,0,0,0,0,4,20,4,0.0,0,0
defect4j,lang,org/apache/commons/lang/BooleanUtils,51,657,            return true;,0,1,0,0,0,1,4,0,0,6,12,4,0.0,0,0
defect4j,lang,org/apache/commons/lang/BooleanUtils,51,659,        if (str == null) {,6,0,0,1,3,3,4,2,0,16,18,1,0.0,0,0
defect4j,lang,org/apache/commons/lang/BooleanUtils,51,660,            return false;,8,0,0,0,0,4,0,4,0,16,13,1,0.0,0,0
defect4j,lang,org/apache/commons/lang/BooleanUtils,51,662,        switch (str.length()) {,2,0,0,2,5,0,0,0,0,2,23,5,0.0,0,0
defect4j,lang,org/apache/commons/lang/BooleanUtils,51,666,                return ,2,0,0,0,0,1,0,0,0,3,6,9,0.0,0,0
defect4j,lang,org/apache/commons/lang/BooleanUtils,51,672,                if (ch == 'y') {,2,1,0,1,3,0,0,0,0,4,16,6,0.0,0,0
defect4j,lang,org/apache/commons/lang/BooleanUtils,51,684,                char ch = str.charAt(0);,2,1,0,1,2,0,0,0,0,3,24,5,0.0,0,0
defect4j,lang,org/apache/commons/lang/BooleanUtils,51,686,                    return ,4,1,0,0,0,1,4,0,0,11,6,4,0.0,0,0
defect4j,lang,org/apache/commons/lang/BooleanUtils,51,691,                if (ch == 'T') {,2,1,0,1,3,0,0,0,0,4,16,6,0.0,0,0
defect4j,lang,org/apache/commons/lang/BooleanUtils,51,692,                    return ,0,0,0,0,0,1,6,2,0,8,6,5,0.0,0,0
defect4j,lang,org/apache/commons/lang/BooleanUtils,51,699,        return false;,4,0,0,0,0,1,0,0,0,6,13,1,0.0,0,0
defect4j,lang,org/apache/commons/lang/BooleanUtils,51,732,        if (str == null) {,6,1,0,1,3,0,0,0,0,8,18,6,0.0,0,0
defect4j,lang,org/apache/commons/lang/BooleanUtils,51,738,        } else if (str.equals(trueString)) {,0,0,0,2,6,0,6,0,0,6,36,6,0.0,0,0
defect4j,lang,org/apache/commons/lang/BooleanUtils,51,764,"        return toString(bool, ""true"", ""false"", null);",4,0,0,1,2,1,4,0,0,12,45,1,0.0,0,0
defect4j,lang,org/apache/commons/lang/BooleanUtils,51,782,"        return toString(bool, ""on"", ""off"", null);",6,2,0,1,2,1,4,0,0,15,41,3,0.0,0,0
defect4j,lang,org/apache/commons/lang/BooleanUtils,51,800,"        return toString(bool, ""yes"", ""no"", null);",6,0,0,1,2,4,6,4,0,23,41,1,0.0,0,0
defect4j,lang,org/apache/commons/lang/BooleanUtils,51,822,        if (bool == null) {,2,1,0,1,3,0,0,0,0,3,19,4,0.0,0,0
defect4j,lang,org/apache/commons/lang/BooleanUtils,51,823,            return nullString;,2,0,0,0,0,1,0,0,0,2,18,6,0.0,0,0
defect4j,lang,org/apache/commons/lang/BooleanUtils,51,861,"        return toString(bool, ""on"", ""off"");",4,0,0,1,2,1,0,0,0,5,35,6,0.0,0,0
defect4j,lang,org/apache/commons/lang/BooleanUtils,51,878,"        return toString(bool, ""yes"", ""no"");",2,0,0,1,2,2,0,0,0,4,35,2,0.0,0,0
defect4j,lang,org/apache/commons/lang/BooleanUtils,51,919,"            throw new IllegalArgumentException(""The Array must not be null"");",6,1,0,1,2,0,6,0,0,13,65,3,0.0,0,0
defect4j,lang,org/apache/commons/lang/BooleanUtils,51,926,        for (int i = 0; i < array.length; i++) {,2,0,0,1,3,0,0,0,0,3,40,3,0.0,0,0
defect4j,lang,org/apache/commons/lang/BooleanUtils,51,929,            if (array[i]) {,0,0,1,2,5,0,0,0,0,4,15,7,0.0,0,0
defect4j,lang,org/apache/commons/lang/BooleanUtils,51,931,                    trueCount++;,6,1,0,0,0,0,0,0,0,8,12,6,0.0,0,0
defect4j,lang,org/apache/commons/lang/BooleanUtils,51,933,                    return false;,6,1,0,0,0,3,0,0,0,10,13,1,0.0,0,0
defect4j,lang,org/apache/commons/lang/BooleanUtils,51,958,        if (array == null) {,2,0,0,1,3,0,0,0,0,6,20,3,0.0,0,0
defect4j,lang,org/apache/commons/lang/BooleanUtils,51,960,        } else if (array.length == 0) {,4,1,0,1,4,0,0,0,0,5,31,5,0.0,0,0
defect4j,lang,org/apache/commons/lang/BooleanUtils,51,961,"            throw new IllegalArgumentException(""Array is empty"");",0,0,0,1,2,0,0,2,0,3,53,8,0.0,0,0
defect4j,lang,org/apache/commons/lang/BooleanUtils,51,963,        boolean[] primitive = null;,4,0,0,1,2,0,4,0,0,9,27,5,0.0,0,0
defect4j,lang,org/apache/commons/lang/BooleanUtils,51,965,            primitive = ArrayUtils.toPrimitive(array);,2,0,0,1,2,3,2,0,0,8,42,2,0.0,0,0
defect4j,lang,org/apache/commons/lang/BooleanUtils,51,968,        },4,2,0,0,1,0,0,0,0,7,1,4,0.0,0,0
defect4j,lang,org/apache/commons/lang/BooleanUtils,51,966,        } catch (NullPointerException ex) {,4,1,0,1,4,0,6,0,0,11,35,3,0.0,0,0
defect4j,lang,org/apache/commons/lang/BooleanUtils,51,969,        return xor(primitive) ? Boolean.TRUE : Boolean.FALSE;,8,0,0,1,2,1,4,0,0,12,53,5,0.0,0,0
defect4j,lang,org/apache/commons/lang/StringEscapeUtils,52,173,"            throw new IllegalArgumentException(""The Writer must not be null"");",0,0,0,1,2,0,4,2,0,8,66,5,1.0,0,0
defect4j,lang,org/apache/commons/lang/StringEscapeUtils,52,229,                        out.write('\\');,2,0,0,1,2,3,4,2,0,12,16,1,1.0,0,0
defect4j,lang,org/apache/commons/lang/StringEscapeUtils,52,226,                        out.write('\'');,2,0,0,1,2,0,4,0,0,8,16,3,0.5,0,0
defect4j,lang,org/apache/commons/lang/StringEscapeUtils,52,149,        if (str == null) {,2,1,0,1,3,0,0,0,0,3,18,4,0.33333,0,0
defect4j,lang,org/apache/commons/lang/StringEscapeUtils,52,153,            StringWriter writer = new StringWriter(str.length() * 2);,4,1,0,2,4,0,4,4,0,13,57,3,0.33333,0,0
defect4j,lang,org/apache/commons/lang/StringEscapeUtils,52,172,        if (out == null) {,2,1,0,1,3,0,0,0,0,3,18,4,0.33333,0,0
defect4j,lang,org/apache/commons/lang/StringEscapeUtils,52,175,        if (str == null) {,2,1,0,1,3,0,0,0,0,3,18,4,0.33333,0,0
defect4j,lang,org/apache/commons/lang/StringEscapeUtils,52,179,        sz = str.length();,2,0,0,1,2,0,4,0,0,7,18,4,0.33333,0,0
defect4j,lang,org/apache/commons/lang/StringEscapeUtils,52,180,        for (int i = 0; i < sz; i++) {,8,1,0,1,3,0,0,0,0,10,30,4,0.33333,0,0
defect4j,lang,org/apache/commons/lang/StringEscapeUtils,52,181,            char ch = str.charAt(i);,2,0,0,1,2,0,6,0,0,8,24,7,0.33333,0,0
defect4j,lang,org/apache/commons/lang/StringEscapeUtils,52,184,            if (ch > 0xfff) {,4,2,0,1,3,0,8,2,0,16,17,3,0.33333,0,0
defect4j,lang,org/apache/commons/lang/StringEscapeUtils,52,186,            } else if (ch > 0xff) {,2,1,0,1,4,0,0,0,0,3,23,7,0.33333,0,0
defect4j,lang,org/apache/commons/lang/StringEscapeUtils,52,188,            } else if (ch > 0x7f) {,2,1,0,1,4,0,0,0,0,3,23,8,0.33333,0,0
defect4j,lang,org/apache/commons/lang/StringEscapeUtils,52,237,                        out.write(ch);,4,0,0,1,2,0,0,0,0,6,14,12,0.33333,1,1
defect4j,lang,org/apache/commons/lang/time/DateUtils,53,676,                        if (field == DateUtils.SEMI_MONTH) {,6,1,0,1,3,0,0,0,0,7,36,12,1.0,1,1
defect4j,lang,org/apache/commons/lang/time/DateUtils,53,440,        Calendar gval = Calendar.getInstance();,2,0,0,1,2,0,4,2,0,8,39,4,0.5,0,0
defect4j,lang,org/apache/commons/lang/time/DateUtils,53,621,        if (val.get(Calendar.YEAR) > 280000000) {,4,1,0,2,5,0,4,0,0,9,41,4,0.2,0,0
defect4j,lang,org/apache/commons/lang/time/DateUtils,53,635,        Date date = val.getTime();,2,0,0,1,2,0,4,2,0,8,26,4,0.2,0,0
defect4j,lang,org/apache/commons/lang/time/DateUtils,53,637,        boolean done = false;,2,0,0,0,0,0,0,0,0,3,21,5,0.2,0,0
defect4j,lang,org/apache/commons/lang/time/DateUtils,53,641,        if (!round || millisecs < 500) {,4,2,0,1,3,0,0,0,0,7,32,4,0.2,0,0
defect4j,lang,org/apache/commons/lang/time/DateUtils,53,650,        if (!done && (!round || seconds < 30)) {,8,3,0,2,5,0,4,0,0,18,40,4,0.2,0,0
defect4j,lang,org/apache/commons/lang/time/DateUtils,53,658,        int minutes = val.get(Calendar.MINUTE);,6,0,0,1,2,0,4,0,0,10,39,5,0.2,0,0
defect4j,lang,org/apache/commons/lang/time/DateUtils,53,660,            time = time - (minutes * 60000L);,8,2,0,1,2,0,0,2,0,13,33,1,0.2,0,0
defect4j,lang,org/apache/commons/lang/time/DateUtils,53,664,        if (date.getTime() != time) {,4,0,0,2,5,2,0,2,0,8,29,2,0.2,0,0
defect4j,lang,org/apache/commons/lang/time/DateUtils,53,665,            date.setTime(time);,2,0,0,1,2,3,6,4,0,15,19,1,0.2,0,0
defect4j,lang,org/apache/commons/lang/time/DateUtils,53,672,            for (int j = 0; j < fields[i].length; j++) {,8,1,1,2,5,0,0,0,0,14,44,6,0.2,0,0
defect4j,lang,org/apache/commons/lang/time/DateUtils,53,692,                    return;,0,0,0,0,0,1,6,0,0,6,7,13,0.2,0,0
defect4j,lang,org/apache/commons/lang/time/DateUtils,53,697,            boolean offsetSet = false;,2,0,0,0,0,3,0,4,0,9,26,2,0.2,0,0
defect4j,lang,org/apache/commons/lang/time/DateUtils,53,699,            switch (field) {,2,0,0,1,3,0,0,2,0,4,16,10,0.2,0,0
defect4j,lang,org/apache/commons/lang/time/DateUtils,53,729,            if (!offsetSet) {,2,0,0,1,3,0,6,0,0,9,17,3,0.2,0,0
defect4j,lang,org/apache/commons/lang/time/DateUtils,53,730,                int min = val.getActualMinimum(fields[i][0]);,2,0,1,3,6,0,4,0,0,10,45,9,0.2,0,0
defect4j,lang,org/apache/commons/lang/time/DateUtils,53,731,                int max = val.getActualMaximum(fields[i][0]);,2,0,1,3,6,0,4,0,0,10,45,9,0.2,0,0
defect4j,lang,org/apache/commons/lang/time/DateUtils,53,733,                offset = val.get(fields[i][0]) - min;,4,1,1,3,6,0,4,0,0,14,37,8,0.2,0,0
defect4j,lang,org/apache/commons/lang/time/DateUtils,53,735,                roundUp = offset > ((max - min) / 2);,10,4,0,2,4,0,8,2,0,25,37,3,0.2,0,0
defect4j,lang,org/apache/commons/lang/time/DateUtils,53,738,            if (offset != 0) {,2,1,0,1,3,0,0,0,0,3,18,6,0.2,0,0
defect4j,lang,org/apache/commons/lang/LocaleUtils,54,116,"                throw new IllegalArgumentException(""Invalid locale format: "" + str);",2,1,0,1,2,0,0,2,0,6,68,9,1.0,1,1
defect4j,lang,org/apache/commons/lang/LocaleUtils,54,110,            if (str.charAt(2) != '_') {,8,5,0,2,5,0,4,0,0,18,27,4,0.5,0,0
defect4j,lang,org/apache/commons/lang/LocaleUtils,54,113,            char ch3 = str.charAt(3);,2,0,0,1,2,0,4,0,0,6,25,7,0.5,0,0
defect4j,lang,org/apache/commons/lang/LocaleUtils,54,114,            char ch4 = str.charAt(4);,2,0,0,1,2,0,4,0,0,6,25,7,0.5,0,0
defect4j,lang,org/apache/commons/lang/LocaleUtils,54,115,            if (ch3 < 'A' || ch3 > 'Z' || ch4 < 'A' || ch4 > 'Z') {,8,7,0,1,3,0,0,0,0,19,55,6,0.5,0,0
defect4j,lang,org/apache/commons/lang/LocaleUtils,54,98,        int len = str.length();,2,0,0,1,2,0,4,0,0,6,23,5,0.33333,0,0
defect4j,lang,org/apache/commons/lang/LocaleUtils,54,99,        if (len != 2 && len != 5 && len < 7) {,8,6,0,1,3,0,8,0,0,24,38,3,0.33333,0,0
defect4j,lang,org/apache/commons/lang/LocaleUtils,54,102,        char ch0 = str.charAt(0);,4,1,0,1,2,0,4,0,0,10,25,3,0.33333,0,0
defect4j,lang,org/apache/commons/lang/LocaleUtils,54,103,        char ch1 = str.charAt(1);,2,0,0,1,2,0,4,0,0,6,25,5,0.33333,0,0
defect4j,lang,org/apache/commons/lang/LocaleUtils,54,104,        if (ch0 < 'a' || ch0 > 'z' || ch1 < 'a' || ch1 > 'z') {,8,7,0,1,3,0,0,0,0,19,55,4,0.33333,0,0
defect4j,lang,org/apache/commons/lang/time/StopWatch,55,179,        stopTime = System.currentTimeMillis();,2,0,0,1,2,0,4,0,0,7,38,4,1.0,1,1
defect4j,lang,org/apache/commons/lang/time/StopWatch,55,180,        this.runningState = STATE_SUSPENDED;,4,0,0,0,0,0,0,0,0,5,36,4,1.0,1,1
defect4j,lang,org/apache/commons/lang/time/StopWatch,55,176,        if(this.runningState != STATE_RUNNING) {,4,1,0,1,3,0,0,0,0,5,40,4,0.5,0,0
defect4j,lang,org/apache/commons/lang/time/StopWatch,55,210,            return this.stopTime - this.startTime;,4,1,0,0,0,1,0,0,0,5,38,6,0.33333,0,0
defect4j,lang,org/apache/commons/lang/time/FastDateFormat,56,631,"                rule = selectNumberRule(Calendar.DAY_OF_MONTH, tokenLen);",6,0,0,1,2,0,4,0,0,11,57,7,0.07692,1,1
defect4j,lang,org/apache/commons/lang/time/FastDateFormat,56,553,            locale = Locale.getDefault();,4,0,0,1,2,3,6,2,0,17,29,1,0.0625,0,0
defect4j,lang,org/apache/commons/lang/SystemUtils,57,1084,    },2,1,0,0,1,0,0,0,0,3,1,4,0.0,0,0
defect4j,lang,org/apache/commons/lang/SystemUtils,57,87,"    public static final String AWT_TOOLKIT = getSystemProperty(""awt.toolkit"");",2,0,0,1,2,3,2,2,0,10,74,2,0.0,0,0
defect4j,lang,org/apache/commons/lang/SystemUtils,57,105,"    public static final String FILE_ENCODING = getSystemProperty(""file.encoding"");",2,0,0,1,2,3,2,2,0,10,78,2,0.0,0,0
defect4j,lang,org/apache/commons/lang/SystemUtils,57,138,"    public static final String JAVA_AWT_FONTS = getSystemProperty(""java.awt.fonts"");",2,0,0,1,2,3,2,2,0,10,80,2,0.0,0,0
defect4j,lang,org/apache/commons/lang/SystemUtils,57,154,"    public static final String JAVA_AWT_GRAPHICSENV = getSystemProperty(""java.awt.graphicsenv"");",2,1,0,1,2,0,0,0,0,3,92,4,0.0,0,0
defect4j,lang,org/apache/commons/lang/SystemUtils,57,175,"    public static final String JAVA_AWT_HEADLESS = getSystemProperty(""java.awt.headless"");",2,0,0,1,2,3,2,2,0,10,86,2,0.0,0,0
defect4j,lang,org/apache/commons/lang/SystemUtils,57,191,"    public static final String JAVA_AWT_PRINTERJOB = getSystemProperty(""java.awt.printerjob"");",2,0,0,1,2,3,2,2,0,10,90,2,0.0,0,0
defect4j,lang,org/apache/commons/lang/SystemUtils,57,207,"    public static final String JAVA_CLASS_PATH = getSystemProperty(""java.class.path"");",2,0,0,1,2,3,2,2,0,10,82,2,0.0,0,0
defect4j,lang,org/apache/commons/lang/SystemUtils,57,224,"    public static final String JAVA_CLASS_VERSION = getSystemProperty(""java.class.version"");",2,0,0,1,2,3,2,2,0,10,88,2,0.0,0,0
defect4j,lang,org/apache/commons/lang/SystemUtils,57,241,"    public static final String JAVA_COMPILER = getSystemProperty(""java.compiler"");",2,0,0,1,2,3,2,2,0,10,78,2,0.0,0,0
defect4j,lang,org/apache/commons/lang/SystemUtils,57,275,"    public static final String JAVA_EXT_DIRS = getSystemProperty(""java.ext.dirs"");",2,0,0,1,2,3,2,2,0,10,78,2,0.0,0,0
defect4j,lang,org/apache/commons/lang/SystemUtils,57,307,    public static final String JAVA_IO_TMPDIR = getSystemProperty(JAVA_IO_TMPDIR_KEY);,4,0,0,1,2,6,4,6,0,20,82,2,0.0,0,0
defect4j,lang,org/apache/commons/lang/SystemUtils,57,342,"    public static final String JAVA_RUNTIME_NAME = getSystemProperty(""java.runtime.name"");",2,0,0,1,2,3,6,2,0,16,86,1,0.0,0,0
defect4j,lang,org/apache/commons/lang/SystemUtils,57,360,"    public static final String JAVA_RUNTIME_VERSION = getSystemProperty(""java.runtime.version"");",4,0,0,1,2,6,2,6,0,19,92,2,0.0,0,0
defect4j,lang,org/apache/commons/lang/SystemUtils,57,377,"    public static final String JAVA_SPECIFICATION_NAME = getSystemProperty(""java.specification.name"");",6,0,0,1,2,3,2,2,0,15,98,1,0.0,0,0
defect4j,lang,org/apache/commons/lang/SystemUtils,57,394,"    public static final String JAVA_SPECIFICATION_VENDOR = getSystemProperty(""java.specification.vendor"");",2,0,0,1,2,3,2,2,0,10,102,2,0.0,0,0
defect4j,lang,org/apache/commons/lang/SystemUtils,57,428,    public static final String JAVA_UTIL_PREFS_PREFERENCES_FACTORY = ,2,0,0,0,0,3,0,2,0,7,64,2,0.0,0,0
defect4j,lang,org/apache/commons/lang/SystemUtils,57,445,"    public static final String JAVA_VENDOR = getSystemProperty(""java.vendor"");",4,0,0,1,2,6,2,2,0,15,74,2,0.0,0,0
defect4j,lang,org/apache/commons/lang/SystemUtils,57,461,"    public static final String JAVA_VENDOR_URL = getSystemProperty(""java.vendor.url"");",2,0,0,1,2,3,2,2,0,10,82,2,0.0,0,0
defect4j,lang,org/apache/commons/lang/SystemUtils,57,477,"    public static final String JAVA_VERSION = getSystemProperty(""java.version"");",2,0,0,1,2,3,2,2,0,10,76,2,0.0,0,0
defect4j,lang,org/apache/commons/lang/SystemUtils,57,512,"    public static final String JAVA_VM_NAME = getSystemProperty(""java.vm.name"");",2,0,0,1,2,3,2,2,0,10,76,2,0.0,0,0
defect4j,lang,org/apache/commons/lang/SystemUtils,57,529,"    public static final String JAVA_VM_SPECIFICATION_NAME = getSystemProperty(""java.vm.specification.name"");",2,0,0,1,2,3,2,2,0,10,104,2,0.0,0,0
defect4j,lang,org/apache/commons/lang/SystemUtils,57,546,"    public static final String JAVA_VM_SPECIFICATION_VENDOR = getSystemProperty(""java.vm.specification.vendor"");",6,0,0,1,2,3,6,4,0,20,108,1,0.0,0,0
defect4j,lang,org/apache/commons/lang/SystemUtils,57,580,"    public static final String JAVA_VM_VENDOR = getSystemProperty(""java.vm.vendor"");",2,0,0,1,2,3,2,2,0,10,80,2,0.0,0,0
defect4j,lang,org/apache/commons/lang/SystemUtils,57,614,"    public static final String LINE_SEPARATOR = getSystemProperty(""line.separator"");",2,0,0,1,2,3,2,2,0,10,80,2,0.0,0,0
defect4j,lang,org/apache/commons/lang/SystemUtils,57,630,"    public static final String OS_ARCH = getSystemProperty(""os.arch"");",2,0,0,1,2,3,8,2,0,17,66,1,0.0,0,0
defect4j,lang,org/apache/commons/lang/SystemUtils,57,646,"    public static final String OS_NAME = getSystemProperty(""os.name"");",2,0,0,1,2,3,2,2,0,10,66,2,0.0,0,0
defect4j,lang,org/apache/commons/lang/SystemUtils,57,679,"    public static final String PATH_SEPARATOR = getSystemProperty(""path.separator"");",2,0,0,1,2,3,2,2,0,10,80,2,0.0,0,0
defect4j,lang,org/apache/commons/lang/SystemUtils,57,698,    public static final String USER_COUNTRY = ,2,0,0,0,0,3,0,2,0,7,41,2,0.0,0,0
defect4j,lang,org/apache/commons/lang/SystemUtils,57,733,    public static final String USER_HOME = getSystemProperty(USER_HOME_KEY);,2,0,0,1,2,3,4,2,0,11,72,2,0.0,0,0
defect4j,lang,org/apache/commons/lang/SystemUtils,57,751,"    public static final String USER_LANGUAGE = getSystemProperty(""user.language"");",2,0,0,1,2,3,2,2,0,10,78,2,0.0,0,0
defect4j,lang,org/apache/commons/lang/SystemUtils,57,784,"    public static final String USER_TIMEZONE = getSystemProperty(""user.timezone"");",2,0,0,1,2,3,2,2,0,10,78,2,0.0,0,0
defect4j,lang,org/apache/commons/lang/SystemUtils,57,818,    public static final float JAVA_VERSION_FLOAT = getJavaVersionAsFloat();,2,0,0,1,2,3,2,0,0,7,71,2,0.0,0,0
defect4j,lang,org/apache/commons/lang/SystemUtils,57,833,    public static final int JAVA_VERSION_INT = getJavaVersionAsInt();,2,0,0,1,2,3,2,0,0,7,65,2,0.0,0,0
defect4j,lang,org/apache/commons/lang/SystemUtils,57,846,"    public static final boolean IS_JAVA_1_1 = getJavaVersionMatches(""1.1"");",2,1,0,1,2,0,0,0,0,3,71,4,0.0,0,0
defect4j,lang,org/apache/commons/lang/SystemUtils,57,854,"    public static final boolean IS_JAVA_1_2 = getJavaVersionMatches(""1.2"");",2,0,0,1,2,3,2,0,0,8,71,2,0.0,0,0
defect4j,lang,org/apache/commons/lang/SystemUtils,57,862,"    public static final boolean IS_JAVA_1_3 = getJavaVersionMatches(""1.3"");",2,0,0,1,2,3,2,0,0,8,71,2,0.0,0,0
defect4j,lang,org/apache/commons/lang/SystemUtils,57,870,"    public static final boolean IS_JAVA_1_4 = getJavaVersionMatches(""1.4"");",2,0,0,1,2,3,2,0,0,8,71,2,0.0,0,0
defect4j,lang,org/apache/commons/lang/SystemUtils,57,878,"    public static final boolean IS_JAVA_1_5 = getJavaVersionMatches(""1.5"");",2,0,0,1,2,3,2,0,0,8,71,2,0.0,0,0
defect4j,lang,org/apache/commons/lang/SystemUtils,57,886,"    public static final boolean IS_JAVA_1_6 = getJavaVersionMatches(""1.6"");",2,0,0,1,2,3,2,0,0,8,71,2,0.0,0,0
defect4j,lang,org/apache/commons/lang/SystemUtils,57,904,"    public static final boolean IS_OS_AIX = getOSMatches(""AIX"");",8,1,0,1,2,3,6,0,0,20,60,1,0.0,0,0
defect4j,lang,org/apache/commons/lang/SystemUtils,57,914,"    public static final boolean IS_OS_HP_UX = getOSMatches(""HP-UX"");",2,0,0,1,2,3,2,0,0,8,64,2,0.0,0,0
defect4j,lang,org/apache/commons/lang/SystemUtils,57,924,"    public static final boolean IS_OS_IRIX = getOSMatches(""Irix"");",2,1,0,1,2,0,0,0,0,3,62,5,0.0,0,0
defect4j,lang,org/apache/commons/lang/SystemUtils,57,934,"    public static final boolean IS_OS_LINUX = getOSMatches(""Linux"") || getOSMatches(""LINUX"");",2,0,0,2,4,0,6,4,0,12,89,4,0.0,0,0
defect4j,lang,org/apache/commons/lang/SystemUtils,57,944,"    public static final boolean IS_OS_MAC = getOSMatches(""Mac"");",2,0,0,1,2,0,4,0,0,7,60,3,0.0,0,0
defect4j,lang,org/apache/commons/lang/SystemUtils,57,954,"    public static final boolean IS_OS_MAC_OSX = getOSMatches(""Mac OS X"");",4,0,0,1,2,6,6,2,0,19,69,2,0.0,0,0
defect4j,lang,org/apache/commons/lang/SystemUtils,57,984,"    public static final boolean IS_OS_SUN_OS = getOSMatches(""SunOS"");",2,0,0,1,2,0,0,0,0,2,65,4,0.0,0,0
defect4j,lang,org/apache/commons/lang/SystemUtils,57,1007,    public static final boolean IS_OS_WINDOWS = getOSMatches(OS_NAME_WINDOWS_PREFIX);,2,0,0,1,2,3,4,0,0,9,81,2,0.0,0,0
defect4j,lang,org/apache/commons/lang/SystemUtils,57,1017,"    public static final boolean IS_OS_WINDOWS_2000 = getOSMatches(OS_NAME_WINDOWS_PREFIX, ""5.0"");",2,0,0,1,2,3,4,0,0,10,93,2,0.0,0,0
defect4j,lang,org/apache/commons/lang/SystemUtils,57,1027,"    public static final boolean IS_OS_WINDOWS_95 = getOSMatches(OS_NAME_WINDOWS_PREFIX + "" 9"", ""4.0"");",4,1,0,1,2,3,2,0,0,12,98,2,0.0,0,0
defect4j,lang,org/apache/commons/lang/SystemUtils,57,1049,"    public static final boolean IS_OS_WINDOWS_ME = getOSMatches(OS_NAME_WINDOWS_PREFIX, ""4.9"");",2,0,0,1,2,3,4,0,0,10,91,2,0.0,0,0
defect4j,lang,org/apache/commons/lang/SystemUtils,57,1071,"    public static final boolean IS_OS_WINDOWS_XP = getOSMatches(OS_NAME_WINDOWS_PREFIX, ""5.1"");",2,0,0,1,2,3,4,0,0,10,91,2,0.0,0,0
defect4j,lang,org/apache/commons/lang/SystemUtils,57,1101,        return JAVA_VERSION_FLOAT;,2,0,0,0,0,1,0,0,0,2,26,4,0.0,0,0
defect4j,lang,org/apache/commons/lang/SystemUtils,57,1119,        if (JAVA_VERSION_TRIMMED == null) {,8,0,0,1,3,2,8,4,0,22,35,2,0.0,0,0
defect4j,lang,org/apache/commons/lang/SystemUtils,57,1122,"        String str = JAVA_VERSION_TRIMMED.substring(0, 3);",2,0,0,1,2,0,4,2,0,8,50,4,0.0,0,0
defect4j,lang,org/apache/commons/lang/SystemUtils,57,1124,"            str = str + JAVA_VERSION_TRIMMED.substring(4, 5);",4,0,0,1,2,0,6,0,0,10,49,5,0.0,0,0
defect4j,lang,org/apache/commons/lang/SystemUtils,57,1128,        } catch (Exception ex) {,2,0,0,1,4,0,0,2,0,4,24,6,0.0,0,0
defect4j,lang,org/apache/commons/lang/SystemUtils,57,1151,"        String str = JAVA_VERSION_TRIMMED.substring(0, 1);",2,0,0,1,2,0,4,2,0,8,50,4,0.0,0,0
defect4j,lang,org/apache/commons/lang/SystemUtils,57,1152,"        str = str + JAVA_VERSION_TRIMMED.substring(2, 3);",4,1,0,1,2,0,4,0,0,10,49,4,0.0,0,0
defect4j,lang,org/apache/commons/lang/SystemUtils,57,1153,        if (JAVA_VERSION_TRIMMED.length() >= 5) {,0,1,0,2,5,0,4,0,0,5,41,4,0.0,0,0
defect4j,lang,org/apache/commons/lang/SystemUtils,57,1156,"            str = str + ""0"";",6,1,0,0,0,0,0,0,0,11,16,3,0.0,0,0
defect4j,lang,org/apache/commons/lang/SystemUtils,57,1160,        } catch (Exception ex) {,4,0,0,1,4,1,0,4,0,9,24,6,0.0,0,0
defect4j,lang,org/apache/commons/lang/SystemUtils,57,1171,        if (JAVA_VERSION != null) {,2,1,0,1,3,0,6,0,0,9,27,4,0.0,0,0
defect4j,lang,org/apache/commons/lang/SystemUtils,57,1172,            for (int i = 0; i < JAVA_VERSION.length(); i++) {,6,1,0,2,5,0,4,0,0,12,49,6,0.0,0,0
defect4j,lang,org/apache/commons/lang/SystemUtils,57,1173,                char ch = JAVA_VERSION.charAt(i);,2,0,0,1,2,0,6,0,0,8,33,9,0.0,0,0
defect4j,lang,org/apache/commons/lang/SystemUtils,57,1174,                if (ch >= '0' && ch <= '9') {,0,1,0,1,3,0,4,0,0,6,29,4,0.0,0,0
defect4j,lang,org/apache/commons/lang/SystemUtils,57,1175,                    return JAVA_VERSION.substring(i);,2,0,0,1,2,4,6,4,0,15,33,1,0.0,0,0
defect4j,lang,org/apache/commons/lang/SystemUtils,57,1189,        if (JAVA_VERSION_TRIMMED == null) {,2,1,0,1,3,0,0,0,0,3,35,4,0.0,0,0
defect4j,lang,org/apache/commons/lang/SystemUtils,57,1202,        if (OS_NAME == null) {,2,1,0,1,3,0,0,2,0,7,22,4,0.0,0,0
defect4j,lang,org/apache/commons/lang/SystemUtils,57,1235,            return System.getProperty(property);,2,1,0,1,2,1,6,0,0,9,36,3,0.0,0,0
defect4j,lang,org/apache/commons/lang/SystemUtils,57,1236,        } catch (SecurityException ex) {,2,0,0,1,4,0,0,2,0,4,32,6,0.0,0,0
defect4j,lang,org/apache/commons/lang/SystemUtils,57,1238,            System.err.println(,8,1,0,0,1,0,2,0,0,11,19,3,0.0,0,0
defect4j,lang,org/apache/commons/lang/SystemUtils,57,1278,        return JAVA_VERSION_INT >= requiredVersion;,4,1,0,0,0,1,0,0,0,5,43,4,0.0,0,0
defect4j,lang,org/apache/commons/lang/SystemUtils,57,1319,        return new File(System.getProperty(JAVA_IO_TMPDIR_KEY));,8,1,0,2,4,1,0,0,0,10,56,3,0.0,0,0
defect4j,lang,org/apache/commons/lang/SystemUtils,57,1333,        return new File(System.getProperty(USER_DIR_KEY));,6,1,0,2,4,1,8,0,0,15,50,6,0.0,0,0
defect4j,lang,org/apache/commons/lang/SystemUtils,57,1347,        return new File(System.getProperty(USER_HOME_KEY));,4,1,0,2,4,4,4,2,0,14,51,1,0.0,0,0
defect4j,lang,org/apache/commons/lang/LocaleUtils,57,47,    private static final Map cLanguagesByCountry = Collections.synchronizedMap(new HashMap());,2,0,0,2,4,3,4,4,0,13,90,2,0.0,0,0
defect4j,lang,org/apache/commons/lang/LocaleUtils,57,49,    private static final Map cCountriesByLanguage = Collections.synchronizedMap(new HashMap());,2,0,0,2,4,3,4,4,0,13,91,2,0.0,0,0
defect4j,lang,org/apache/commons/lang/LocaleUtils,57,51,        List list = Arrays.asList(Locale.getAvailableLocales());,8,2,0,2,4,0,0,0,0,11,56,6,0.0,0,0
defect4j,lang,org/apache/commons/lang/LocaleUtils,57,95,        if (str == null) {,4,1,0,1,3,3,2,2,0,13,18,1,0.0,0,0
defect4j,lang,org/apache/commons/lang/LocaleUtils,57,98,        int len = str.length();,2,0,0,1,2,0,4,0,0,6,23,5,0.0,0,0
defect4j,lang,org/apache/commons/lang/LocaleUtils,57,99,        if (len != 2 && len != 5 && len < 7) {,4,0,0,1,3,0,0,2,0,6,38,5,0.0,0,0
defect4j,lang,org/apache/commons/lang/LocaleUtils,57,105,"            throw new IllegalArgumentException(""Invalid locale format: "" + str);",10,3,0,1,2,0,10,4,0,29,68,1,0.0,0,0
defect4j,lang,org/apache/commons/lang/LocaleUtils,57,107,        if (len == 2) {,2,1,0,1,3,0,0,0,0,3,15,4,0.0,0,0
defect4j,lang,org/apache/commons/lang/LocaleUtils,57,108,"            return new Locale(str, """");",2,1,0,1,2,1,0,0,0,3,27,4,0.0,0,0
defect4j,lang,org/apache/commons/lang/LocaleUtils,57,110,            if (str.charAt(2) != '_') {,6,2,0,2,5,0,12,4,0,26,27,3,0.0,0,0
defect4j,lang,org/apache/commons/lang/LocaleUtils,57,111,"                throw new IllegalArgumentException(""Invalid locale format: "" + str);",10,2,0,1,2,0,0,2,0,15,68,4,0.0,0,0
defect4j,lang,org/apache/commons/lang/LocaleUtils,57,114,            char ch4 = str.charAt(4);,4,0,0,1,2,0,4,2,0,11,25,5,0.0,0,0
defect4j,lang,org/apache/commons/lang/LocaleUtils,57,115,            if (ch3 < 'A' || ch3 > 'Z' || ch4 < 'A' || ch4 > 'Z') {,8,7,0,1,3,0,0,0,0,19,55,6,0.0,0,0
defect4j,lang,org/apache/commons/lang/LocaleUtils,57,122,"                    throw new IllegalArgumentException(""Invalid locale format: "" + str);",2,1,0,1,2,0,0,2,0,6,68,11,0.0,0,0
defect4j,lang,org/apache/commons/lang/LocaleUtils,57,165,        List list = new ArrayList(4);,10,2,0,1,2,3,6,4,0,26,29,1,0.0,0,0
defect4j,lang,org/apache/commons/lang/LocaleUtils,57,167,            list.add(locale);,2,0,0,1,2,0,26,0,0,28,17,1,0.0,0,0
defect4j,lang,org/apache/commons/lang/LocaleUtils,57,171,            if (locale.getCountry().length() > 0) {,2,0,0,3,7,0,0,2,0,4,39,9,0.0,0,0
defect4j,lang,org/apache/commons/lang/LocaleUtils,57,174,            if (list.contains(defaultLocale) == false) {,0,1,0,2,5,0,6,0,0,8,44,6,0.0,0,0
defect4j,lang,org/apache/commons/lang/LocaleUtils,57,178,        return Collections.unmodifiableList(list);,8,4,0,1,2,1,6,0,0,19,42,3,0.0,0,0
defect4j,lang,org/apache/commons/lang/LocaleUtils,57,206,        Set set = cAvailableLocaleSet;,4,0,0,0,0,0,0,2,0,6,30,4,0.0,0,0
defect4j,lang,org/apache/commons/lang/LocaleUtils,57,207,        if (set == null) {,2,1,0,1,3,0,0,0,0,4,18,1,0.0,0,0
defect4j,lang,org/apache/commons/lang/LocaleUtils,57,209,            set = Collections.unmodifiableSet(set);,2,0,0,1,2,0,6,0,0,9,39,6,0.0,0,0
defect4j,lang,org/apache/commons/lang/LocaleUtils,57,212,        return set;,2,0,0,0,0,1,0,0,0,3,11,4,0.0,0,0
defect4j,lang,org/apache/commons/lang/LocaleUtils,57,239,            if (countryCode != null) {,2,1,0,1,3,3,4,0,0,12,26,2,0.0,0,0
defect4j,lang,org/apache/commons/lang/LocaleUtils,57,240,                langs = new ArrayList();,2,0,0,1,2,0,0,2,0,5,24,8,0.0,0,0
defect4j,lang,org/apache/commons/lang/LocaleUtils,57,241,                List locales = availableLocaleList();,10,2,0,1,2,0,2,2,0,16,37,3,0.0,0,0
defect4j,lang,org/apache/commons/lang/LocaleUtils,57,243,                    Locale locale = (Locale) locales.get(i);,2,0,0,2,4,0,6,4,0,12,40,10,0.0,0,0
defect4j,lang,org/apache/commons/lang/LocaleUtils,57,251,                langs = Collections.EMPTY_LIST;,24,3,0,0,0,0,16,0,0,44,31,3,0.0,0,0
defect4j,lang,org/apache/commons/lang/LocaleUtils,57,253,"            cLanguagesByCountry.put(countryCode, langs);  //syncd",2,0,0,1,2,0,0,0,0,2,53,4,0.0,0,0
defect4j,lang,org/apache/commons/lang/LocaleUtils,57,255,        return langs;,2,0,0,0,0,1,0,0,0,2,13,4,0.0,0,0
defect4j,lang,org/apache/commons/lang/LocaleUtils,57,269,        List countries = (List) cCountriesByLanguage.get(languageCode);  //syncd,4,0,0,2,4,0,4,2,0,10,72,5,0.0,0,0
defect4j,lang,org/apache/commons/lang/LocaleUtils,57,270,        if (countries == null) {,2,1,0,1,3,0,6,0,0,9,24,4,0.0,0,0
defect4j,lang,org/apache/commons/lang/LocaleUtils,57,272,                countries = new ArrayList();,2,0,0,1,2,0,8,2,0,12,28,4,0.0,0,0
defect4j,lang,org/apache/commons/lang/LocaleUtils,57,273,                List locales = availableLocaleList();,6,1,0,1,2,0,2,2,0,11,37,3,0.0,0,0
defect4j,lang,org/apache/commons/lang/LocaleUtils,57,274,                for (int i = 0; i < locales.size(); i++) {,8,2,0,2,5,0,4,0,0,15,42,4,0.0,0,0
defect4j,lang,org/apache/commons/lang/LocaleUtils,57,275,                    Locale locale = (Locale) locales.get(i);,2,0,0,2,4,0,6,4,0,12,40,10,0.0,0,0
defect4j,lang,org/apache/commons/lang/LocaleUtils,57,276,                    if (languageCode.equals(locale.getLanguage()) &&,0,2,0,2,5,0,18,0,0,20,48,3,0.0,0,0
defect4j,lang,org/apache/commons/lang/LocaleUtils,57,282,                countries = Collections.unmodifiableList(countries);,2,0,0,1,2,0,6,0,0,9,52,8,0.0,0,0
defect4j,lang,org/apache/commons/lang/LocaleUtils,57,284,                countries = Collections.EMPTY_LIST;,6,0,0,0,0,0,0,0,0,7,35,8,0.0,0,0
defect4j,lang,org/apache/commons/lang/LocaleUtils,57,288,        return countries;,2,0,0,0,0,1,0,0,0,2,17,4,0.0,0,0
defect4j,lang,org/apache/commons/lang/math/NumberUtils,58,464,"                    throw new NumberFormatException(str + "" is not a valid number."");",2,1,0,1,2,0,0,2,0,6,65,8,1.0,0,0
defect4j,lang,org/apache/commons/lang/math/NumberUtils,58,1508,            return false;,4,1,0,0,0,1,8,6,0,20,13,3,1.0,0,0
defect4j,lang,org/apache/commons/lang/math/NumberUtils,58,411,"        if (str.startsWith(""0x"") || str.startsWith(""-0x"")) {",0,1,0,3,7,0,8,0,0,11,52,4,0.5,0,0
defect4j,lang,org/apache/commons/lang/math/NumberUtils,58,419,        int expPos = str.indexOf('e') + str.indexOf('E') + 1;,2,1,0,2,4,0,12,0,0,19,53,3,0.5,0,0
defect4j,lang,org/apache/commons/lang/math/NumberUtils,58,433,            if (expPos > -1) {,2,1,0,1,3,0,0,0,0,4,18,6,0.5,0,0
defect4j,lang,org/apache/commons/lang/math/NumberUtils,58,436,                mant = str;,4,0,0,0,0,0,0,0,0,5,11,8,0.5,0,0
defect4j,lang,org/apache/commons/lang/math/NumberUtils,58,438,            dec = null;,6,0,0,0,0,0,0,0,0,8,11,1,0.5,0,0
defect4j,lang,org/apache/commons/lang/math/NumberUtils,58,440,        if (!Character.isDigit(lastChar)) {,2,1,1,2,5,0,6,0,0,14,35,3,0.5,0,0
defect4j,lang,org/apache/commons/lang/math/NumberUtils,58,444,                exp = null;,4,1,0,0,0,1,4,2,0,12,11,3,0.5,0,0
defect4j,lang,org/apache/commons/lang/math/NumberUtils,58,447,"            String numeric = str.substring(0, str.length() - 1);",8,4,0,2,4,0,8,2,0,22,52,4,0.5,0,0
defect4j,lang,org/apache/commons/lang/math/NumberUtils,58,448,            boolean allZeros = isAllZeros(mant) && isAllZeros(exp);,2,1,0,2,4,0,8,0,0,11,55,7,0.5,0,0
defect4j,lang,org/apache/commons/lang/math/NumberUtils,58,452,                    if (dec == null,4,1,0,0,1,3,0,0,0,8,15,1,0.5,0,0
defect4j,lang,org/apache/commons/lang/math/NumberUtils,58,556,        if (str == null) {,2,1,0,1,3,0,0,0,0,3,18,4,0.5,0,0
defect4j,lang,org/apache/commons/lang/math/NumberUtils,58,559,        for (int i = str.length() - 1; i >= 0; i--) {,6,2,0,2,5,0,4,0,0,13,45,4,0.5,0,0
defect4j,lang,org/apache/commons/lang/math/NumberUtils,58,560,            if (str.charAt(i) != '0') {,6,2,0,2,5,0,6,0,0,16,27,3,0.5,0,0
defect4j,lang,org/apache/commons/lang/math/NumberUtils,58,561,                return false;,4,1,0,0,0,1,0,0,0,7,13,3,0.5,0,0
defect4j,lang,org/apache/commons/lang/StringUtils,58,226,        for (int i = 0; i < strLen; i++) {,10,2,0,1,3,0,4,0,0,17,34,3,0.33333,0,0
defect4j,lang,org/apache/commons/lang/StringUtils,58,227,            if ((Character.isWhitespace(str.charAt(i)) == false)) {,0,1,0,4,9,0,26,0,0,28,55,3,0.33333,0,0
defect4j,lang,org/apache/commons/lang/math/NumberUtils,58,628,        if (str == null) {,2,1,0,1,3,0,0,0,0,3,18,4,0.33333,0,0
defect4j,lang,org/apache/commons/lang/math/NumberUtils,58,1510,        for (int i = 0; i < str.length(); i++) {,6,1,0,2,5,0,4,0,0,12,40,4,0.33333,0,0
defect4j,lang,org/apache/commons/lang/math/NumberUtils,58,1515,        return true;,4,3,0,0,0,1,0,0,0,8,12,3,0.33333,0,0
defect4j,lang,org/apache/commons/lang/text/StrBuilder,59,879,        if (width > 0) {,2,1,0,1,3,0,0,0,0,3,16,4,0.5,0,0
defect4j,lang,org/apache/commons/lang/text/StrBuilder,59,880,            ensureCapacity(size + width);,4,1,0,1,2,0,2,0,0,7,29,7,0.5,0,0
defect4j,lang,org/apache/commons/lang/text/StrBuilder,59,881,            String str = (obj == null ? getNullText() : obj.toString());,4,1,0,3,6,0,6,2,0,14,60,6,0.5,0,0
defect4j,lang,org/apache/commons/lang/text/StrBuilder,59,882,            int strLen = str.length();,2,0,0,1,2,0,4,0,0,6,26,7,0.5,0,0
defect4j,lang,org/apache/commons/lang/text/StrBuilder,59,883,            if (strLen >= width) {,4,1,0,1,3,0,0,0,0,5,22,6,0.5,0,0
defect4j,lang,org/apache/commons/lang/text/StrBuilder,59,884,"                str.getChars(0, strLen, buffer, size);",4,0,0,1,2,1,10,2,0,17,38,5,0.5,1,0
defect4j,lang,org/apache/commons/lang/text/StrBuilder,59,108,        if (initialCapacity <= 0) {,2,1,0,1,3,0,0,0,0,3,27,4,0.008,0,0
defect4j,lang,org/apache/commons/lang/text/StrBuilder,59,111,        buffer = new char[initialCapacity];,2,0,1,1,2,0,0,0,0,5,35,4,0.008,0,0
defect4j,lang,org/apache/commons/lang/text/StrBuilder,59,233,        return this;,4,0,0,0,0,1,0,2,0,6,12,1,0.00581,0,0
defect4j,lang,org/apache/commons/lang/text/StrBuilder,60,1672,        char[] thisBuf = buffer;,4,0,0,1,2,0,0,0,0,4,24,5,1.0,0,0
defect4j,lang,org/apache/commons/lang/text/StrBuilder,60,1674,            if (thisBuf[i] == ch) {,2,1,1,2,5,0,0,0,0,7,23,6,1.0,0,0
defect4j,lang,org/apache/commons/lang/text/StrBuilder,60,1675,                return true;,2,0,0,0,0,1,4,4,0,11,12,3,1.0,0,0
defect4j,lang,org/apache/commons/lang/text/StrBuilder,60,1205,            if (index >= 0) {,2,1,0,1,3,0,0,0,0,3,17,6,0.5,0,0
defect4j,lang,org/apache/commons/lang/text/StrBuilder,60,1761,        startIndex = (startIndex < 0 ? 0 : startIndex);,6,1,0,1,2,0,0,0,0,8,47,4,0.11111,0,0
defect4j,lang,org/apache/commons/lang/text/StrBuilder,60,1765,        int strLen = str.length();,2,0,0,1,2,0,4,0,0,6,26,5,0.11111,0,0
defect4j,lang,org/apache/commons/lang/text/StrBuilder,60,1769,        if (strLen == 0) {,4,1,0,1,3,3,2,2,0,13,18,1,0.11111,0,0
defect4j,lang,org/apache/commons/lang/text/StrBuilder,60,1772,        if (strLen > size) {,4,1,0,1,3,0,0,0,0,5,20,4,0.11111,0,0
defect4j,lang,org/apache/commons/lang/text/StrBuilder,60,1775,        char[] thisBuf = buffer;,2,0,0,1,2,3,0,0,0,5,24,2,0.11111,0,0
defect4j,lang,org/apache/commons/lang/text/StrBuilder,60,1778,        for (int i = startIndex; i < len; i++) {,10,1,0,1,3,0,0,0,0,12,40,5,0.11111,0,0
defect4j,lang,org/apache/commons/lang/text/StrBuilder,60,1779,            for (int j = 0; j < strLen; j++) {,8,1,0,1,3,0,0,0,0,10,34,7,0.11111,0,0
defect4j,lang,org/apache/commons/lang/text/StrBuilder,60,1780,                if (str.charAt(j) != thisBuf[i + j]) {,4,2,1,3,7,0,6,0,0,14,38,9,0.11111,0,0
defect4j,lang,org/apache/commons/lang/text/StrBuilder,60,1784,            return i;,2,0,0,0,0,1,0,0,0,2,9,7,0.11111,0,0
defect4j,lang,org/apache/commons/lang/text/StrBuilder,61,1761,        startIndex = (startIndex < 0 ? 0 : startIndex);,6,1,0,1,2,0,0,0,0,8,47,4,0.57143,0,0
defect4j,lang,org/apache/commons/lang/text/StrBuilder,61,1765,        int strLen = str.length();,2,0,0,1,2,0,4,0,0,6,26,5,0.57143,0,0
defect4j,lang,org/apache/commons/lang/text/StrBuilder,61,1766,        if (strLen == 1) {,8,2,0,1,3,0,0,0,0,12,18,4,0.57143,0,0
defect4j,lang,org/apache/commons/lang/text/StrBuilder,61,1769,        if (strLen == 0) {,2,1,0,1,3,0,0,0,0,3,18,4,0.57143,0,0
defect4j,lang,org/apache/commons/lang/text/StrBuilder,61,1772,        if (strLen > size) {,4,1,0,1,3,0,0,0,0,5,20,4,0.57143,0,0
defect4j,lang,org/apache/commons/lang/text/StrBuilder,61,1775,        char[] thisBuf = buffer;,4,0,0,1,2,0,0,0,0,4,24,5,0.57143,0,0
defect4j,lang,org/apache/commons/lang/text/StrBuilder,61,1776,        int len = thisBuf.length - strLen;,8,1,0,0,0,0,0,0,0,9,34,5,0.57143,1,0
defect4j,lang,org/apache/commons/lang/text/StrBuilder,61,1778,        for (int i = startIndex; i < len; i++) {,10,1,0,1,3,0,0,0,0,12,40,5,0.57143,0,0
defect4j,lang,org/apache/commons/lang/text/StrBuilder,61,1779,            for (int j = 0; j < strLen; j++) {,8,1,0,1,3,0,0,0,0,10,34,7,0.57143,0,0
defect4j,lang,org/apache/commons/lang/text/StrBuilder,61,1780,                if (str.charAt(j) != thisBuf[i + j]) {,4,2,1,3,7,0,6,0,0,14,38,9,0.57143,0,0
defect4j,lang,org/apache/commons/lang/text/StrBuilder,61,1781,                    continue outer;,2,0,0,0,0,0,0,0,0,2,15,11,0.57143,0,0
defect4j,lang,org/apache/commons/lang/text/StrBuilder,61,1784,            return i;,2,0,0,0,0,1,0,0,0,2,9,7,0.57143,0,0
defect4j,lang,org/apache/commons/lang/text/StrBuilder,61,1184,        int len = (str == null ? 0 : str.length());,4,1,0,2,4,0,4,0,0,9,43,5,0.5,0,0
defect4j,lang,org/apache/commons/lang/text/StrBuilder,61,1185,        if (len > 0) {,12,2,0,1,3,3,0,4,0,22,14,1,0.5,0,0
defect4j,lang,org/apache/commons/lang/text/StrBuilder,61,1186,"            int index = indexOf(str, 0);",2,0,0,1,2,0,4,0,0,6,28,7,0.5,0,0
defect4j,lang,org/apache/commons/lang/text/StrBuilder,61,1189,"                index = indexOf(str, index);",2,0,0,1,2,0,6,0,0,9,28,8,0.5,0,0
defect4j,lang,org/apache/commons/lang/text/StrBuilder,61,1747,"        return indexOf(str, 0);",4,1,0,1,2,1,8,0,0,14,23,3,0.5,0,0
defect4j,lang,org/apache/commons/lang/text/StrBuilder,61,1114,"        System.arraycopy(buffer, endIndex, buffer, startIndex, size - endIndex);",4,1,0,1,2,0,12,0,0,17,72,5,0.30769,0,0
defect4j,lang,org/apache/commons/lang/Entities,62,840,                    if (entityName.length() == 1) {,0,1,0,2,5,0,4,0,0,5,31,11,0.5,0,0
defect4j,lang,org/apache/commons/lang/Entities,62,843,                        char charAt1 = entityName.charAt(1);,2,0,0,1,2,0,14,0,0,16,36,3,0.5,0,0
defect4j,lang,org/apache/commons/lang/Entities,62,845,                            if (charAt1 == 'x' || charAt1=='X') {,4,3,0,1,3,0,0,0,0,9,37,15,0.5,0,0
defect4j,lang,org/apache/commons/lang/Entities,62,848,                                entityValue = Integer.parseInt(entityName.substring(1));,4,1,0,2,4,0,8,0,0,14,56,3,0.5,0,0
defect4j,lang,org/apache/commons/lang/Entities,62,852,                        },4,1,0,0,1,0,6,0,0,12,1,8,0.5,1,1
defect4j,lang,org/apache/commons/lang/Entities,62,862,                    buf.append((char) (entityValue));,2,0,0,3,6,0,4,0,0,6,33,11,0.25,0,0
defect4j,lang,org/apache/commons/lang/Entities,62,819,        StringBuffer buf = new StringBuffer(str.length());,6,0,0,2,4,0,4,4,0,15,50,1,0.2,0,0
defect4j,lang,org/apache/commons/lang/Entities,62,821,        for (int i = firstAmp; i < str.length(); ++i) {,8,1,0,2,5,0,4,0,0,14,47,4,0.2,0,0
defect4j,lang,org/apache/commons/lang/Entities,62,822,            char ch = str.charAt(i);,2,0,0,1,2,0,6,0,0,8,24,7,0.2,0,0
defect4j,lang,org/apache/commons/lang/Entities,62,823,            if (ch == '&') {,2,1,0,1,3,0,0,0,0,4,16,6,0.2,0,0
defect4j,lang,org/apache/commons/lang/Entities,62,824,"                int semi = str.indexOf(';', i + 1);",4,1,0,1,2,0,4,0,0,10,35,9,0.2,0,0
defect4j,lang,org/apache/commons/lang/Entities,62,825,                if (semi == -1) {,2,1,0,1,3,0,0,0,0,4,17,8,0.2,0,0
defect4j,lang,org/apache/commons/lang/Entities,62,829,"                int amph = str.indexOf('&', i + 1);",8,3,0,1,2,0,4,0,0,17,35,3,0.2,0,0
defect4j,lang,org/apache/commons/lang/Entities,62,830,                if( amph != -1 && amph < semi ) {,6,3,0,1,3,0,0,0,0,10,33,8,0.2,0,0
defect4j,lang,org/apache/commons/lang/Entities,62,835,"                String entityName = str.substring(i + 1, semi);",2,0,0,1,2,0,0,0,0,2,47,4,0.2,0,0
defect4j,lang,org/apache/commons/lang/Entities,62,837,                if (entityName.length() == 0) {,0,1,0,2,5,0,4,0,0,5,31,8,0.2,0,0
defect4j,lang,org/apache/commons/lang/Entities,62,839,                } else if (entityName.charAt(0) == '#') {,0,1,0,2,6,0,4,0,0,6,41,9,0.2,0,0
defect4j,lang,org/apache/commons/lang/Entities,62,857,                if (entityValue == -1) {,2,1,0,1,3,0,4,0,0,10,24,3,0.2,0,0
defect4j,lang,org/apache/commons/lang/time/DurationFormatUtils,63,247,"        return formatPeriod(startMillis, endMillis, format, true, TimeZone.getDefault());",0,0,0,2,4,1,12,0,0,13,81,5,1.0,0,0
defect4j,lang,org/apache/commons/lang/time/DurationFormatUtils,63,331,                months += 12 * years;,6,4,0,0,0,0,8,0,0,21,21,3,1.0,0,0
defect4j,lang,org/apache/commons/lang/time/DurationFormatUtils,63,332,                years = 0;,2,0,0,0,0,0,0,0,0,3,10,8,1.0,0,0
defect4j,lang,org/apache/commons/lang/time/DurationFormatUtils,63,344,            hours += 24 * days;,4,1,0,0,0,0,0,0,0,6,19,6,1.0,0,0
defect4j,lang,org/apache/commons/lang/time/DurationFormatUtils,63,345,            days = 0;,4,0,0,0,0,0,0,0,0,5,9,3,1.0,0,0
defect4j,lang,org/apache/commons/lang/time/DurationFormatUtils,63,348,            minutes += 60 * hours;,4,1,0,0,0,0,0,0,0,6,22,6,1.0,0,0
defect4j,lang,org/apache/commons/lang/time/DurationFormatUtils,63,349,            hours = 0;,4,0,0,0,0,0,4,4,0,13,10,3,1.0,0,0
defect4j,lang,org/apache/commons/lang/time/DurationFormatUtils,63,352,            seconds += 60 * minutes;,4,1,0,0,0,0,0,0,0,6,24,6,1.0,0,0
defect4j,lang,org/apache/commons/lang/time/DurationFormatUtils,63,353,            minutes = 0;,2,0,0,0,0,0,0,0,0,3,12,6,1.0,0,0
defect4j,lang,org/apache/commons/lang/time/DurationFormatUtils,63,357,            seconds = 0;,2,0,0,0,0,0,0,0,0,3,12,6,1.0,0,0
defect4j,lang,org/apache/commons/lang/time/DurationFormatUtils,63,265,        long millis = endMillis - startMillis;,10,1,0,0,0,0,4,4,0,20,38,1,0.5,0,0
defect4j,lang,org/apache/commons/lang/time/DurationFormatUtils,63,266,        if (millis < 28 * DateUtils.MILLIS_PER_DAY) {,0,0,0,1,3,0,0,2,0,2,45,7,0.5,0,0
defect4j,lang,org/apache/commons/lang/time/DurationFormatUtils,63,270,        Token[] tokens = lexx(format);,2,0,0,2,4,0,4,2,0,8,30,4,0.5,0,0
defect4j,lang,org/apache/commons/lang/time/DurationFormatUtils,63,274,        Calendar start = Calendar.getInstance(timezone);,2,0,0,1,2,0,6,2,0,10,48,4,0.5,0,0
defect4j,lang,org/apache/commons/lang/time/DurationFormatUtils,63,275,        start.setTime(new Date(startMillis));,4,0,0,2,4,0,10,2,0,18,37,1,0.5,0,0
defect4j,lang,org/apache/commons/lang/time/DurationFormatUtils,63,276,        Calendar end = Calendar.getInstance(timezone);,2,0,0,1,2,0,6,2,0,10,46,4,0.5,0,0
defect4j,lang,org/apache/commons/lang/time/DurationFormatUtils,63,277,        end.setTime(new Date(endMillis));,2,0,0,2,4,0,4,2,0,8,33,5,0.5,0,0
defect4j,lang,org/apache/commons/lang/time/DurationFormatUtils,63,282,        int minutes = end.get(Calendar.MINUTE) - start.get(Calendar.MINUTE);,14,2,0,2,4,0,8,0,0,24,68,3,0.5,0,0
defect4j,lang,org/apache/commons/lang/time/DurationFormatUtils,63,284,        int days = end.get(Calendar.DAY_OF_MONTH) - start.get(Calendar.DAY_OF_MONTH);,10,1,0,2,4,0,8,0,0,19,77,5,0.5,0,0
defect4j,lang,org/apache/commons/lang/time/DurationFormatUtils,63,285,        int months = end.get(Calendar.MONTH) - start.get(Calendar.MONTH);,10,1,0,2,4,0,8,0,0,19,65,5,0.5,0,0
defect4j,lang,org/apache/commons/lang/time/DurationFormatUtils,63,286,        int years = end.get(Calendar.YEAR) - start.get(Calendar.YEAR);,14,4,0,2,4,0,12,0,0,31,62,3,0.5,0,0
defect4j,lang,org/apache/commons/lang/time/DurationFormatUtils,63,289,        while (milliseconds < 0) {,2,1,0,1,3,0,0,0,0,3,26,4,0.5,0,0
defect4j,lang,org/apache/commons/lang/time/DurationFormatUtils,63,293,        while (seconds < 0) {,2,1,0,1,3,0,0,0,0,3,21,4,0.5,0,0
defect4j,lang,org/apache/commons/lang/time/DurationFormatUtils,63,297,        while (minutes < 0) {,2,1,0,1,3,0,0,0,0,3,21,4,0.5,0,0
defect4j,lang,org/apache/commons/lang/time/DurationFormatUtils,63,301,        while (hours < 0) {,2,1,0,1,3,0,0,0,0,3,19,4,0.5,0,0
defect4j,lang,org/apache/commons/lang/time/DurationFormatUtils,63,314,        while (months < 0) {,2,1,0,1,3,0,0,0,0,3,20,4,0.5,0,0
defect4j,lang,org/apache/commons/lang/time/DurationFormatUtils,63,318,"        milliseconds -= reduceAndCorrect(start, end, Calendar.MILLISECOND, milliseconds);",6,0,0,1,2,0,8,0,0,15,81,4,0.5,1,0
defect4j,lang,org/apache/commons/lang/time/DurationFormatUtils,63,320,"        minutes -= reduceAndCorrect(start, end, Calendar.MINUTE, minutes);",6,0,0,1,2,0,8,0,0,15,66,4,0.5,1,0
defect4j,lang,org/apache/commons/lang/time/DurationFormatUtils,63,321,"        hours -= reduceAndCorrect(start, end, Calendar.HOUR_OF_DAY, hours);",6,0,0,1,2,0,8,0,0,15,67,4,0.5,1,0
defect4j,lang,org/apache/commons/lang/time/DurationFormatUtils,63,322,"        days -= reduceAndCorrect(start, end, Calendar.DAY_OF_MONTH, days);",6,0,0,1,2,0,8,0,0,15,66,4,0.5,1,0
defect4j,lang,org/apache/commons/lang/time/DurationFormatUtils,63,324,"        years -= reduceAndCorrect(start, end, Calendar.YEAR, years);",2,0,1,1,2,0,4,2,0,10,60,3,0.5,1,0
defect4j,lang,org/apache/commons/lang/time/DurationFormatUtils,63,339,"        if (!Token.containsTokenWithValue(tokens, M)) {",2,0,0,2,5,3,16,2,0,25,47,1,0.5,0,0
defect4j,lang,org/apache/commons/lang/time/DurationFormatUtils,63,347,"        if (!Token.containsTokenWithValue(tokens, H)) {",2,0,0,2,5,0,8,0,0,11,47,3,0.5,0,0
defect4j,lang,org/apache/commons/lang/time/DurationFormatUtils,63,351,"        if (!Token.containsTokenWithValue(tokens, m)) {",0,0,0,2,5,0,8,0,0,9,47,4,0.5,0,0
defect4j,lang,org/apache/commons/lang/time/DurationFormatUtils,63,355,"        if (!Token.containsTokenWithValue(tokens, s)) {",2,1,0,2,5,0,8,0,0,12,47,4,0.5,0,0
defect4j,lang,org/apache/commons/lang/time/DurationFormatUtils,63,360,"        return format(tokens, years, months, days, hours, minutes, seconds, milliseconds, padWithZeros);",0,0,0,1,2,1,20,0,0,20,96,5,0.5,0,0
defect4j,lang,org/apache/commons/lang/time/DurationFormatUtils,63,433,"        end.add( field, -1 * difference );",8,1,0,1,2,3,12,4,0,30,34,1,0.5,1,0
defect4j,lang,org/apache/commons/lang/time/DurationFormatUtils,63,434,        int endValue = end.get(field);,4,0,0,1,2,0,10,0,0,14,30,1,0.5,1,0
defect4j,lang,org/apache/commons/lang/time/DurationFormatUtils,63,435,        int startValue = start.get(field);,2,0,0,1,2,3,2,2,0,10,34,2,0.5,1,0
defect4j,lang,org/apache/commons/lang/time/DurationFormatUtils,63,436,        if (endValue < startValue) {,4,1,0,1,3,0,0,0,0,5,28,4,0.5,1,0
defect4j,lang,org/apache/commons/lang/time/DurationFormatUtils,63,441,            return 0;,0,0,0,0,0,1,4,0,0,4,9,7,0.5,1,0
defect4j,lang,org/apache/commons/lang/time/DurationFormatUtils,63,395,"                    buffer.append(padWithZeros ? StringUtils.leftPad(Integer.toString(months), count, '0') : Integer",2,0,0,2,5,0,18,0,0,21,96,12,0.25,0,0
defect4j,lang,org/apache/commons/lang/enums/ValuedEnum,64,183,        return iValue - ((ValuedEnum) other).iValue;,6,1,0,2,4,1,0,2,0,9,44,4,0.25,1,0
defect4j,lang,org/apache/commons/lang/enums/ValuedEnum,64,126,        super(name);,2,0,0,1,2,0,0,0,0,2,12,4,0.05263,0,0
defect4j,lang,org/apache/commons/lang/enums/ValuedEnum,64,127,        iValue = value;,4,0,0,0,0,0,0,0,0,5,15,4,0.05263,0,0
defect4j,lang,org/apache/commons/lang/enums/Enum,64,519,        return getClass();,0,0,0,1,2,1,2,0,0,2,18,5,0.01754,0,0
defect4j,lang,org/apache/commons/lang/time/DateUtils,65,543,        if (date == null) {,2,1,0,1,3,0,0,0,0,3,19,4,1.0,0,0
defect4j,lang,org/apache/commons/lang/time/DateUtils,65,548,"        modify(gval, field, false);",0,0,0,1,2,0,6,0,0,7,27,5,1.0,0,0
defect4j,lang,org/apache/commons/lang/time/DateUtils,65,549,        return gval.getTime();,2,1,0,1,2,1,4,0,0,7,22,3,1.0,0,0
defect4j,lang,org/apache/commons/lang/time/DateUtils,65,620,        if (val.get(Calendar.YEAR) > 280000000) {,4,1,0,2,5,0,4,0,0,9,41,4,0.25,0,0
defect4j,lang,org/apache/commons/lang/time/DateUtils,65,642,        for (int i = 0; i < fields.length; i++) {,10,1,0,1,3,0,0,0,0,12,41,4,0.25,1,1
defect4j,lang,org/apache/commons/lang/time/DateUtils,65,644,                if (fields[i][j] == field) {,2,1,1,3,7,0,0,0,0,9,28,8,0.25,1,1
defect4j,lang,org/apache/commons/lang/time/DateUtils,65,646,                    if (round && roundUp) {,4,1,0,1,3,0,0,0,0,5,23,10,0.25,1,1
defect4j,lang,org/apache/commons/lang/time/DateUtils,65,663,                    return;,0,0,0,0,0,1,4,0,0,5,7,11,0.25,1,1
defect4j,lang,org/apache/commons/lang/time/DateUtils,65,668,            boolean offsetSet = false;,2,0,0,0,0,0,0,0,0,4,26,3,0.25,0,0
defect4j,lang,org/apache/commons/lang/time/DateUtils,65,670,            switch (field) {,2,0,0,1,3,0,0,0,0,2,16,6,0.25,0,0
defect4j,lang,org/apache/commons/lang/time/DateUtils,65,700,            if (!offsetSet) {,10,2,0,1,3,0,4,0,0,17,17,3,0.25,0,0
defect4j,lang,org/apache/commons/lang/time/DateUtils,65,701,                int min = val.getActualMinimum(fields[i][0]);,6,3,1,3,6,0,8,0,0,22,45,3,0.25,0,0
defect4j,lang,org/apache/commons/lang/time/DateUtils,65,704,                offset = val.get(fields[i][0]) - min;,4,1,1,3,6,0,4,0,0,14,37,8,0.25,0,0
defect4j,lang,org/apache/commons/lang/time/DateUtils,65,709,"                val.set(fields[i][0], val.get(fields[i][0]) - offset);",2,1,1,6,12,0,8,0,0,19,54,7,0.25,1,0
defect4j,lang,org/apache/commons/lang/time/DateUtils,65,44,"    public static final TimeZone UTC_TIME_ZONE = TimeZone.getTimeZone(""GMT"");",4,3,0,1,2,3,8,2,0,21,73,1,0.05,0,0
defect4j,lang,org/apache/commons/lang/time/DateUtils,65,72,    private static final int[][] fields = {,4,0,0,2,5,3,10,0,0,18,39,1,0.05,1,1
defect4j,lang,org/apache/commons/lang3/math/NumberUtils,1,467,            final int hexDigits = str.length() - pfxLen;,6,2,0,1,2,1,4,0,0,13,44,4,0.33333,1,0,-1
defect4j,lang,org/apache/commons/lang3/math/NumberUtils,1,468,            if (hexDigits > 16) { // too many for Long,2,1,0,1,3,0,0,0,0,3,42,6,0.33333,1,0,-1
defect4j,lang,org/apache/commons/lang3/math/NumberUtils,1,471,            if (hexDigits > 8) { // too many for an int,4,2,0,1,3,0,0,0,0,6,43,4,0.33333,1,0,-1
defect4j,lang,org/apache/commons/lang3/math/NumberUtils,3,625,            if (str.charAt(i) != '0') {,0,1,0,2,5,0,6,0,0,8,27,6,0.16667,1,1,-1
defect4j,lang,org/apache/commons/lang3/text/translate/LookupTranslator,4,77,            final CharSequence result = lookupMap.get(subSeq);,2,0,0,1,2,1,6,2,0,11,50,6,0.04167,1,0,-1
defect4j,lang,org/apache/commons/lang3/text/translate/LookupTranslator,4,46,"        lookupMap = new HashMap<CharSequence, CharSequence>();",6,0,0,1,2,0,0,6,0,15,54,3,0.03333,1,0,-1
defect4j,lang,org/apache/commons/lang3/text/translate/LookupTranslator,4,51,"                this.lookupMap.put(seq[0], seq[1]);",2,0,1,3,6,0,2,0,0,8,35,9,0.03333,1,0,-1
defect4j,lang,org/apache/commons/lang3/text/translate/CharSequenceTranslator,6,95,"                pos += Character.charCount(Character.codePointAt(input, pos));",2,0,0,2,4,0,12,0,0,15,62,8,0.03333,1,0,-1
defect4j,lang,org/apache/commons/lang3/math/NumberUtils,7,452,"        if (str.startsWith(""--"")) {",2,0,0,2,5,0,4,0,0,7,27,4,0.5,1,0,-1
defect4j,lang,org/apache/commons/lang3/math/NumberUtils,7,725,        return new BigDecimal(str);,2,0,0,1,2,1,0,2,0,4,27,5,0.5,1,1,-1
defect4j,lang,org/apache/commons/lang3/time/FastDateParser,9,180,        return parsePattern;,2,0,0,0,0,1,0,0,0,2,20,4,1.0,1,1,-1
defect4j,lang,org/apache/commons/lang3/time/FastDateParser,10,309,                    wasWhite= true;,2,0,0,0,0,0,0,0,0,4,15,10,0.05263,1,0,-1
defect4j,lang,org/apache/commons/lang3/time/FastDateParser,10,314,            wasWhite= false;,2,0,0,0,0,0,0,0,0,4,16,6,0.0381,1,0,-1
defect4j,lang,org/apache/commons/lang3/time/FastDateParser,10,304,        boolean wasWhite= false;,2,0,0,0,0,0,0,0,0,3,24,5,0.03738,1,0,-1
defect4j,lang,org/apache/commons/lang3/RandomStringUtils,11,253,                ch = (char) (random.nextInt(gap) + start);,4,1,0,3,6,0,6,0,0,12,42,8,0.5,1,1,-1
defect4j,lang,org/apache/commons/lang3/RandomStringUtils,12,248,                ch = chars[random.nextInt(gap) + start];,4,1,1,2,4,0,6,0,0,14,40,8,4.0,1,1,-1
defect4j,lang,org/apache/commons/lang3/RandomStringUtils,12,232,                if (!letters && !numbers) {,4,1,0,1,3,0,0,0,0,7,27,6,2.0,1,0,-1
defect4j,lang,org/apache/commons/lang3/RandomStringUtils,12,240,        char[] buffer = new char[count];,2,0,1,2,4,0,0,0,0,4,32,5,2.0,1,1,-1
defect4j,lang,org/apache/commons/lang3/SerializationUtils,13,83,        ByteArrayInputStream bais = new ByteArrayInputStream(objectData);,4,0,0,1,2,0,0,4,0,8,65,4,0.2,1,1,-1
defect4j,lang,org/apache/commons/lang3/SerializationUtils,13,85,        ClassLoaderAwareObjectInputStream in = null;,2,0,0,0,0,0,0,2,0,4,44,4,0.2,1,1,-1
defect4j,lang,org/apache/commons/lang3/SerializationUtils,13,88,"            in = new ClassLoaderAwareObjectInputStream(bais, object.getClass().getClassLoader());",4,0,0,3,6,0,6,2,0,13,85,6,0.2,1,1,-1
defect4j,lang,org/apache/commons/lang3/SerializationUtils,13,95,            T readObject = (T) in.readObject();,4,0,0,2,4,0,0,0,0,5,35,5,0.2,1,1,-1
defect4j,lang,org/apache/commons/lang3/reflect/TypeUtils,15,675,        if (cls.getTypeParameters().length > 0 || toClass.equals(cls)) {,6,2,0,3,7,0,10,0,0,18,64,1,1.33333,1,0,-1
defect4j,lang,org/apache/commons/lang3/reflect/TypeUtils,15,219,"        for (Map.Entry<TypeVariable<?>, Type> entry : toTypeVarAssigns.entrySet()) {",6,0,0,2,5,0,4,4,0,14,76,4,0.33333,1,0,-1
defect4j,lang,org/apache/commons/lang3/reflect/TypeUtils,15,220,            Type toTypeArg = entry.getValue();,4,1,0,1,2,0,8,2,0,15,34,3,0.33333,1,0,-1
defect4j,lang,org/apache/commons/lang3/reflect/TypeUtils,15,221,            Type fromTypeArg = fromTypeVarAssigns.get(entry.getKey());,2,0,0,2,4,0,8,2,0,12,58,6,0.33333,1,0,-1
defect4j,lang,org/apache/commons/lang3/text/translate/CharSequenceTranslator,17,89,            },0,0,0,0,1,0,0,0,0,1,1,6,0.04348,1,0,-1
defect4j,lang,org/apache/commons/lang3/text/translate/CharSequenceTranslator,17,83,"        int len = Character.codePointCount(input, 0, input.length());",2,0,0,2,4,0,10,0,0,12,61,5,0.0303,1,0,-1
defect4j,lang,org/apache/commons/lang3/text/translate/CharSequenceTranslator,17,94,                    if (pos < len - 2) {,4,2,0,1,3,0,0,0,0,6,20,10,0.0,1,0,-1
defect4j,lang,org/apache/commons/lang3/text/translate/CharSequenceTranslator,17,97,                        pos++;,2,0,0,0,0,0,0,0,0,3,6,12,0.0,1,0,-1
defect4j,lang,org/apache/commons/lang3/text/translate/CharSequenceTranslator,17,100,                pos--;,2,0,0,0,0,0,0,0,0,3,6,8,0.0,1,0,-1
defect4j,lang,org/apache/commons/lang3/time/FastDateFormat,18,496,"                    rule = selectNumberRule(Calendar.YEAR, tokenLen);",6,0,0,1,2,0,4,2,0,14,49,3,0.02222,1,0,-1
defect4j,lang,org/apache/commons/lang3/time/FastDateFormat,18,495,                if (tokenLen >= 4) {,6,0,0,1,3,0,10,2,0,18,20,3,0.02174,1,0,-1
defect4j,lang,org/apache/commons/lang3/text/translate/NumericEntityUnescaper,19,40,        if(input.charAt(index) == '&' && index < seqEnd - 1 && input.charAt(index + 1) == '#') {,6,7,0,3,7,0,10,0,0,25,88,4,0.44444,1,0,-1
defect4j,lang,org/apache/commons/lang3/text/translate/NumericEntityUnescaper,19,54,            while(input.charAt(end) != ';') ,4,1,0,2,4,0,6,0,0,13,31,3,0.2,1,0,-1
defect4j,lang,org/apache/commons/lang3/StringUtils,20,3383,        StringBuilder buf = new StringBuilder((array[startIndex] == null ? 16 : array[startIndex].toString().length()) + separator.length());,8,2,1,7,14,0,8,6,0,33,133,1,0.25,1,0,-1
defect4j,lang,org/apache/commons/lang3/math/Fraction,22,591,        if (u>0) { u=-u; } // make u negative,8,2,0,2,4,0,0,0,0,12,37,4,0.57143,1,1,-1
defect4j,lang,org/apache/commons/lang3/math/Fraction,22,584,        if (Math.abs(u) <= 1 || Math.abs(v) <= 1) {,0,3,0,3,7,0,12,0,0,15,43,4,0.5,1,0,-1
defect4j,lang,org/apache/commons/lang3/text/ExtendedMessageFormat,23,277,        if (registry != null) {,2,0,0,1,3,0,0,0,0,3,23,8,0.25,1,1,-1
defect4j,lang,org/apache/commons/lang3/text/ExtendedMessageFormat,23,278,            String name = desc;,4,0,0,0,0,0,0,2,0,6,19,6,0.25,1,1,-1
defect4j,lang,org/apache/commons/lang3/text/ExtendedMessageFormat,23,91,"        this(pattern, Locale.getDefault());",2,0,0,2,4,0,4,0,0,6,35,4,0.0,1,1,-1
defect4j,lang,org/apache/commons/lang3/time/FastDateFormat,26,820,        Calendar c = new GregorianCalendar(mTimeZone);,4,0,0,1,2,0,0,4,0,8,46,4,0.03333,1,0,-1
defect4j,lang,org/apache/commons/lang3/text/translate/NumericEntityUnescaper,28,64,            return 2 + (end - start) + (isHex ? 1 : 0) + 1;,6,2,0,2,4,1,0,0,0,8,47,6,0.5,1,0,-1
defect4j,lang,org/apache/commons/lang3/StringUtils,30,1674,        if (cs == null || searchChars == null) {,4,3,0,1,3,0,0,0,0,7,40,4,1.6,1,1,-1
defect4j,lang,org/apache/commons/lang3/StringUtils,30,1677,        int csLen = cs.length();,2,1,0,1,2,0,0,0,0,3,24,5,1.6,1,1,-1
defect4j,lang,org/apache/commons/lang3/StringUtils,30,1678,        int searchLen = searchChars.length;,6,0,0,0,0,0,0,0,0,6,35,5,1.6,1,1,-1
defect4j,lang,org/apache/commons/lang3/StringUtils,30,1681,            for (int j = 0; j < searchLen; j++) {,8,1,0,1,3,0,0,0,0,10,37,6,1.6,1,1,-1
defect4j,lang,org/apache/commons/lang3/StringUtils,30,1682,                if (searchChars[j] == ch) {,2,1,1,2,5,0,0,0,0,7,27,8,1.6,1,1,-1
defect4j,lang,org/apache/commons/lang3/StringUtils,30,1685,                        return false;,4,0,0,0,0,1,10,0,0,15,13,3,1.6,1,1,-1
defect4j,lang,org/apache/commons/lang3/StringUtils,30,1715,        if (cs == null || invalidChars == null) {,2,0,0,1,3,0,0,0,0,2,41,4,0.44444,1,1,-1
defect4j,lang,org/apache/commons/lang3/StringUtils,30,194,        return cs == null || cs.length() == 0;,2,3,0,1,2,1,4,0,0,9,38,4,0.37113,1,1,-1
defect4j,lang,org/apache/commons/lang3/StringUtils,30,1455,                    if (i < csLast && j < searchLast && ch >= Character.MIN_HIGH_SURROGATE && ch <= Character.MAX_HIGH_SURROGATE) {,2,1,0,1,3,0,0,0,0,3,111,4,0.28571,1,0,-1
defect4j,lang,org/apache/commons/lang3/StringUtils,30,1576,            if (searchChars.indexOf(ch) < 0) {,4,2,0,2,5,0,10,0,0,16,34,3,0.1,1,0,-1
defect4j,lang,org/apache/commons/lang3/StringUtils,30,171,    },2,0,0,0,1,0,0,0,0,3,1,7,0.0,1,1,-1
defect4j,lang,org/apache/commons/lang3/StringUtils,30,212,        return !StringUtils.isEmpty(cs);,2,1,0,1,2,1,0,0,0,3,32,4,0.0,1,1,-1
defect4j,lang,org/apache/commons/lang3/StringUtils,31,1490,"        return containsAny(cs, searchChars.toCharArray());",4,0,0,2,4,1,14,4,0,22,50,1,0.5,1,1,-1
defect4j,lang,org/apache/commons/lang3/builder/HashCodeBuilder,32,152,        return getRegistry().contains(new IDKey(value));,2,0,0,3,6,1,4,2,0,8,48,5,0.14286,1,0,-1
defect4j,lang,org/apache/commons/lang3/builder/HashCodeBuilder,32,522,        getRegistry().add(new IDKey(value));,6,0,0,3,6,0,8,4,0,18,36,1,0.14286,1,0,-1
defect4j,lang,org/apache/commons/lang3/builder/HashCodeBuilder,32,538,        getRegistry().remove(new IDKey(value));,2,0,0,3,6,0,4,2,0,8,39,5,0.14286,1,0,-1
defect4j,lang,org/apache/commons/lang3/builder/HashCodeBuilder,32,104,    private static final ThreadLocal<Set<IDKey>> REGISTRY = new ThreadLocal<Set<IDKey>>() {,2,0,0,1,3,3,0,12,0,17,87,2,0.02273,1,0,-1
defect4j,lang,org/apache/commons/lang3/ClassUtils,33,910,            classes[i] = array[i].getClass();,4,0,1,3,6,0,2,2,0,17,33,1,0.0,1,0,-1
defect4j,lang,org/apache/commons/lang3/ArrayUtils,35,3295,            type = Object.class;,2,0,0,0,0,0,0,2,0,5,20,7,0.0,1,0,-1
defect4j,lang,org/apache/commons/lang3/ArrayUtils,35,3574,            return (T[]) new Object[] { null };,0,0,0,4,8,1,0,4,0,4,35,8,0.0,1,0,-1
defect4j,lang,org/apache/commons/lang3/time/FastDateFormat,38,875,"        return applyRules(calendar, buf);",0,0,0,1,2,1,14,0,0,14,33,1,0.0303,1,1,-1
defect4j,lang,org/apache/commons/lang3/StringUtils,39,3676,            int greater = replacementList[i].length() - searchList[i].length();,4,1,1,4,8,0,8,0,0,22,67,3,1.0,1,0,-1
defect4j,lang,org/apache/commons/lang/ClassUtils,41,230,            return StringUtils.EMPTY;,4,1,0,0,0,4,0,4,0,12,25,1,1.0,1,1,-1
defect4j,lang,org/apache/commons/lang/ClassUtils,41,201,"            out = out.replace(INNER_CLASS_SEPARATOR_CHAR, PACKAGE_SEPARATOR_CHAR);",2,0,0,1,2,0,8,0,0,11,70,6,0.16667,1,1,-1
defect4j,lang,org/apache/commons/lang/ClassUtils,41,245,        if (className == null) {,2,1,0,1,3,0,0,0,0,3,24,4,0.16667,1,0,-1
defect4j,lang,org/apache/commons/lang/ClassUtils,41,253,        if (i == -1) {,2,1,0,1,3,0,0,0,0,4,14,4,0.16667,1,1,-1
defect4j,lang,org/apache/commons/lang/ClassUtils,41,203,        return out;,2,0,0,0,0,1,0,0,0,2,11,4,0.03333,1,0,-1
defect4j,lang,org/apache/commons/lang/text/ExtendedMessageFormat,43,90,"        this(pattern, Locale.getDefault());",6,3,0,2,4,0,4,0,0,13,35,3,0.0,1,1,-1
defect4j,lang,org/apache/commons/lang/WordUtils,45,618,        if (upper == -1 || upper > str.length()) {,4,3,0,2,5,0,4,0,0,12,42,4,0.0,1,1,-1
defect4j,lang,org/apache/commons/lang/StringEscapeUtils,46,244,                            out.write('\\');,6,1,0,1,2,0,4,0,0,12,16,3,1.0,1,0,-1
defect4j,lang,org/apache/commons/lang/StringEscapeUtils,46,245,                        out.write('/');,2,0,1,1,2,0,14,2,0,23,15,3,1.0,1,0,-1
defect4j,lang,org/apache/commons/lang/StringEscapeUtils,46,86,"        return escapeJavaStyleString(str, false);",2,0,0,1,2,4,8,2,0,17,41,1,0.33333,1,0,-1
defect4j,lang,org/apache/commons/lang/StringEscapeUtils,46,127,"        return escapeJavaStyleString(str, true);",10,0,0,1,2,1,10,0,0,22,40,1,0.0,1,0,-1
defect4j,lang,org/apache/commons/lang/text/StrBuilder,47,158,        return nullText;,2,0,0,0,0,1,0,0,0,2,16,4,1.33333,1,1,-1
defect4j,lang,org/apache/commons/lang/text/StrBuilder,47,1230,            int strLen = str.length();,2,0,0,1,2,0,4,0,0,6,26,7,0.25,1,0,-1
defect4j,lang,org/apache/commons/lang/builder/EqualsBuilder,48,381,                isEquals = lhs.equals(rhs);,4,0,0,1,2,0,6,2,0,13,27,4,0.05263,1,1,-1
defect4j,lang,org/apache/commons/lang/time/FastDateFormat,50,772,            return new UnpaddedNumberField(field);,2,0,0,1,2,1,0,2,0,4,38,6,1.33333,1,1,-1
defect4j,lang,org/apache/commons/lang/time/FastDateFormat,50,954,        return mLocale;,4,0,0,0,0,1,4,0,0,9,15,3,1.33333,1,1,-1
defect4j,lang,org/apache/commons/lang/time/FastDateFormat,50,465,        if (locale != null) {,2,1,0,1,3,0,0,0,0,3,21,4,1.0,1,0,-1
defect4j,lang,org/apache/commons/lang/time/FastDateFormat,50,471,            if (locale == null) {,4,1,0,1,3,2,4,2,0,13,21,2,1.0,1,0,-1
defect4j,lang,org/apache/commons/lang/time/FastDateFormat,50,286,"            key = new Pair(key, locale);",6,0,0,1,2,0,0,2,0,9,28,6,0.5,1,0,-1
defect4j,lang,org/apache/commons/lang/BooleanUtils,51,87,        if (bool == null) {,2,1,0,1,3,0,0,0,0,3,19,4,0.0,1,1,-1
defect4j,lang,org/apache/commons/lang/StringEscapeUtils,52,237,                        out.write(ch);,4,0,0,1,2,0,0,0,0,6,14,12,0.33333,1,1,-1
defect4j,lang,org/apache/commons/lang/time/DateUtils,53,676,                        if (field == DateUtils.SEMI_MONTH) {,6,1,0,1,3,0,0,0,0,7,36,12,1.0,1,1,-1
defect4j,lang,org/apache/commons/lang/LocaleUtils,54,116,"                throw new IllegalArgumentException(""Invalid locale format: "" + str);",2,1,0,1,2,0,0,2,0,6,68,9,1.0,1,1,-1
defect4j,lang,org/apache/commons/lang/time/StopWatch,55,179,        stopTime = System.currentTimeMillis();,2,0,0,1,2,0,4,0,0,7,38,4,1.0,1,1,-1
defect4j,lang,org/apache/commons/lang/time/StopWatch,55,180,        this.runningState = STATE_SUSPENDED;,4,0,0,0,0,0,0,0,0,5,36,4,1.0,1,1,-1
defect4j,lang,org/apache/commons/lang/time/FastDateFormat,56,631,"                rule = selectNumberRule(Calendar.DAY_OF_MONTH, tokenLen);",6,0,0,1,2,0,4,0,0,11,57,7,0.07692,1,1,-1
defect4j,lang,org/apache/commons/lang/text/StrBuilder,59,884,"                str.getChars(0, strLen, buffer, size);",4,0,0,1,2,1,10,2,0,17,38,5,0.5,1,0,-1
defect4j,lang,org/apache/commons/lang/text/StrBuilder,60,1730,        for (int i = startIndex; i < thisBuf.length; i++) {,12,1,0,1,3,0,0,0,0,14,51,4,0.0,1,0,-1
defect4j,lang,org/apache/commons/lang/text/StrBuilder,61,1776,        int len = thisBuf.length - strLen;,8,1,0,0,0,0,0,0,0,9,34,5,0.57143,1,0,-1
defect4j,lang,org/apache/commons/lang/Entities,62,852,                        },4,1,0,0,1,0,6,0,0,12,1,8,0.5,1,1,-1
defect4j,lang,org/apache/commons/lang/Entities,62,922,"                                        entityValue = Integer.parseInt(entityContent.substring(1), 10);",2,0,0,2,4,0,8,0,0,11,63,18,0.0,1,1,-1
defect4j,lang,org/apache/commons/lang/Entities,62,926,                            },4,3,0,0,1,0,6,0,0,15,1,4,0.0,1,1,-1
defect4j,lang,org/apache/commons/lang/time/DurationFormatUtils,63,318,"        milliseconds -= reduceAndCorrect(start, end, Calendar.MILLISECOND, milliseconds);",6,0,0,1,2,0,8,0,0,15,81,4,0.5,1,0,-1
defect4j,lang,org/apache/commons/lang/time/DurationFormatUtils,63,320,"        minutes -= reduceAndCorrect(start, end, Calendar.MINUTE, minutes);",6,0,0,1,2,0,8,0,0,15,66,4,0.5,1,0,-1
defect4j,lang,org/apache/commons/lang/time/DurationFormatUtils,63,321,"        hours -= reduceAndCorrect(start, end, Calendar.HOUR_OF_DAY, hours);",6,0,0,1,2,0,8,0,0,15,67,4,0.5,1,0,-1
defect4j,lang,org/apache/commons/lang/time/DurationFormatUtils,63,322,"        days -= reduceAndCorrect(start, end, Calendar.DAY_OF_MONTH, days);",6,0,0,1,2,0,8,0,0,15,66,4,0.5,1,0,-1
defect4j,lang,org/apache/commons/lang/time/DurationFormatUtils,63,324,"        years -= reduceAndCorrect(start, end, Calendar.YEAR, years);",2,0,1,1,2,0,4,2,0,10,60,3,0.5,1,0,-1
defect4j,lang,org/apache/commons/lang/time/DurationFormatUtils,63,433,"        end.add( field, -1 * difference );",8,1,0,1,2,3,12,4,0,30,34,1,0.5,1,0,-1
defect4j,lang,org/apache/commons/lang/time/DurationFormatUtils,63,434,        int endValue = end.get(field);,4,0,0,1,2,0,10,0,0,14,30,1,0.5,1,0,-1
defect4j,lang,org/apache/commons/lang/time/DurationFormatUtils,63,435,        int startValue = start.get(field);,2,0,0,1,2,3,2,2,0,10,34,2,0.5,1,0,-1
defect4j,lang,org/apache/commons/lang/time/DurationFormatUtils,63,436,        if (endValue < startValue) {,4,1,0,1,3,0,0,0,0,5,28,4,0.5,1,0,-1
defect4j,lang,org/apache/commons/lang/time/DurationFormatUtils,63,306,            days += 31;,2,0,0,0,0,0,0,0,0,3,11,6,0.0,1,0,-1
defect4j,lang,org/apache/commons/lang/time/DurationFormatUtils,63,439,            return newdiff;,2,0,0,0,0,1,0,0,0,2,15,6,0.0,1,0,-1
defect4j,lang,org/apache/commons/lang/enums/ValuedEnum,64,183,        return iValue - ((ValuedEnum) other).iValue;,6,1,0,2,4,1,0,2,0,9,44,4,0.25,1,0,-1
defect4j,lang,org/apache/commons/lang/enums/ValuedEnum,64,204,        if (iToString == null) {,2,1,0,1,3,0,0,0,0,3,24,4,0.0,1,1,-1
defect4j,lang,org/apache/commons/lang/enums/ValuedEnum,64,205,            String shortName = ClassUtils.getShortClassName(getEnumClass());,2,0,0,2,4,0,6,2,0,10,64,6,0.0,1,1,-1
defect4j,lang,org/apache/commons/lang/enums/ValuedEnum,64,206,"            iToString = shortName + ""["" + getName() + ""="" + getValue() + ""]"";",6,1,0,3,6,0,4,2,0,17,65,3,0.0,1,1,-1
defect4j,lang,org/apache/commons/lang/enums/ValuedEnum,64,208,        return iToString;,10,3,0,0,0,1,4,0,0,17,17,3,0.0,1,1,-1
defect4j,lang,org/apache/commons/lang/time/DateUtils,65,642,        for (int i = 0; i < fields.length; i++) {,10,1,0,1,3,0,0,0,0,12,41,4,0.25,1,1,-1
defect4j,lang,org/apache/commons/lang/time/DateUtils,65,644,                if (fields[i][j] == field) {,2,1,1,3,7,0,0,0,0,9,28,8,0.25,1,1,-1
defect4j,lang,org/apache/commons/lang/time/DateUtils,65,646,                    if (round && roundUp) {,4,1,0,1,3,0,0,0,0,5,23,10,0.25,1,1,-1
defect4j,lang,org/apache/commons/lang/time/DateUtils,65,709,"                val.set(fields[i][0], val.get(fields[i][0]) - offset);",2,1,1,6,12,0,8,0,0,19,54,7,0.25,1,0,-1
defect4j,lang,org/apache/commons/lang/time/DateUtils,65,72,    private static final int[][] fields = {,4,0,0,2,5,3,10,0,0,18,39,1,0.05,1,1,-1
